508.200475 403.854520
586.456784 399.232723
670.340479 394.605399
760.476138 389.662826
857.226006 384.637760
961.287628 379.474603
1073.111661 374.186687
529.345783 497.754699
606.858033 496.527102
689.707998 495.283219
778.606970 494.096563
873.953912 492.793611
976.352980 491.616042
1086.080684 490.605444
550.031391 588.436170
626.702075 590.130130
708.590683 592.064853
796.189491 594.128384
890.076856 596.474240
990.607910 598.911482
1098.176187 601.695313
570.163102 675.577130
645.950503 680.074971
726.775458 684.970867
813.154462 690.220914
905.520321 695.672006
1004.213371 701.451489
1109.523747 707.563690
589.680501 759.522176
664.667929 766.551500
744.526204 774.051575
829.560482 781.932313
920.257080 790.276561
1017.036851 799.033006
1120.190115 808.247680
608.591904 840.227473
682.645036 849.534064
761.400507 859.374763
845.162356 869.695477
934.309803 880.582024
1029.225815 891.979775
1130.143935 904.028244
626.942638 917.733287
700.056474 929.045728
777.645867 940.967844
860.115051 953.521337
947.757561 966.699942
1040.782155 980.458185
1139.595130 994.946124
635.193873 165.745314
708.626788 155.092058
786.518993 144.122020
869.312542 132.785310
957.221029 121.026129
1050.730468 108.920976
1149.887092 96.535302
616.843958 243.318455
691.166703 234.818613
770.172009 225.902599
854.254361 216.790803
943.874308 207.311250
1039.175970 197.607632
1140.572388 187.681758
597.820459 324.443791
673.100527 318.124104
753.189860 311.683066
838.658630 304.944272
929.795627 298.079865
1026.953613 290.986642
1130.514698 283.856514
578.365946 408.911339
654.400086 405.124817
735.526528 401.356018
822.275048 397.379565
914.992335 393.402584
1014.065255 389.385960
1119.846794 385.277656
558.283902 497.020080
635.204974 496.020554
717.245089 495.226325
805.350696 494.293569
899.474054 493.533857
1000.416908 492.774266
1108.268098 492.247977
537.610362 588.726465
615.232640 590.784006
698.524207 593.172917
787.641446 595.656020
883.281542 598.519810
985.943136 601.497971
1095.978935 604.733336
516.396886 683.940951
594.945797 689.367814
679.149534 695.150672
769.469094 701.470226
866.437571 708.179720
970.800869 715.230846
1082.723493 722.776291
916.076827 308.272133
1025.908919 315.949825
1128.389926 323.320861
1223.986425 330.601693
1313.290465 337.619024
1396.670410 344.291144
1474.553463 350.809614
906.515001 427.260283
1015.126796 430.763826
1116.613486 434.404983
1211.348612 437.896826
1299.867722 441.385601
1382.660799 444.684968
1460.030835 447.941081
897.339183 542.906676
1004.515549 542.752858
1104.859222 542.568183
1198.677263 542.598578
1286.433251 542.665713
1368.592085 542.684050
1445.487634 542.959940
888.362344 655.035035
994.201441 651.251405
1093.250719 647.691791
1186.085729 644.390419
1273.012298 641.244549
1354.463364 638.288214
1430.880702 635.657689
879.804500 763.331692
984.039728 756.264667
1081.858058 749.521173
1173.521606 743.213587
1259.706482 737.085534
1340.406328 731.386693
1416.274415 725.931263
871.533358 867.765161
974.208097 857.725291
1070.617073 848.095323
1161.288442 838.896246
1246.488681 830.018888
1326.560147 821.656239
1401.814632 813.756355
863.562220 968.477291
964.533830 955.531506
1059.740255 943.164422
1149.222364 931.432138
1233.517015 920.058960
1312.772029 909.240978
1387.430263 898.970130
858.070903 93.580160
955.944590 106.367931
1048.240625 118.641335
1135.296225 130.774205
1217.382344 142.467533
1294.843465 153.728038
1367.893466 164.715308
868.324402 184.363018
968.292688 194.763756
1062.513422 204.932494
1151.157926 214.885435
1234.612023 224.549689
1313.061865 233.845495
1387.021625 242.775837
878.990275 280.226779
981.189498 288.121044
1077.260142 295.794552
1167.592916 303.371869
1252.327866 310.668400
1331.935034 317.622874
1406.814825 324.472800
890.201472 381.585155
994.724589 386.480832
1092.694677 391.348548
1184.476910 396.111651
1270.511611 400.811057
1351.231463 405.327586
1427.049228 409.794090
902.146174 488.460560
1008.759644 490.093006
1108.474523 491.821733
1201.849370 493.607726
1289.304471 495.298161
1371.077493 497.087951
1447.682023 498.809554
914.689051 601.034364
1023.403772 599.104283
1125.043973 597.345064
1219.895743 595.672447
1308.544199 594.164885
1391.427752 592.816179
1468.873803 591.613516
927.793834 719.401258
1038.573804 713.387493
1142.047953 707.671964
1238.416465 702.401471
1328.303034 697.303453
1412.101969 692.590896
1490.375595 688.197615
689.370060 77.127150
795.993254 79.541337
901.517393 82.370323
1005.807895 85.740939
1108.607176 89.508184
1209.679926 93.706793
1308.771179 98.304253
685.784718 172.497345
794.446961 174.407015
902.086354 176.716689
1008.391200 179.516601
1113.152164 182.715446
1216.027688 186.256750
1316.889469 190.141196
682.124041 271.999096
792.882230 273.397362
902.575336 275.193247
1011.006836 277.373957
1117.682848 279.900558
1222.411979 282.666508
1325.033045 285.821621
678.486613 375.656920
791.334731 376.497340
903.132658 377.708809
1013.523057 379.181792
1122.138448 381.023811
1228.709401 383.041348
1333.119774 385.298867
675.015749 483.500361
789.872464 483.849812
903.586383 484.479128
1016.017925 485.244944
1126.596474 486.204549
1234.975365 487.316894
1341.011027 488.604693
671.659580 595.453596
788.386655 595.307575
904.245054 595.296722
1018.543134 595.292331
1130.934279 595.354028
1241.178324 595.429482
1348.885065 595.663360
668.390289 711.411439
787.145430 710.629687
904.858603 709.844003
1021.034808 709.099740
1135.206682 708.199767
1247.073784 707.223231
1356.442084 706.267994
589.928904 379.888996
698.849185 377.798985
810.626618 375.956541
925.305034 374.349900
1042.387159 373.102018
1161.575481 372.163185
1282.475165 371.491018
598.267291 489.384226
705.542582 488.758054
815.657445 488.344437
928.521686 488.074779
1043.719326 487.886562
1161.024671 487.923833
1279.824521 488.205956
606.687363 595.695188
712.338853 596.392407
820.663388 597.205331
931.646684 598.131035
1044.929261 599.039809
1160.146878 600.014504
1276.934315 601.155346
615.116773 698.474045
719.087749 700.420225
825.535330 702.482574
934.635746 704.525119
1045.900184 706.419353
1159.017775 708.313099
1273.691971 710.207275
623.423916 797.877417
725.747687 800.901647
830.488900 803.985025
937.532041 806.962239
1046.732960 809.857771
1157.703708 812.671957
1270.240415 815.308896
631.596789 893.797696
732.190216 897.820121
835.097299 901.820290
940.253796 905.707691
1047.406184 909.435765
1156.329194 913.038374
1266.665136 916.456366
639.705902 986.186169
738.511786 991.073134
839.615441 995.899219
942.858853 1000.639060
1048.022437 1005.150638
1154.775427 1009.437413
1263.005212 1013.596747
305.756469 380.189287
432.864335 383.927618
553.365855 387.651742
667.376436 391.525242
775.200808 395.380017
877.072946 399.168802
973.276225 403.009511
306.536200 494.736903
430.653786 495.161246
548.552961 495.845941
660.219906 496.550682
765.921534 497.408638
866.003777 498.235033
960.569079 499.234763
307.925039 604.048305
429.008444 601.616735
544.241695 599.246060
653.628910 597.178120
757.222926 595.232063
855.405376 593.391167
948.384963 591.816934
309.589300 708.275897
427.893986 703.095172
540.402698 698.138277
647.485033 693.499862
748.971080 689.025501
845.259656 684.734582
936.589649 680.764764
311.687448 807.470592
427.040055 799.885227
537.111662 792.512122
641.715633 785.512227
741.275219 778.736993
835.609435 772.331003
925.292902 766.060143
313.998415 901.827486
426.593905 892.119363
533.976141 882.655141
636.447038 873.482315
733.857891 864.541305
826.488987 856.013432
914.469410 847.843869
316.720545 991.540193
426.386062 979.841302
531.342504 968.439731
631.438310 957.377366
726.878985 946.574540
817.649777 936.176091
904.097125 926.178916
319.366956 166.229240
435.611922 175.442013
546.322294 184.464167
651.679217 193.621602
751.848294 202.583819
846.864025 211.366847
937.003527 220.036449
316.507304 272.246111
434.037178 278.732479
546.029610 285.260774
652.438059 291.781650
753.517485 298.263214
849.330568 304.583000
940.259076 310.860064
314.111926 380.807211
432.837052 384.576527
545.914280 388.353684
653.396274 392.248821
755.286742 396.041872
851.918234 399.780706
943.563224 403.629362
312.152665 491.909154
432.133627 492.647989
546.216884 493.578021
654.512001 494.623173
757.171250 495.744725
854.559314 496.851292
946.854075 498.176084
310.847367 605.051065
431.761912 602.794995
546.702084 600.762127
655.860095 598.920202
759.324087 597.192163
857.302121 595.684321
950.143157 594.256463
310.017670 720.150604
431.805975 714.839223
547.639108 709.738188
657.600210 704.870639
761.645025 700.229821
860.209011 695.873465
953.506851 691.699491
309.813024 836.933294
432.315761 828.340439
548.943286 820.011234
659.458877 812.121039
764.193799 804.447377
863.124521 797.159121
956.807683 790.167142
326.932991 107.789705
436.345211 117.842408
540.857955 127.699228
640.596002 137.703688
735.733884 147.522453
826.298605 157.127045
912.438968 166.607528
323.444802 197.512755
435.565556 205.532160
542.706340 213.554884
644.766961 221.565380
741.982971 229.506289
834.324486 237.272372
922.147864 244.939877
320.040349 292.133290
435.047314 298.014344
544.775069 303.878252
649.333076 309.781338
748.552043 315.574001
842.786758 321.233689
932.295898 326.969244
316.854081 392.017549
434.952258 395.344999
547.337874 398.800898
654.138777 402.252874
755.427611 405.794225
851.602851 409.267692
942.852274 412.845046
314.162982 497.234060
435.143698 497.830345
550.085359 498.628337
659.322915 499.510306
762.856694 500.462601
860.912012 501.515820
953.750510 502.623509
311.828426 607.955372
435.686312 605.579795
553.539079 603.414487
665.139605 601.406262
770.717832 599.527786
870.730676 597.880572
965.215075 596.353400
309.869359 724.386114
436.790798 718.621183
557.369822 713.105832
671.418911 708.008530
779.130311 703.084778
880.883859 698.418135
976.970763 693.973331
123.016583 48.427224
249.634565 52.425950
374.468295 57.098529
497.504246 62.116429
617.999376 67.860312
735.697448 73.980628
850.353333 80.539065
124.278705 169.763601
250.403869 172.598929
374.789722 175.866327
497.074668 179.584780
617.044126 183.765118
734.236927 188.231480
848.365366 193.139478
126.570764 290.066749
251.887516 291.772533
375.535410 293.790778
497.207626 296.184159
616.471519 298.902524
732.956794 301.765808
846.481211 305.027670
129.578896 409.227936
254.126100 409.741724
376.859742 410.577106
497.711682 411.645311
616.095483 412.921007
731.788168 414.311640
844.596525 416.023853
133.404090 526.932996
256.961976 526.363740
378.798335 525.986814
498.611372 525.732822
616.151909 525.600028
730.844424 525.657652
842.810826 525.786186
137.890748 642.845238
260.349242 641.221064
381.114427 639.671385
499.934193 638.156288
616.420710 636.624900
730.257832 635.236550
841.166921 633.955471
143.133447 756.696527
264.364730 753.933517
383.982706 751.189679
501.613576 748.493011
617.054595 745.652681
729.759456 742.900767
839.623195 740.228446
158.090848 220.870363
297.339248 226.334905
431.588315 231.995116
560.919164 238.043935
685.069824 244.320745
803.810690 250.632896
917.256176 257.122521
169.469351 345.018554
303.931129 347.880660
433.887551 351.081583
559.085224 354.383110
679.362933 357.919049
794.683984 361.449219
904.947088 365.235016
180.986573 461.467928
310.806738 462.105299
436.487659 462.829317
557.719136 463.808533
674.295384 464.915725
786.184980 466.064739
893.453889 467.444933
192.332865 570.531210
317.854935 569.079876
439.264251 567.780269
556.732310 566.713368
669.721743 565.648535
778.307291 564.657062
882.547966 563.993593
203.465823 672.589044
324.804580 669.388492
442.455602 666.223030
555.989136 663.246719
665.700830 660.333187
770.985899 657.632002
872.372793 654.998303
214.400009 768.149481
331.747293 763.385277
445.453065 758.658258
555.627861 754.026625
661.936830 749.423246
764.356533 745.062402
862.792263 740.865683
225.180019 857.692350
338.524965 851.451602
448.690247 845.304091
555.391101 839.269702
658.623450 833.248958
758.023969 827.378604
853.823204 821.676554
138.664202 288.929259
255.430169 288.698881
372.365621 288.762029
489.504293 289.336312
606.393562 290.189136
722.625982 291.363795
837.772732 292.927225
130.638716 401.762343
248.520128 401.461606
366.755862 401.336886
485.112284 401.604235
603.296260 402.071016
720.661730 402.727405
837.027729 403.680249
123.156535 517.268722
242.151467 516.850749
361.520171 516.601935
481.148825 516.512969
600.410431 516.529914
718.882839 516.631043
836.396618 517.021121
116.270681 635.061510
236.429977 634.533914
356.831844 634.088723
477.486293 633.636293
597.753933 633.228740
717.328874 632.818248
835.838338 632.607107
110.124492 754.872504
231.192685 754.228217
352.573315 753.643479
474.153344 752.848096
595.454348 751.972932
715.966564 751.082843
835.308244 750.184212
104.576203 876.420442
226.420683 875.729736
348.823835 874.917066
471.230224 873.819475
593.358642 872.463973
714.789747 870.951667
834.965232 869.236688
100.139990 999.177836
222.436500 998.448749
345.693826 997.341260
468.829455 995.959233
591.621105 994.268207
713.671471 992.041241
834.528949 989.599445
258.683470 181.131859
374.098213 186.900390
485.914583 192.749256
594.099290 199.026765
698.636167 205.331106
799.328037 211.700702
896.139084 218.204542
247.654577 271.366624
366.995613 275.631833
482.753399 280.109220
594.540378 284.850647
702.426373 289.722912
806.088846 294.607490
905.776641 299.601803
236.095615 368.219838
359.785456 370.868338
479.526167 373.711565
595.269164 376.766335
706.518316 379.880356
813.416172 383.034132
916.049598 386.437121
224.232707 472.414010
352.586110 473.062738
476.579975 473.967708
596.122016 474.968749
710.948262 476.239347
821.234790 477.502692
926.989324 479.035343
212.274385 584.359280
345.244208 582.784013
473.485135 581.507990
597.275287 580.331558
716.007554 579.277506
829.700404 578.407244
938.488806 577.705646
200.055442 704.604979
337.792717 700.606625
470.999811 696.778054
598.914513 693.008570
721.563136 689.419888
838.821049 686.065392
950.845842 682.761868
187.581617 833.769429
330.688934 826.871442
468.617585 820.084004
601.019846 813.477804
727.717957 806.901756
848.590493 800.583406
963.775015 794.406552
996.465523 412.164055
1089.004621 408.806880
1187.000595 405.593483
1290.911032 402.243293
1400.725251 399.075497
1516.797515 395.845980
1639.338110 392.679568
1008.231352 504.351728
1099.340667 503.837334
1195.624397 503.471134
1297.597578 503.170192
1405.246891 502.944685
1518.966609 502.879114
1638.747264 503.036485
1019.519767 593.357975
1109.127170 595.341360
1203.761927 597.547256
1303.702868 599.933378
1409.223412 602.566908
1520.449077 605.332086
1637.561923 608.452939
1030.332525 678.786408
1118.311811 683.170798
1211.227320 687.859147
1309.316230 692.792332
1412.690257 697.927726
1521.481226 703.418550
1635.854728 709.138847
1040.602670 760.983802
1127.109113 767.565101
1218.348057 774.467201
1314.453886 781.596085
1415.586327 789.144897
1521.952098 797.019801
1633.663268 805.203554
1050.371325 839.938118
1135.347513 848.497579
1224.829155 857.420242
1319.043066 866.677020
1418.064734 876.327310
1522.070239 886.314926
1631.096292 896.791657
1059.786269 915.734010
1143.205747 926.064911
1230.956199 936.819910
1323.257130 948.006186
1420.189035 959.601821
1521.810779 971.554388
1628.360441 983.976751
1038.052414 238.455235
1125.451224 230.793058
1217.587106 223.056444
1314.795738 215.198308
1417.058242 207.281347
1524.693940 199.314650
1637.771257 191.280168
1034.652902 326.327680
1122.700251 321.127352
1215.578357 315.791961
1313.626093 310.507703
1416.886347 305.131216
1525.594250 299.789950
1639.833172 294.532733
1031.064654 416.044058
1119.763368 413.213099
1213.337147 410.512749
1312.162403 407.748024
1416.314538 405.147143
1525.961382 402.487664
1641.281779 400.073443
1027.374299 507.176189
1116.568887 506.910407
1210.778634 506.867692
1310.282579 506.871785
1415.237318 507.042259
1525.757915 507.377782
1642.151351 507.821314
1023.536398 599.711531
1113.244185 602.110730
1207.942345 604.792967
1308.090472 607.591862
1413.653534 610.687240
1525.004626 613.938628
1642.221784 617.538832
1019.540858 693.455172
1109.526341 698.597933
1204.786173 704.073819
1305.408884 709.764922
1411.629892 715.861436
1523.725764 722.233481
1641.700693 728.969484
1015.419773 788.064085
1105.786794 795.981023
1201.368000 804.295430
1302.470905 813.063495
1409.229011 822.204538
1521.847680 831.746849
1640.441187 841.772938
1067.392041 186.880970
1151.181736 178.475124
1239.224391 169.941853
1331.828248 161.322255
1428.938681 152.581524
1530.857075 143.797966
1637.586787 134.963058
1058.017174 263.171455
1143.264078 256.667861
1233.025078 249.971808
1327.477519 243.330619
1426.794504 236.546138
1531.005576 229.787096
1640.349405 223.061985
1048.090490 342.903475
1134.905780 338.348802
1226.352660 333.839699
1322.787460 329.234781
1424.200013 324.699872
1530.788966 320.086659
1642.711732 315.676551
1037.756421 426.022260
1126.031554 423.639552
1219.220107 421.407996
1317.527529 419.127941
1421.107764 417.014594
1530.086929 415.008453
1644.748852 413.008686
1026.898182 512.695819
1116.714662 512.734810
1211.457043 512.997157
1311.783857 513.273051
1417.437073 513.815995
1528.925509 514.473980
1646.143655 515.368728
1015.506553 602.921244
1106.638790 605.611837
1203.281817 608.588430
1305.334416 611.703915
1413.187317 615.178962
1527.110718 618.794070
1647.061935 622.739801
1003.567092 696.564019
1096.231175 702.165939
1194.367430 708.053089
1298.379911 714.313077
1408.347792 720.921732
1524.642531 727.851740
1647.285358 735.183990
1146.140573 260.483689
1235.438875 255.860192
1327.966533 251.345152
1423.836486 247.008962
1522.863629 242.803502
1625.219958 238.709298
1730.642667 234.809208
1139.060653 335.525027
1230.667954 332.296483
1325.756161 329.137203
1424.362980 326.218086
1526.384180 323.344883
1631.753389 320.670722
1740.494155 318.150377
1131.381979 414.953738
1225.451594 413.207404
1323.175886 411.700072
1424.679260 410.264912
1529.682377 408.991387
1638.301741 407.789585
1750.432612 406.898087
1123.240419 498.965939
1219.730183 498.914799
1320.201588 499.144566
1424.555694 499.413502
1532.720183 499.950399
1644.710285 500.646951
1760.494016 501.434805
1114.453815 587.788221
1213.554754 589.680315
1316.618319 591.899929
1424.113080 594.159808
1535.485280 596.696633
1651.111724 599.320351
1770.381751 602.192125
1105.002913 681.694361
1206.539535 685.818961
1312.719718 690.203395
1423.117610 694.714907
1537.950551 699.502018
1657.184978 704.385647
1780.393188 709.423774
1094.770933 780.708541
1199.060380 787.341234
1308.029971 794.142824
1421.828948 801.273312
1540.022181 808.567623
1662.847262 815.960759
1790.142597 823.590952
1150.002221 378.945370
1253.859159 377.289103
1360.382228 375.945536
1469.452704 374.793136
1580.797758 373.891287
1694.262660 373.201176
1809.605204 372.738445
1149.984011 479.775369
1253.897906 479.646039
1360.588290 479.691060
1469.761532 479.962213
1581.179850 480.342762
1694.810562 480.901138
1810.217524 481.673283
1149.699816 580.987438
1253.616592 582.319789
1360.321013 583.813383
1469.507313 585.381865
1580.970508 587.146500
1694.584841 588.883595
1810.076325 590.884894
1149.252447 682.101810
1253.066909 684.890655
1359.639529 687.849400
1468.741682 690.862963
1580.190217 693.877144
1693.659114 696.974700
1809.077067 700.126471
1148.581380 782.965999
1252.216849 787.257170
1358.575588 791.612026
1467.546956 796.013516
1578.735095 800.436845
1692.105244 804.809506
1807.248695 809.182573
1147.694672 883.372627
1251.043637 889.167302
1357.147277 894.986986
1465.787725 900.761484
1576.724264 906.496335
1689.847225 912.116416
1804.731485 917.700374
1146.683082 983.030469
1249.620562 990.295287
1355.353487 997.477679
1463.680417 1004.677233
1574.258968 1011.769337
1686.850213 1018.387865
1801.500606 1025.702872
1077.805494 259.820119
1182.884318 253.554123
1292.689956 247.482806
1407.381008 241.488299
1526.660927 235.717447
1650.536532 230.095607
1779.060090 224.621026
1088.249915 359.339125
1190.689482 355.646769
1297.557590 352.084300
1409.038495 348.619250
1524.833295 345.244291
1645.129265 342.049279
1769.542656 339.147506
1098.047266 454.019880
1197.867376 452.516577
1301.918845 451.121759
1410.188091 449.843743
1522.644335 448.784266
1639.243996 447.771589
1759.882848 447.052118
1107.191581 543.728483
1204.394044 544.213681
1305.601150 544.891907
1410.903232 545.722694
1520.135076 546.575272
1633.210381 547.619167
1750.095824 548.779279
1115.680420 628.827259
1210.417157 631.100312
1308.999327 633.527287
1411.263199 636.065357
1517.302970 638.783646
1626.981197 641.609212
1740.250543 644.515534
1123.532831 709.513363
1215.875474 713.394480
1311.722996 717.374118
1411.206910 721.507633
1514.193201 725.800330
1620.729069 730.130909
1730.499598 734.698143
1130.981364 785.944708
1220.866615 791.177497
1314.192603 796.568539
1410.952271 802.154255
1511.029779 807.837441
1614.343444 813.612840
1720.951369 819.529145
1137.108126 96.017367
1243.158489 89.955285
1352.038443 84.298257
1463.654769 79.014229
1577.630367 74.090567
1693.910149 69.638089
1812.087706 65.644572
1138.781041 199.643682
1244.414420 195.194824
1352.891561 191.042273
1464.051561 187.269303
1577.503735 183.808595
1693.196353 180.703206
1810.768528 177.994114
1140.201056 302.866346
1245.319720 299.938130
1353.310685 297.337930
1463.879429 294.936517
1576.705925 292.918606
1691.727190 291.038484
1808.745901 289.583497
1141.456451 405.167191
1245.891919 403.800902
1353.222591 402.704440
1463.093328 401.796946
1575.278804 401.039040
1689.583376 400.550875
1805.764286 400.263576
1142.507452 506.502722
1246.277254 506.647008
1352.829118 506.932767
1461.886027 507.417780
1573.218949 508.082859
1686.761256 508.857420
1802.031874 509.741352
1143.234429 606.578007
1246.206460 608.174756
1351.920388 609.866820
1460.098749 611.712141
1570.597571 613.698935
1683.229700 615.655007
1797.613947 617.795605
1143.781816 705.084340
1245.880236 708.050973
1350.665755 711.099861
1457.934078 714.305483
1567.490445 717.527386
1679.005044 720.732789
1792.491015 724.021340
