-32.80499180987605 -13.97339871556787 83.09535821369531
-25.87792275340678 -31.33806536574376 96.19417088671457
-6.69600838476017 -17.32705893196112 64.02085463499074
-11.39791514069727 -31.21918584206199 76.25284655051097
-20.76740395588228 -32.37017525116853 77.46988422101325
-25.22511172282272 -14.43866507154165 72.19167696027300
-36.63166249041187 -13.70481637260098 62.92976036147558
-39.78439485414660 -26.47135796021068 70.99515118464629
-41.94241078287053 -30.90355463302311 76.50480706255270
-46.39149300205657 -30.55220875834749 63.43128050311896
-37.29847515705523 -23.81883090821042 57.10733645093406
-47.78563855144602 -19.18626550694367 69.15685511372392
-40.45507674355296 -23.68941858421860 69.23769140815186
-3.37433402605464 -13.55454624011664 85.19757282643506
0.64308481434530 -25.95903779453132 92.88317436280246
3.49201751445155 -30.34428186946121 98.31195474133658
6.27806310204317 -22.82558610216698 96.48259774525908
5.90283097507474 -15.52306263204150 81.76317948285728
-1.11110954033231 -25.15812699440798 82.34821095138877
7.17961812654425 -31.70977379916225 75.54579943740416
