505.005787 401.760298
584.612449 397.698107
669.460903 393.558936
760.278432 389.081367
857.401642 384.329820
961.812778 379.150535
1074.159085 373.570451
527.160555 496.799449
605.816882 495.939436
689.457428 495.055763
778.825304 494.112475
874.321755 492.934949
976.813598 491.820714
1086.891543 490.660482
548.520496 588.117073
626.117977 589.998119
708.649281 592.082059
796.577292 594.248918
890.553103 596.651334
991.107727 599.083083
1098.986684 601.833370
568.965947 675.639137
645.612410 680.156575
726.966613 685.023567
813.598016 690.257200
906.022637 695.663290
1004.777124 701.492779
1110.471316 707.749563
588.675056 759.804855
664.376660 766.758314
744.674097 774.135750
829.983950 781.927565
920.853671 790.274389
1017.835856 799.142381
1121.463186 808.669112
607.591615 840.848985
682.339287 850.003931
761.541250 859.698526
845.562869 869.909799
935.013319 880.833505
1030.294189 892.502959
1131.938681 904.984212
625.835512 918.780480
699.654416 929.899366
777.708921 941.697441
860.608762 954.235766
948.582907 967.534188
1042.185545 981.693582
1141.983281 996.883453
631.989823 159.823766
706.481465 149.576069
785.327277 138.827075
869.030938 127.470999
957.932100 115.267899
1052.782691 102.333523
1153.776127 88.610893
614.112910 239.341988
689.429816 231.330824
769.215160 222.818357
854.003951 213.802779
944.356945 204.114993
1040.627503 193.934418
1143.376385 183.035716
595.546085 321.916978
671.764528 316.117552
752.551536 310.064426
838.513032 303.591561
930.124970 296.731621
1027.902555 289.336643
1132.530172 281.585018
576.385966 407.387254
653.422585 404.058534
735.236534 400.689762
822.327669 397.039111
915.300894 393.099490
1014.711307 388.985040
1121.156725 384.472529
556.564600 496.160216
634.433814 495.516765
717.161175 495.017235
805.596720 494.282454
899.850903 493.611701
1000.924816 492.826055
1109.189115 492.157707
535.896427 588.280736
614.514098 590.536048
698.497849 593.090094
787.965655 595.660874
883.746341 598.580184
986.431367 601.548062
1096.700924 604.800288
514.429304 683.936195
594.060274 689.324471
679.038692 695.114307
769.800402 701.402954
866.897466 708.045796
971.381535 715.156163
1083.617342 722.848877
916.566805 307.128216
1026.953160 314.692799
1130.151621 321.756079
1226.991534 328.485748
1317.971691 334.826966
1403.706077 340.636132
1484.483851 346.279692
907.014857 427.168168
1015.879322 430.674952
1117.766684 434.077708
1213.440287 437.195608
1303.383352 440.174622
1388.222945 442.950136
1468.217859 445.579084
897.919959 543.066473
1005.127435 542.876991
1105.736651 542.650929
1200.237283 542.524568
1289.235516 542.404198
1373.214152 542.118013
1452.489117 542.062916
888.984098 655.077698
994.814633 651.301313
1094.023984 647.797477
1187.458086 644.543938
1275.471675 641.476247
1358.565447 638.492807
1437.173338 635.801879
880.443030 763.240441
984.762348 756.218496
1082.738630 749.642260
1174.959154 743.532722
1262.158492 737.632242
1344.363373 732.165926
1422.245229 726.876519
872.225339 867.979592
975.091081 857.900304
1071.760027 848.439930
1163.015565 839.538411
1249.182543 831.033964
1330.662285 823.072493
1407.833678 815.558528
864.214007 969.263147
965.547169 956.281586
1061.172786 944.042167
1151.342546 932.651711
1236.616349 921.723360
1317.254275 911.396796
1393.742160 901.737325
857.707285 86.845515
956.815239 100.098280
1050.218626 112.493789
1138.572187 124.404934
1222.127683 135.637424
1301.428477 146.217267
1376.676099 156.288206
868.193972 180.580213
969.120434 191.290670
1064.224723 201.420471
1153.934625 210.984536
1238.744286 220.082813
1318.994776 228.656220
1395.102846 236.696528
879.143304 278.592498
981.923873 286.567221
1078.671685 294.088164
1169.882146 301.261371
1255.909389 308.019646
1337.247609 314.252798
1414.378947 320.331577
890.636638 381.181446
995.424474 386.100033
1093.825633 390.788666
1186.413285 395.182088
1273.711662 399.414215
1356.211494 403.349313
1434.298474 407.118723
902.673887 488.552633
1009.393341 490.147382
1109.467998 491.794199
1203.586211 493.355900
1292.331718 494.672647
1375.956775 496.062458
1454.977303 497.306534
915.390487 601.132014
1024.075288 599.175244
1126.039962 597.443884
1221.671631 595.760572
1311.698348 594.138415
1396.575205 592.608639
1476.636067 591.233145
928.582459 719.274888
1039.367082 713.418969
1143.297704 707.814491
1240.571307 702.767848
1331.959072 697.847538
1417.934835 693.258185
1499.022236 689.005462
686.278899 68.637692
794.683117 71.974068
901.670885 75.205518
1007.392185 78.520416
1111.777366 81.760780
1214.959603 84.973997
1316.835958 88.191367
683.491812 167.277273
793.589039 170.073274
902.256182 172.762430
1009.670021 175.495020
1115.642022 178.175410
1220.318373 180.868790
1323.622416 183.498903
680.619940 269.220489
792.442132 271.348849
902.830799 273.466095
1011.939409 275.577881
1119.564388 277.676213
1225.765897 279.694958
1330.659699 281.802404
677.654769 374.403441
791.337686 375.824978
903.494605 377.311061
1014.237720 378.758942
1123.536541 380.225054
1231.376197 381.688793
1337.856739 383.109702
674.656994 483.073699
790.179731 483.760732
904.062716 484.589145
1016.614500 485.334245
1127.679037 486.076556
1237.185501 486.864759
1345.210270 487.629912
671.573374 595.320022
788.870641 595.332308
904.814629 595.390842
1019.108744 595.405782
1131.911853 595.453857
1243.234269 595.477147
1352.975704 595.555781
668.330934 711.411591
787.613734 710.569110
905.496941 709.780697
1021.739707 709.088088
1136.332590 708.357294
1249.328781 707.629951
1360.840364 706.957942
588.090346 378.126048
698.246989 376.734703
810.667743 375.401744
925.757319 373.971608
1043.323993 372.552319
1163.508563 371.087336
1286.268553 369.528226
597.119131 488.689756
705.460126 488.522139
816.020737 488.422678
929.014974 488.247308
1044.410289 487.962602
1162.400727 487.786243
1282.826364 487.598314
605.964725 595.529078
712.481058 596.415119
821.147333 597.324901
932.156198 598.283148
1045.571865 599.213688
1161.383289 600.163069
1279.601060 601.217162
614.456037 698.592242
719.287388 700.484985
826.068930 702.483375
935.202465 704.530722
1046.625227 706.514051
1160.330626 708.578287
1276.412479 710.715824
622.738527 798.234509
725.850007 801.084415
830.942295 804.035708
938.166998 806.994880
1047.649890 810.049146
1159.355385 813.208016
1273.302502 816.388649
630.715902 894.700087
732.174893 898.433351
835.567240 902.231281
941.024036 906.101215
1048.623336 910.094137
1158.450166 914.209350
1270.404802 918.401443
638.474327 987.968942
738.295656 992.500115
840.059793 997.078841
943.843426 1001.887222
1049.575982 1006.726234
1157.494804 1011.666215
1267.562235 1016.825811
295.721558 375.456220
427.661611 380.800325
550.953614 385.701122
666.561930 390.438181
775.177814 394.906911
877.410709 398.946215
973.844120 402.838251
297.694933 492.239536
426.375061 493.617028
546.761057 494.987679
659.802660 496.197225
766.146190 497.381358
866.443124 498.389111
961.065630 499.438165
299.795576 603.182912
425.128969 601.050555
542.748370 598.969386
653.380838 597.097378
757.574577 595.327685
855.940451 593.535030
948.879076 591.943244
301.614776 708.776357
424.068333 703.363215
538.903130 698.254156
647.182125 693.539523
749.327797 689.069886
845.810124 684.736395
937.148824 680.771413
303.477223 809.206146
422.910060 800.992200
535.330603 793.122166
641.230615 785.795474
741.491222 778.795868
836.117748 772.288014
925.846281 765.991131
305.211791 905.219432
421.954269 894.310800
531.819592 883.962114
635.710897 874.215904
733.899241 864.907795
826.920965 856.174639
915.134288 847.922340
306.905142 996.801318
420.838560 983.471321
528.539185 970.762889
630.290531 958.847813
726.674013 947.518346
817.962142 936.767810
904.748123 926.648258
305.868477 154.840794
427.399676 166.870946
541.532628 178.036185
649.091539 188.732207
750.608219 198.816042
846.599214 208.263493
937.464986 217.241928
305.094148 264.664267
427.547851 273.336118
542.493207 281.491968
650.734523 289.168441
752.861509 296.456872
849.364395 303.292915
940.677253 309.771158
304.387838 376.098828
427.623201 381.376066
543.378895 386.309211
652.386644 391.047797
755.115753 395.439542
852.158482 399.512561
943.993135 403.451560
303.560479 489.327930
427.821491 491.003858
544.340996 492.613415
654.018816 494.173465
757.386287 495.685092
854.973710 496.987392
947.307253 498.330867
302.821851 604.108675
427.934806 602.188504
545.241702 600.438763
655.620136 598.825998
759.682180 597.216133
857.816665 595.799191
950.604715 594.359123
302.112388 720.743132
428.084476 715.134533
546.250584 709.852091
657.417573 704.926148
762.030356 700.205367
860.774923 695.819723
954.068507 691.656834
301.386610 839.103550
428.218004 829.713947
547.338505 820.697635
659.133583 812.433138
764.487914 804.524445
863.668095 797.118227
957.468599 790.164707
312.373457 93.883544
427.033241 106.994911
535.071557 119.203849
637.255437 130.953112
733.949948 142.026540
825.696375 152.455920
912.747839 162.392199
310.880463 187.464174
427.966425 197.998915
538.283575 207.950862
642.380005 217.349438
740.848547 226.277668
834.094278 234.713465
922.497697 242.695706
309.264842 285.217824
428.891406 293.069231
541.471873 300.428569
647.757504 307.413853
747.986767 314.015736
842.827693 320.147534
932.725481 326.088477
307.496789 387.578295
429.979500 392.369767
544.944241 396.881116
653.244979 401.148643
755.387197 405.269822
851.915285 409.075224
943.341266 412.715816
305.732973 494.729681
430.980760 496.233545
548.403201 497.709083
658.945547 499.101084
763.106722 500.359866
861.361653 501.613975
954.230677 502.739692
303.983241 607.057147
432.054884 604.972404
552.243060 603.096970
665.035948 601.312375
771.171510 599.542377
871.310352 597.953864
965.756684 596.432301
302.037058 724.922016
433.184338 718.925443
556.188500 713.169478
671.376982 707.997981
779.608745 703.021479
881.462741 698.351086
977.592604 693.971765
91.113979 24.229598
229.345339 33.914382
360.817803 41.746919
489.415416 50.461714
613.403118 58.343373
733.622401 66.024694
849.874617 73.305346
97.648682 153.242163
233.155641 159.743468
364.121259 166.135852
490.914708 172.266169
613.749034 178.190542
732.796232 183.940324
848.142220 189.578474
103.648691 279.206753
237.487676 283.613052
367.091864 287.897866
492.689706 292.072734
614.331073 296.105831
732.230128 299.924677
846.525425 303.729111
109.194581 402.676147
241.857213 404.999965
370.064035 407.297406
494.362204 409.533871
614.842345 411.724529
731.598704 413.766618
844.916978 415.849621
114.843420 523.575611
246.008930 524.018749
373.014640 524.443079
496.003250 524.847036
615.382972 525.168471
731.024649 525.598677
843.263559 525.913655
120.417451 642.242156
250.158693 640.767761
375.885355 639.382951
497.713367 638.014368
615.904333 636.585327
730.545159 635.280457
841.754055 634.034425
125.906528 758.502716
254.242990 755.190789
378.750140 751.955571
499.369502 748.968957
616.437584 745.881910
729.987183 742.958762
840.192130 740.238378
135.988738 207.908286
284.105616 216.841241
424.215277 225.287119
557.236626 233.364282
683.454735 241.082626
803.414028 248.254855
917.649604 255.132478
150.898485 337.084121
293.359368 342.327322
428.354396 347.411484
556.535102 352.068777
678.480275 356.546378
794.657699 360.753287
905.356126 364.813419
165.057126 457.056086
301.949013 459.082962
432.100293 460.950431
555.918242 462.756578
673.912210 464.487308
786.483175 466.041161
893.885202 467.545313
178.039332 568.660630
310.064562 567.823920
435.530158 567.014222
555.341205 566.288646
669.624208 565.575736
778.735108 564.765572
883.111053 564.166773
190.211075 672.566669
317.556286 669.396967
438.956286 666.190280
554.699431 663.249022
665.616298 660.361569
771.436053 657.685377
872.902558 655.044295
201.675635 769.907721
324.664409 764.529862
441.972675 759.348538
554.280871 754.411801
661.744181 749.585117
764.723613 745.102106
863.394104 740.808637
212.462470 861.009302
331.197959 853.737464
444.936636 846.743322
553.796357 840.158477
658.199690 833.707301
758.228584 827.546917
854.339351 821.744350
116.690220 278.267930
241.210149 280.501048
363.743321 282.667011
484.705010 284.969927
603.991727 287.126156
721.726098 289.252975
837.764413 291.393210
110.220397 394.924598
235.835213 396.314154
359.466018 397.762815
481.420241 399.241654
601.759898 400.616570
720.391733 401.998906
837.301327 403.368381
103.766157 513.561707
230.328826 514.138626
355.068564 514.782853
478.170882 515.412843
599.434933 515.967349
718.973911 516.469854
836.863483 517.100708
97.086235 634.219906
224.964085 633.889974
350.751800 633.624830
474.776002 633.397739
597.031129 633.117571
717.556038 632.846186
836.429329 632.667481
90.371768 756.823709
219.306199 755.607158
346.188153 754.535385
471.294056 753.393231
594.591288 752.202999
716.135622 751.143162
835.861324 750.115421
83.701536 881.608893
213.641318 879.433795
341.646107 877.463038
467.782555 875.451301
592.175062 873.372154
714.752702 871.388016
835.498583 869.452394
76.606770 1008.510494
207.841682 1005.329453
337.092621 1002.306602
464.315303 999.531529
589.675340 996.526833
713.288235 993.601469
835.026730 990.771338
242.172556 168.889518
363.682620 177.556256
479.647243 185.682684
590.565037 193.670785
696.755764 201.213615
798.626732 208.443463
896.291726 215.360817
232.540828 262.402920
357.976012 269.052441
477.671005 275.443721
591.936051 281.557747
701.265461 287.447470
805.851650 293.010306
906.018530 298.324434
222.165192 362.017459
351.891977 366.527744
475.440850 370.809570
593.434156 374.932390
705.941797 378.853074
813.490609 382.512072
916.435448 386.148143
211.053983 468.592866
345.544175 470.516927
473.282723 472.389187
594.896633 474.127641
710.866877 475.927905
821.583056 477.526352
927.427712 479.139257
199.231475 582.684677
338.530019 581.647747
470.673075 580.850538
596.472384 580.019117
716.165083 579.180236
830.190117 578.479105
938.970182 577.792834
186.617574 705.092969
331.046222 700.770463
468.229543 696.839413
598.203942 693.014952
721.842997 689.353926
839.399070 685.971523
951.440416 682.704575
172.891986 836.806988
323.109577 828.773347
465.485959 821.068260
600.094237 813.877446
727.850084 806.974827
849.142208 800.522673
964.544769 794.391080
997.024923 412.044084
1089.981924 408.416578
1188.848230 404.775308
1294.528140 400.722659
1407.327552 396.523863
1528.227351 391.878834
1658.076541 386.886887
1008.711497 504.501811
1100.143477 503.919360
1197.193701 503.320865
1300.752997 502.619005
1411.148668 501.829006
1529.350288 501.034766
1656.068039 500.224120
1019.976492 593.533295
1109.852903 595.518989
1205.251134 597.678653
1306.686096 599.981278
1414.928190 602.512803
1530.461551 605.066064
1654.252364 607.960480
1030.793268 678.890183
1119.182707 683.358662
1212.886548 688.208145
1312.492763 693.333104
1418.516071 698.680223
1531.533178 704.523867
1652.383568 710.689225
1041.269919 761.068153
1128.233564 767.869801
1220.320561 775.097407
1318.042484 782.673953
1421.924545 790.847845
1532.582036 799.518763
1650.652950 808.803546
1051.271054 840.211916
1136.818589 849.141858
1227.348501 858.559644
1323.269188 868.509062
1425.138548 879.162434
1533.480388 890.456138
1648.911924 902.515669
1060.962934 916.426182
1145.131152 927.188100
1234.102186 938.662770
1328.374352 950.855182
1428.188779 963.762859
1534.291200 977.393721
1647.267732 992.034573
1039.336254 235.835637
1127.747686 227.474651
1221.435924 218.720105
1321.099240 209.414130
1427.017926 199.486389
1540.096457 188.934413
1660.931434 177.611743
1035.558979 325.240519
1124.364668 319.585250
1218.494059 313.515613
1318.629220 307.144060
1425.185539 300.262345
1538.913499 293.019120
1660.472428 285.309494
1031.742446 415.849493
1120.935427 412.735479
1215.557948 409.519441
1316.169478 406.064971
1423.368986 402.475139
1537.692513 398.491004
1660.110137 394.447823
1027.877612 507.299416
1117.487345 506.905648
1212.562275 506.632139
1313.680128 506.309718
1421.452124 505.875915
1536.502840 505.509454
1659.693673 505.031396
1024.051924 599.846788
1114.056152 602.247268
1209.524858 604.918289
1311.217275 607.636139
1419.523495 610.630172
1535.317369 613.746078
1659.276869 617.206752
1020.099773 693.470979
1110.419421 698.769744
1206.470233 704.425362
1308.557813 710.326943
1417.568489 716.785875
1534.082707 723.629560
1658.838320 731.002068
1016.134406 788.127470
1106.876926 796.230729
1203.366603 804.973483
1306.094207 814.315293
1415.615912 824.237122
1532.862382 834.874687
1658.411646 846.340698
1069.190766 182.826569
1154.244270 173.504181
1244.118391 163.740198
1339.437881 153.420709
1440.409662 142.433898
1547.904441 130.768153
1662.317094 118.340779
1059.287066 260.967537
1145.529477 253.825454
1236.814728 246.165861
1333.663092 238.147578
1436.531037 229.508651
1545.971668 220.440237
1662.620629 210.806340
1048.983545 341.999638
1136.515600 336.986628
1229.257983 331.753860
1327.724399 326.141578
1432.434118 320.239047
1543.919113 313.812812
1663.075809 307.182901
1038.351232 425.856480
1127.196113 423.176238
1221.427593 420.513178
1321.525293 417.586230
1428.120646 414.461117
1541.842199 411.247480
1663.451558 407.656235
1027.378838 512.825453
1117.561496 512.734634
1213.179201 512.783677
1315.146195 512.675756
1423.668953 512.692994
1539.748394 512.636544
1663.905600 512.710777
1015.948810 602.974285
1107.363371 605.697173
1204.763779 608.678724
1308.323136 611.707275
1419.003523 615.121227
1537.416984 618.629624
1664.295402 622.473466
1004.088742 696.532255
1097.008966 702.212048
1195.901591 708.312834
1301.441304 714.850547
1414.124353 721.794985
1535.058160 729.257576
1664.788719 737.295046
1148.404481 257.707563
1239.235253 252.151018
1334.021517 246.387426
1433.261910 240.430834
1536.988473 234.159604
1645.969870 227.579489
1760.206888 220.676384
1140.722743 334.076425
1233.635191 330.161668
1330.771166 326.018860
1432.564373 321.777631
1539.184894 317.247292
1651.103806 312.585146
1768.681889 307.667297
1132.579506 414.417031
1227.774251 412.173911
1327.385764 409.927677
1431.867383 407.546672
1541.425462 405.097349
1656.564205 402.397746
1777.822444 399.768089
1124.124241 498.891830
1221.620082 498.560372
1323.818175 498.388734
1431.076901 498.099500
1543.724317 497.857723
1662.373688 497.665607
1787.366981 497.336910
1115.198380 587.886043
1215.163460 589.682953
1319.907864 591.822285
1430.302342 593.884298
1546.202161 596.171702
1668.666893 598.507905
1797.568859 601.079915
1105.781574 681.737720
1208.147083 686.028630
1315.960320 690.640161
1429.295390 695.356530
1548.811984 700.515130
1675.163444 705.853663
1808.500716 711.483796
1095.759029 780.871239
1200.891103 787.831594
1311.622760 795.203988
1428.501484 803.048985
1551.584551 811.325191
1682.031010 820.027836
1820.048357 829.295532
1151.670305 377.977714
1257.009453 375.616251
1365.968578 373.300103
1478.955299 370.888930
1595.975629 368.426844
1717.486689 365.800309
1843.558516 363.137234
1151.239848 479.542804
1256.417404 479.064969
1365.371307 478.513670
1478.207837 478.017629
1595.047470 477.440980
1716.426713 476.889483
1842.427538 476.431408
1150.774302 581.069633
1255.824763 582.309790
1364.721965 583.604763
1477.381627 584.924211
1594.182677 586.393727
1715.396824 587.729222
1841.384195 589.360829
1150.350036 682.295602
1255.355014 685.249051
1364.028197 688.412762
1476.601223 691.644188
1593.294720 694.965250
1714.317613 698.429309
1839.898387 701.996865
1149.976815 783.360833
1254.824017 788.067119
1363.352268 793.006056
1475.819898 798.093841
1592.361879 803.431802
1713.323880 808.889481
1838.666362 814.636756
1149.541984 884.231598
1254.261647 890.725144
1362.732331 897.441647
1474.965732 904.427020
1591.330530 911.692439
1712.158088 919.167473
1837.335237 926.937728
1149.134144 984.804103
1253.686838 993.008808
1361.996994 1001.537290
1474.209563 1010.450885
1590.306754 1019.386698
1710.940579 1028.941853
1836.283608 1039.216163
1079.437209 257.511995
1185.865655 250.330295
1297.931721 242.946625
1416.411376 235.038110
1541.395741 226.767400
1673.640706 217.922018
1813.880870 208.560247
1089.417406 358.483911
1192.974120 354.251014
1301.754985 349.741463
1416.493618 344.959735
1537.344878 339.863156
1665.109079 334.557820
1800.231537 328.970846
1098.970699 453.928316
1199.684615 452.058193
1305.457820 450.088697
1416.608848 447.997786
1533.715907 445.921828
1657.187348 443.583205
1787.615554 441.223754
1107.909225 543.892574
1205.992807 544.214272
1308.785268 544.641012
1416.811176 545.090401
1530.347097 545.425431
1649.771466 545.849229
1775.711568 546.279052
1116.487230 628.999573
1212.023383 631.335154
1312.088094 633.769106
1416.966851 636.283284
1527.163119 638.993922
1642.884779 641.801156
1764.657119 644.738896
1124.493071 709.725493
1217.674095 713.853323
1315.065764 718.072419
1417.065763 722.505149
1524.001983 727.235034
1636.334686 732.111647
1754.222978 737.278839
1132.168722 786.295708
1222.982601 791.886961
1317.884665 797.751935
1417.213697 803.983072
1521.118099 810.474924
1630.115086 817.198105
1744.472068 824.364127
1140.828497 88.213881
1249.427634 80.515994
1361.949735 72.646172
1478.924430 64.461514
1599.868218 55.906739
1725.889150 47.107949
1856.937994 37.182678
1141.538772 195.358280
1249.216475 189.741157
1360.786159 183.807580
1476.556182 177.740919
1596.512928 171.397437
1721.185138 164.865883
1850.428525 158.070344
1142.192215 300.928100
1248.982791 297.099070
1359.665898 293.191024
1474.287270 289.087454
1593.104871 284.990570
1716.506245 280.532289
1844.807585 276.112785
1142.862892 404.551842
1248.750456 402.570863
1358.399313 400.616800
1472.005502 398.580802
1589.727258 396.402375
1711.946734 394.186640
1838.721032 391.864285
1143.628946 506.457350
1248.601065 506.301552
1357.270811 506.145066
1469.808322 505.972510
1586.467734 505.888593
1707.526615 505.689453
1833.053583 505.522989
1144.256867 606.735715
1248.312495 608.325691
1356.090623 609.903571
1467.576342 611.616078
1583.130459 613.452725
1703.088287 615.236437
1827.456346 617.161375
1144.921232 705.289201
1248.093088 708.457613
1354.891169 711.800446
1465.501355 715.358066
1579.961895 719.005307
1698.675743 722.666907
1821.884580 726.657237
