504.897805 401.787399
584.510835 397.716769
669.357310 393.568590
760.172721 389.078387
857.295511 384.312074
961.726111 379.122790
1074.097646 373.539468
527.056012 496.836144
605.715740 495.969831
689.356027 495.078187
778.723442 494.122325
874.220024 492.934581
976.733702 491.808876
1086.822735 490.646708
548.419088 588.164885
626.017033 590.040430
708.550178 592.116249
796.476494 594.275567
890.456401 596.670081
991.029178 599.088814
1098.906250 601.839263
568.866733 675.697892
645.511629 680.212619
726.868896 685.073209
813.501066 690.302020
905.932243 695.701435
1004.698184 701.518237
1110.381013 707.778477
588.576638 759.878523
664.277720 766.829446
744.579333 774.200092
829.887751 781.993689
920.762780 790.335541
1017.746622 799.197385
1121.353687 808.734595
607.488866 840.930874
682.232470 850.086721
761.436342 859.781166
845.453256 870.000960
934.906196 880.941658
1030.188351 892.614017
1131.826004 905.104379
625.717373 918.887529
699.529491 930.011954
777.588369 941.823745
860.481330 954.367703
948.464059 967.695265
1042.064931 981.868724
1141.859059 997.071616
631.861903 159.829133
706.358072 149.555731
785.204942 138.786005
868.910714 127.407059
957.808481 115.214125
1052.682377 102.257607
1153.720684 88.484225
613.980230 239.362287
689.295896 231.334156
769.085808 222.801293
853.876559 213.764490
944.239193 204.071681
1040.549032 193.903066
1143.322717 182.987097
595.439530 321.931641
671.655035 316.121498
752.436624 310.054902
838.399931 303.565426
930.019464 296.694265
1027.827344 289.308410
1132.476845 281.550377
576.286265 407.406858
653.321161 404.072261
735.132202 400.692165
822.223484 397.027936
915.203276 393.077278
1014.638816 388.958740
1121.103320 384.438554
556.461625 496.193574
634.330895 495.544672
717.061305 495.035659
805.493209 494.290164
899.752143 493.609100
1000.847772 492.814213
1109.121717 492.142240
535.792352 588.330666
614.411950 590.578901
698.398774 593.125135
787.865314 595.688944
883.648768 598.600884
986.352718 601.555194
1096.621735 604.806508
514.326128 684.001291
593.958475 689.385651
678.941513 695.170675
769.702720 701.453067
866.803516 708.090635
971.299916 715.188911
1083.529468 722.881771
916.462457 307.092778
1026.880188 314.662886
1130.099276 321.719283
1226.944876 328.455393
1317.922983 334.801793
1403.653739 340.612783
1484.441164 346.257690
906.916963 427.151104
1015.806249 430.653383
1117.706925 434.051568
1213.384984 437.172538
1303.326458 440.157455
1388.162783 442.933001
1468.153562 445.566095
897.822827 543.074082
1005.051043 542.872455
1105.662918 542.644884
1200.169465 542.518296
1289.166757 542.399757
1373.141698 542.111069
1452.408747 542.057716
888.890328 655.109372
994.736727 651.317385
1093.938423 647.813818
1187.377026 644.556000
1275.390698 641.486742
1358.481603 638.499777
1437.082953 635.804820
880.351152 763.297219
984.681263 756.260708
1082.647611 749.682578
1174.865999 743.567829
1262.063647 737.661343
1344.269142 732.187744
1422.144537 726.890505
872.116690 868.069072
974.993179 857.987915
1071.653712 848.522238
1162.900629 839.618866
1249.066129 831.100062
1330.544006 823.127380
1407.708781 815.596147
864.082668 969.395596
965.427571 956.438814
1061.057138 944.188632
1151.227935 932.786856
1236.512658 921.849708
1317.155825 911.511416
1393.645609 901.844541
857.572572 86.764708
956.687813 100.039946
1050.117525 112.428258
1138.505486 124.317680
1222.071574 135.569048
1301.378462 146.179130
1376.629664 156.265954
868.067628 180.532204
969.010532 191.251252
1064.157510 201.392736
1153.883592 210.948018
1238.695941 220.058729
1318.943811 228.637139
1395.048026 236.682609
879.026830 278.557025
981.833158 286.533964
1078.611145 294.057034
1169.832899 301.224658
1255.862209 307.991743
1337.197891 314.225830
1414.328383 320.307314
890.536057 381.159790
995.348629 386.072644
1093.767365 390.757054
1186.361870 395.150443
1273.661273 399.390947
1356.157723 403.326440
1434.238751 407.098992
902.577548 488.548576
1009.318647 490.134042
1109.399966 491.778021
1203.523997 493.341035
1292.268942 494.662681
1375.891244 496.050866
1454.903717 497.295974
915.299526 601.149261
1023.998958 599.180382
1125.959805 597.446825
1221.595907 595.763997
1311.622331 594.141641
1396.495655 592.608167
1476.547004 591.232588
928.496657 719.315378
1039.284780 713.448915
1143.205908 707.841464
1240.481057 702.789862
1331.867854 697.864492
1417.838782 693.267668
1498.915966 689.015165
686.122146 68.538237
794.541735 71.883963
901.537980 75.124540
1007.271513 78.453225
1111.713457 81.637879
1214.925147 84.847634
1316.838290 88.078985
683.361939 167.268184
793.460476 170.038900
902.134179 172.709625
1009.572242 175.460103
1115.584627 178.125221
1220.268901 180.828603
1323.573880 183.475261
680.497723 269.224582
792.320026 271.330323
902.716590 273.428411
1011.856559 275.547794
1119.509082 277.641670
1225.716695 279.666410
1330.608560 281.780145
677.551134 374.410418
791.232095 375.815176
903.394048 377.287484
1014.165194 378.731877
1123.484071 380.190308
1231.328108 381.660897
1337.805862 383.085392
674.555041 483.095375
790.077401 483.769683
903.967311 484.584285
1016.539758 485.320962
1127.613689 486.058893
1237.124152 486.850891
1345.145856 487.616663
671.473938 595.359102
788.770625 595.360290
904.723215 595.406886
1019.032242 595.411195
1131.833766 595.457302
1243.158243 595.481225
1352.897918 595.556850
668.232164 711.471220
787.517589 710.619580
905.408242 709.821089
1021.657902 709.116322
1136.240856 708.385170
1249.237917 707.653048
1360.748907 706.974719
587.986151 378.141765
698.142264 376.738294
810.560847 375.389279
925.663318 373.944121
1043.258932 372.523773
1163.458205 371.051979
1286.220252 369.503243
597.017176 488.719315
705.358179 488.540940
815.919355 488.427961
928.923973 488.239311
1044.338592 487.949192
1162.337806 487.768233
1282.764331 487.587074
605.863298 595.572846
712.381880 596.450121
821.047832 597.350635
932.068049 598.296724
1045.494181 599.219008
1161.306382 600.166419
1279.523783 601.221689
614.355203 698.653804
719.189339 700.539363
825.972752 702.530612
935.116968 704.566370
1046.541666 706.541153
1160.239062 708.605219
1276.321824 710.738086
622.636634 798.310285
725.752136 801.154876
830.844695 804.104939
938.076198 807.059658
1047.554565 810.109833
1159.242772 813.273817
1273.188288 816.444949
630.600741 894.797572
732.062419 898.532836
835.450395 902.340220
940.912261 906.223728
1048.513280 910.217835
1158.338427 914.334824
1270.302972 918.523849
638.330882 988.085285
738.153557 992.615192
839.920519 997.209764
943.711071 1002.049685
1049.449178 1006.920933
1157.370828 1011.866789
1267.454496 1017.015186
295.611139 375.523230
427.542916 380.845085
550.849713 385.721433
666.458500 390.447665
775.070591 394.901822
877.309491 398.928512
973.763103 402.812214
297.593766 492.309358
426.261408 493.670424
546.658233 495.022357
659.702727 496.222675
766.046125 497.393903
866.340916 498.390915
960.982129 499.427779
299.702549 603.257231
425.023085 601.111978
542.645529 599.020164
653.280534 597.138844
757.476175 595.358252
855.840262 593.556501
948.792818 591.952688
301.528980 708.854004
423.971581 703.432714
538.800998 698.319499
647.083123 693.597730
749.230864 689.118071
845.712413 684.777761
937.062048 680.801244
303.401339 809.291545
422.821587 801.068237
535.232476 793.194724
641.132585 785.868641
741.395732 778.862379
836.022075 772.349748
925.758928 766.043982
305.142421 905.319503
421.875759 894.400904
531.725517 884.046411
635.600827 874.302862
733.790785 864.992278
826.814292 856.259551
915.033804 848.000933
306.827073 996.915945
420.756214 983.575638
528.441287 970.862946
630.157015 958.965517
726.545195 947.637881
817.839022 936.893441
904.629817 926.776577
305.726500 154.912717
427.246827 166.914269
541.378657 178.056259
648.961787 188.739369
750.479089 198.799610
846.469933 208.227753
937.352601 217.198051
304.970362 264.734775
427.410958 273.384381
542.362531 281.516049
650.615799 289.178335
752.745110 296.446740
849.248273 303.264885
940.579540 309.735121
304.276344 376.164192
427.504231 381.422623
543.275349 386.329689
652.283732 391.059339
755.010704 395.437752
852.053340 399.498958
943.903535 403.426465
303.458521 489.395662
427.707549 491.056285
544.238820 492.647378
653.917955 494.199992
757.284808 495.698913
854.871064 496.990256
947.219986 498.321832
302.729693 604.181965
427.828676 602.249434
545.140688 600.488802
655.519881 598.867820
759.582697 597.246242
857.716469 595.820889
950.518745 594.369094
302.027413 720.821222
427.987692 715.205219
546.150336 709.919884
657.317380 704.986094
761.934636 700.255230
860.679169 695.862339
953.984239 691.686515
301.315695 839.193057
428.133212 829.793928
547.240258 820.773479
659.033729 812.508729
764.392301 804.596029
863.571260 797.184917
957.380230 790.221191
312.214799 93.933775
426.863811 107.014004
534.903396 119.196113
637.113869 130.934377
733.823621 141.993925
825.572024 152.410636
912.630175 162.334711
310.744343 187.536362
427.817604 198.045820
538.134305 207.977484
642.248821 217.361772
740.718611 226.267911
833.964870 234.683927
922.381490 242.651631
309.142712 285.285244
428.759516 293.114965
541.349097 300.449806
647.643524 307.421801
747.873997 314.006738
842.716395 320.122514
932.627632 326.051957
307.386112 387.643182
429.860600 392.416331
544.840021 396.902453
653.140781 401.161224
755.282397 405.268900
851.810756 409.062962
943.251321 412.691738
305.631004 494.798158
430.867541 496.286780
548.300473 497.745263
658.844513 499.127927
763.005729 500.373348
861.259220 501.616991
954.145552 502.730757
303.890819 607.131086
431.949140 605.034343
552.141913 603.148499
664.934341 601.353224
771.072320 599.572607
871.212405 597.975534
965.674518 596.439611
301.953393 725.001399
433.087891 718.998245
556.086593 713.236861
671.276128 708.057327
779.512806 703.070558
881.369329 698.392444
977.511831 693.997462
90.945074 24.161875
229.184555 33.905038
360.642089 41.714819
489.220672 50.360327
613.222412 58.235921
733.478281 65.920420
849.736418 73.219351
97.537158 153.251968
233.024606 159.813062
363.972802 166.194441
490.759200 172.295025
613.607758 178.197215
732.667801 183.923216
848.015796 189.537720
103.567193 279.254430
237.374745 283.683995
366.962758 287.956873
492.559774 292.105252
614.213962 296.119522
732.115819 299.918441
846.409273 303.701901
109.123344 402.726284
241.756388 405.069485
369.947774 407.354788
494.252313 409.566758
614.740772 411.741975
731.495285 413.769696
844.813034 415.839609
114.782995 523.631047
245.917224 524.090467
372.906234 524.505659
495.895506 524.892956
615.281701 525.201477
730.923907 525.619928
843.161500 525.923069
120.366642 642.301561
250.076715 640.844813
375.786164 639.451213
497.610151 638.074469
615.804779 636.635236
730.446087 635.320600
841.655300 634.066490
125.863872 758.569605
254.169999 755.272088
378.660555 752.029794
499.270912 749.040717
616.339303 745.951488
729.890296 743.019610
840.097368 740.292630
135.884014 207.950990
283.977212 216.915506
424.070617 225.336744
557.095854 233.388172
683.327850 241.085671
803.290350 248.232571
917.535850 255.091594
150.810282 337.142386
293.247705 342.394296
428.230620 347.454316
556.426414 352.085700
678.374888 356.551258
794.548182 360.740681
905.257079 364.786777
164.974975 457.120205
301.843928 459.150882
431.984749 461.000709
555.816267 462.786285
673.811667 464.506166
786.381869 466.046790
893.785103 467.539210
177.962299 568.731928
309.967012 567.894779
435.420281 567.072106
555.238962 566.334815
669.522935 565.609726
778.635271 564.788506
883.012038 564.180260
190.142254 672.640836
317.466581 669.472461
438.854807 666.256922
554.598048 663.308596
665.515350 660.411960
771.337993 657.725438
872.806548 655.076396
201.611470 769.986773
324.581011 764.609445
441.879500 759.422008
554.180937 754.483322
661.647030 749.653228
764.628594 745.161035
863.300363 740.860519
212.406792 861.103895
331.124014 853.826617
444.852611 846.823100
553.698596 840.235424
658.096952 833.786273
758.128934 827.620748
854.240292 821.816437
116.604986 278.317102
241.098113 280.574605
363.614263 282.726359
484.571182 285.003489
603.871208 287.143154
721.608176 289.248936
837.647263 291.367489
110.149137 394.973738
235.734831 396.383252
359.349267 397.821343
481.308342 399.275962
601.658552 400.633643
720.288113 402.002874
837.196456 403.357776
103.708389 513.611700
230.238187 514.210088
354.961414 514.845525
478.062071 515.460496
599.334157 516.000110
718.872942 516.490766
836.761721 517.108975
97.044073 634.273872
224.883800 633.967403
350.655077 633.694685
474.671980 633.459498
596.930471 633.168907
717.457134 632.887077
836.330049 632.700238
90.342754 756.877357
219.238217 755.686364
346.101674 754.612267
471.196812 753.464631
594.490536 752.274141
716.038799 751.206031
835.766378 750.171518
83.680938 881.704663
213.586702 879.531848
341.572616 877.554820
467.697638 875.534754
592.068901 873.460279
714.643570 871.477491
835.388399 869.545559
76.639192 1008.556026
207.808879 1005.407357
337.015455 1002.421488
464.232245 999.618560
589.546456 996.620938
713.144184 993.714356
834.891959 990.900431
242.042719 168.965883
363.539142 177.616791
479.495403 185.717267
590.423855 193.688183
696.624412 201.210760
798.496647 208.417951
896.167644 215.317052
232.428987 262.475891
357.845843 269.113171
477.533993 275.480277
591.811785 281.575614
701.147089 287.446890
805.734089 292.989969
905.910913 298.288909
222.064718 362.083753
351.773958 366.586752
475.325060 370.842922
593.331065 374.947792
705.836614 378.856319
813.385205 382.501234
916.337253 386.123921
210.963632 468.662708
345.434654 470.580452
473.171436 472.433607
594.794960 474.155126
710.764390 475.943366
821.479665 477.529275
927.335372 479.130012
199.152924 582.757394
338.431099 581.717267
470.566359 580.906862
596.371350 580.061427
716.065272 579.212174
830.089872 578.499854
938.883129 577.801418
186.550628 705.168915
330.957790 700.846640
468.130107 696.908205
598.103922 693.077250
721.746227 689.405069
839.302645 686.014449
951.357300 682.733460
172.842421 836.894849
323.035917 828.860521
465.396552 821.145457
599.994413 813.953337
727.749029 807.047980
849.044540 800.591008
964.457768 794.448186
996.950048 412.020200
1089.923124 408.387963
1188.796769 404.745945
1294.478191 400.699559
1407.272588 396.502527
1528.176566 391.864449
1658.015123 386.879045
1008.637036 504.490600
1100.073489 503.907227
1197.129238 503.306955
1300.689414 502.608424
1411.078807 501.818113
1529.276273 501.028914
1655.981027 500.221927
1019.900378 593.536451
1109.772163 595.523640
1205.174217 597.682285
1306.609421 599.984706
1414.843901 602.513404
1530.365873 605.068171
1654.142343 607.965209
1030.712906 678.909134
1119.093166 683.381584
1212.799032 688.228670
1312.403813 693.350851
1418.418704 698.691573
1531.417629 704.534745
1652.248075 710.702059
1041.184750 761.109320
1128.131361 767.916575
1220.215751 775.140118
1317.933171 782.711539
1421.803793 790.875596
1532.441960 799.543246
1650.497610 808.823509
1051.172174 840.287771
1136.701904 849.228071
1227.235718 858.646425
1323.160106 868.596169
1425.032561 879.253420
1533.383288 890.564909
1648.821882 902.638432
1060.850434 916.550231
1145.017900 927.324055
1233.996344 938.797944
1328.278538 950.998976
1428.110819 963.927620
1534.227806 977.581957
1647.214510 992.240206
1039.263216 235.812258
1127.694810 227.441030
1221.386830 218.692264
1321.050413 209.396159
1426.986303 199.480613
1540.077334 188.936112
1660.892938 177.618640
1035.490164 325.211297
1124.312928 319.547746
1218.446473 313.483782
1318.579896 307.119321
1425.138342 300.241659
1538.875879 293.005874
1660.420400 285.300870
1031.671734 415.826561
1120.879697 412.704673
1215.507318 409.492901
1316.116229 406.043635
1423.312383 402.455060
1537.639649 398.477430
1660.045963 394.440958
1027.804354 507.288919
1117.419906 506.892489
1212.498752 506.619607
1313.614668 506.300436
1421.380571 505.865049
1536.427312 505.504302
1659.605542 505.030722
1023.975295 599.850635
1113.975484 602.253026
1209.447752 604.923545
1311.139159 607.641210
1419.438082 610.631037
1535.219741 613.748996
1659.162232 617.211887
1020.020253 693.492431
1110.329019 698.796642
1206.380203 704.449583
1308.467256 710.347770
1417.469534 716.800307
1533.964777 723.644985
1658.700505 731.017227
1016.049304 788.177413
1106.772562 796.290698
1203.256603 805.029532
1305.980487 814.369898
1415.493235 824.282938
1532.728752 834.921600
1658.273319 846.386591
1069.125195 182.788614
1154.190386 173.451107
1244.069920 163.698850
1339.391076 153.388984
1440.417650 142.420497
1547.929080 130.762235
1662.336302 118.341424
1059.218273 260.941730
1145.475580 253.793150
1236.764416 246.140640
1333.610639 238.129658
1436.491043 229.501267
1545.940334 220.435951
1662.576124 210.802324
1048.918604 341.969583
1136.465367 336.947798
1229.212359 331.721803
1327.675676 326.115504
1432.385862 320.216670
1543.879248 313.797185
1663.024016 307.173724
1038.281379 425.834817
1127.139660 423.146442
1221.374940 420.489249
1321.471131 417.566080
1428.062372 414.443165
1541.787302 411.235566
1663.384310 407.650081
1027.305645 512.815504
1117.493198 512.721644
1213.115257 512.772266
1315.080380 512.667488
1423.596739 512.683803
1539.671439 512.631859
1663.815329 512.710294
1015.872874 602.978804
1107.281499 605.704294
1204.686739 608.684629
1308.244623 611.713048
1418.917658 615.123193
1537.317101 618.632567
1664.179423 622.479923
1004.009749 696.556096
1096.918904 702.239697
1195.810752 708.338506
1301.350463 714.872206
1414.026817 721.811191
1534.937870 729.272823
1664.647737 737.310050
1148.352286 257.675061
1239.185637 252.127289
1333.968692 246.368419
1433.218563 240.420961
1536.955691 234.152296
1645.926180 227.571663
1760.136292 220.672113
1140.672929 334.037307
1233.590443 330.129961
1330.723297 325.992301
1432.516835 321.754449
1539.146161 317.230687
1651.054383 312.574793
1768.595686 307.664738
1132.524132 414.385617
1227.722789 412.148250
1327.332281 409.906631
1431.809422 407.527925
1541.371008 405.084965
1656.499347 402.390915
1777.708104 399.762576
1124.057731 498.876353
1221.557667 498.547779
1323.753497 498.379201
1431.005905 498.089087
1543.649908 497.852363
1662.286092 497.663543
1787.217607 497.323931
1115.119341 587.888624
1215.089029 589.684995
1319.831998 591.824589
1430.218466 593.882858
1546.105370 596.173723
1668.555921 598.512921
1797.390302 601.061278
1105.692432 681.760607
1208.058090 686.049009
1315.870963 690.658061
1429.198282 695.367568
1548.695806 700.526732
1675.027642 705.865263
1808.306955 711.464710
1095.660592 780.924786
1200.782995 787.882124
1311.509520 795.248577
1428.378923 803.083720
1551.444896 811.356572
1681.876306 820.051674
1819.892516 829.302599
1151.618943 377.942072
1256.961588 375.589646
1365.917487 373.275210
1478.907101 370.869527
1595.925283 368.415515
1717.413561 365.792837
1843.389108 363.141886
1151.177468 479.523599
1256.357449 479.052230
1365.307599 478.501017
1478.137908 478.005888
1594.973768 477.436231
1716.330038 476.886089
1842.236779 476.411736
1150.699079 581.069390
1255.750743 582.311627
1364.645105 583.604715
1477.294073 584.922240
1594.084213 586.396751
1715.272958 587.728236
1841.202175 589.346365
1150.262921 682.317346
1255.268475 685.269073
1363.936675 688.426362
1476.499601 691.653633
1593.174306 694.976951
1714.169266 698.434121
1839.720321 701.987310
1149.869577 783.414248
1254.713625 788.112261
1363.237366 793.042134
1475.688512 798.120834
1592.216032 803.454994
1713.151585 808.893557
1838.508769 814.639285
1149.429592 884.339339
1254.155642 890.830660
1362.630625 897.545250
1474.873085 904.543726
1591.247674 911.824456
1712.075560 919.293665
1837.268940 927.028621
1149.013269 984.981948
1253.579509 993.184173
1361.909526 1001.718205
1474.146631 1010.643598
1590.249985 1019.595154
1710.893291 1029.146172
1836.237497 1039.356225
1079.373233 257.483512
1185.814576 250.298477
1297.881445 242.926266
1416.368629 235.025133
1541.364534 226.762382
1673.592583 217.919628
1813.753163 208.598325
1089.359646 358.450014
1192.926705 354.216131
1301.707001 349.715123
1416.443927 344.936632
1537.302813 339.846849
1665.055206 334.548575
1800.110485 328.974130
1098.907867 453.907609
1199.627411 452.036510
1305.400295 450.071744
1416.545613 447.982042
1533.652729 445.911577
1657.112279 443.577408
1787.481843 441.215371
1107.835315 543.887206
1205.923828 544.208507
1308.715486 544.637241
1416.734259 545.084957
1530.262115 545.423181
1649.674148 545.850204
1775.558971 546.266414
1116.403505 629.010816
1211.943606 631.344444
1312.006378 633.777719
1416.877212 636.287223
1527.060185 638.999161
1642.768603 641.808942
1764.485099 644.723089
1124.400750 709.754580
1217.583955 713.879426
1314.973545 718.094270
1416.966626 722.519565
1523.884433 727.248747
1636.200184 732.127856
1754.039036 737.266939
1132.061058 786.349934
1222.871131 791.934639
1317.769810 797.794280
1417.087245 804.014686
1520.974985 810.500177
1629.961425 817.219918
1744.273285 824.343361
1140.774544 88.090244
1249.411366 80.385384
1362.005684 72.524001
1479.092215 64.374624
1600.035138 55.859632
1726.077187 47.092338
1857.140706 37.242066
1141.485526 195.313480
1249.167956 189.708570
1360.737114 183.790400
1476.544391 177.738421
1596.495705 171.401839
1721.143746 164.881337
1850.298464 158.155271
1142.140009 300.891930
1248.934807 297.071008
1359.615182 293.167722
1474.246127 289.071510
1593.063310 284.980096
1716.443936 280.525941
1844.642784 276.144028
1142.808792 404.518635
1248.699405 402.548090
1358.344407 400.594858
1471.950630 398.564221
1589.672562 396.392041
1711.871294 394.180678
1838.558395 391.865932
1143.562533 506.441964
1248.537840 506.291750
1357.203552 506.134045
1469.734498 505.963870
1586.388582 505.885413
1707.426958 505.686694
1832.874187 505.504522
1144.178840 606.740296
1248.235737 608.332025
1356.011496 609.906517
1467.486242 611.617132
1583.026098 613.456430
1702.964562 615.238021
1827.271588 617.142991
1144.829946 705.315171
1248.003509 708.480819
1354.799073 711.818102
1465.397251 715.370004
1579.836869 719.018678
1698.531586 722.676611
1821.694001 726.643680
