-1.90404644888810 -1.77750945716430 0.11052291595827 
-1.99968816674509 -2.15752185333711 0.78075929505061 
2.03713198760586 2.12921825883461 0.64931089985727 
1.93026739610462 1.81774815434189 0.08869041586056 
2.08443934892279 2.07554898340177 -0.12238207988910 
-2.05826054201810 -2.03604220853620 -0.09660048390072 
2.04588411231349 2.18307625040199 0.77187026712177 
1.98279845980876 1.94907480467272 0.30121658428125 
1.92973608727214 1.81777932383871 0.08886707307920 
2.16063057888816 2.18748646922200 0.32791179620114 
-2.02275105679276 -2.20363212939986 -0.88645974250692 
2.13292209733762 2.13227184995798 -0.01358166565490 
1.89820843087047 1.74966593889089 -0.01233876530247 
-1.90696266106036 -1.77681427106250 -0.09014855985732 
-2.03121375378028 -2.03884129953227 0.33464599864431 
2.03003197530891 2.19306910799803 -0.79207869436160 
2.03173997732309 2.24696202159382 -0.91881896280389 
-2.09007725179265 -2.09833289152405 0.22934047370278 
-1.87653789091804 -1.70884436445783 0.00985986895934 
-2.05627431254539 -2.03706427543913 0.11786861597451
