-32.80612089443017 -13.96392582107575 83.12067380071527
-25.87908464749561 -31.32587696032843 96.22189942205080
-6.69686497089537 -17.31989628404832 64.04348077618744
-11.39978336789283 -31.21023337463977 76.27732855695535
-20.76933158121254 -32.36085730084742 77.49601700755994
-25.22678397607046 -14.43036234632515 72.21625633749295
-36.63350698009535 -13.69663386191130 62.95458247140461
-39.78609278718584 -26.46240304582094 71.02105213763234
-41.94495647258734 -30.89407285953353 76.53529756317324
-46.39374591881547 -30.54379216563380 63.45770910689093
-36.75168910690039 -20.31118874710783 56.03952186166808
-47.78809196942991 -19.17624780306135 69.18515329632403
-41.72882431744187 -25.45428481846735 72.33796255052667
-1.47384977832868 -9.83242108593998 80.21674454300434
1.02066385267055 -23.14427183046569 87.07743939103339
5.56376422417760 -32.13976317125082 98.49877657485141
7.94572239765189 -24.57824881246553 99.53268479818112
5.90312542439105 -15.51354644043361 81.79645332415485
-1.57802115297620 -21.63400162855605 81.19985138009702
4.76597375552168 -31.71255698419550 78.62431229863476
