508.178222 403.870734
586.426541 399.263530
670.298998 394.630906
760.426386 389.720266
857.173782 384.691446
961.238077 379.521447
1073.021260 374.252291
529.310036 497.778295
606.831917 496.552727
689.680015 495.326130
778.558980 494.141789
873.914340 492.824228
976.271091 491.674078
1086.028987 490.641459
550.015584 588.473760
626.660162 590.177679
708.549765 592.095782
796.147848 594.159958
890.038587 596.528819
990.560008 598.957677
1098.148564 601.692270
570.097407 675.636133
645.929496 680.116606
726.757015 685.008168
813.106644 690.273646
905.471404 695.685157
1004.158913 701.456866
1109.483754 707.589184
589.661958 759.553892
664.651221 766.615794
744.478124 774.072463
829.506013 781.942944
920.232364 790.304763
1017.031822 799.056231
1120.163773 808.302926
608.554546 840.260153
682.622936 849.599454
761.370456 859.420265
845.087536 869.724559
934.275064 880.619390
1029.202054 892.036745
1130.120076 904.059428
626.902040 917.756896
700.025726 929.067444
777.598994 940.978237
860.092121 953.560879
947.695400 966.727586
1040.762143 980.478704
1139.539768 994.975797
635.177500 165.717062
708.596278 155.070368
786.502484 144.077946
869.269382 132.785891
957.156326 121.000276
1050.686425 108.894309
1149.841537 96.515345
616.800791 243.290813
691.150650 234.772363
770.147478 225.883792
854.210656 216.756092
943.846388 207.260329
1039.133517 197.563444
1140.505773 187.628295
597.797078 324.415917
673.056361 318.116219
753.154166 311.638419
838.600122 304.906514
929.751554 298.038317
1026.882851 290.925955
1130.491683 283.816923
578.308330 408.888949
654.385139 405.093787
735.511173 401.323904
822.217172 397.382720
914.940371 393.346568
1014.033323 389.346209
1119.779740 385.236967
558.253390 497.011495
635.153641 496.020439
717.223492 495.205502
805.311145 494.257042
899.423409 493.481334
1000.377338 492.716045
1108.244129 492.216908
537.570829 588.659951
615.171330 590.740621
698.469663 593.136368
787.564937 595.585568
883.233114 598.472835
985.892100 601.441860
1095.897107 604.685361
516.360992 683.915213
594.884738 689.297483
679.113778 695.089069
769.426296 701.417066
866.360091 708.106494
970.770463 715.187766
1082.701884 722.709476
916.154264 308.320260
1025.969255 315.940287
1128.426334 323.335282
1224.046554 330.613396
1313.329662 337.643131
1396.714290 344.286894
1474.596729 350.813718
906.571114 427.275084
1015.202005 430.798549
1116.657037 434.431047
1211.382627 437.925705
1299.909131 441.397796
1382.713618 444.708050
1460.093928 447.970328
897.394417 542.952156
1004.573499 542.745786
1104.918024 542.595844
1198.729173 542.609838
1286.478630 542.705872
1368.634904 542.711626
1445.512455 542.973390
888.426834 655.081913
994.244766 651.275625
1093.269194 647.715713
1186.125819 644.380686
1273.077326 641.287549
1354.519755 638.308703
1430.920204 635.681162
879.853012 763.333786
984.099436 756.284193
1081.879259 749.539625
1173.556145 743.226306
1259.758791 737.093900
1340.446170 731.406489
1416.293656 725.941257
871.616921 867.841025
974.274237 857.772815
1070.659255 848.126592
1161.350957 838.938480
1246.531568 830.038053
1326.601039 821.678583
1401.884251 813.762394
863.639311 968.477874
964.597760 955.580665
1059.798521 943.169151
1149.282866 931.481054
1233.559596 920.105761
1312.798963 909.253783
1387.442681 899.020083
858.111502 93.553340
955.981164 106.320501
1048.272258 118.608139
1135.339219 130.751754
1217.397921 142.436918
1294.859617 153.699813
1367.927522 164.677465
868.340488 184.317913
968.332768 194.711115
1062.542235 204.895331
1151.189714 214.839142
1234.634216 224.503896
1313.129800 233.812175
1387.067177 242.746183
879.022802 280.182182
981.232984 288.043303
1077.306212 295.738058
1167.627217 303.315881
1252.349398 310.643586
1331.960751 317.598923
1406.849281 324.479643
890.290649 381.518479
994.779334 386.404706
1092.722062 391.310661
1184.507197 396.079850
1270.566583 400.799426
1351.289113 405.317733
1427.069564 409.780016
902.191226 488.407348
1008.789945 490.013855
1108.541024 491.793670
1201.901275 493.574755
1289.341670 495.236811
1371.101407 497.056855
1447.689846 498.764409
914.781610 600.997661
1023.453816 599.023860
1125.098616 597.298453
1219.966035 595.654182
1308.587583 594.125113
1391.462689 592.762820
1468.929336 591.561710
927.904735 719.322112
1038.626976 713.364750
1142.125159 707.585262
1238.479688 702.365515
1328.357740 697.264844
1412.141285 692.570000
1490.407448 688.191533
689.383881 77.089322
796.006750 79.499479
901.528496 82.331090
1005.815579 85.715792
1108.595805 89.468809
1209.681650 93.667111
1308.792398 98.259291
685.771473 172.445117
794.461674 174.355166
902.085459 176.674221
1008.404777 179.478177
1113.158575 182.665861
1216.064645 186.210276
1316.909288 190.094527
682.121825 271.955839
792.892603 273.337346
902.588412 275.131578
1011.023771 277.320575
1117.687807 279.862603
1222.416505 282.622874
1325.040671 285.799095
678.514134 375.608981
791.361773 376.441674
903.141024 377.669083
1013.526206 379.167240
1122.161263 380.994436
1228.750444 383.025957
1333.122529 385.275286
675.013240 483.472279
789.876268 483.793827
903.616599 484.448993
1016.047852 485.214318
1126.612322 486.151045
1234.986594 487.288774
1341.015729 488.576102
671.671948 595.405813
788.395302 595.250372
904.265136 595.263329
1018.560872 595.275073
1130.954172 595.314871
1241.202446 595.395306
1348.922181 595.628628
668.453403 711.369087
787.143338 710.602622
904.884049 709.811291
1021.063662 709.051104
1135.232125 708.165261
1247.093176 707.205991
1356.465453 706.258766
589.939238 379.916500
698.832772 377.817568
810.587383 375.982581
925.278732 374.380528
1042.361985 373.129160
1161.550623 372.184868
1282.421196 371.509749
598.237014 489.400251
705.526840 488.786010
815.642333 488.385205
928.493910 488.112063
1043.705724 487.912768
1160.985472 487.962176
1279.833304 488.229660
606.671468 595.732017
712.315260 596.429984
820.641932 597.228464
931.632725 598.163716
1044.919737 599.088513
1160.145204 600.046959
1276.928645 601.166543
615.053605 698.537878
719.075647 700.458909
825.515349 702.517650
934.608088 704.553702
1045.901292 706.447131
1159.014558 708.328390
1273.694120 710.232891
623.410822 797.903563
725.738525 800.953958
830.442380 804.015886
937.496373 806.975414
1046.724487 809.880573
1157.723894 812.691859
1270.227379 815.341451
631.583500 893.849598
732.186946 897.891900
835.087893 901.865705
940.223245 905.757422
1047.404029 909.484882
1156.329138 913.100810
1266.696535 916.488705
639.685473 986.208485
738.500522 991.111948
839.594267 995.918862
942.861408 1000.695978
1048.001032 1005.191596
1154.772004 1009.466196
1262.998886 1013.592856
305.863615 380.256597
432.909360 383.947643
553.388407 387.675301
667.434795 391.546046
775.244521 395.417399
877.115017 399.181212
973.320286 403.028787
306.556101 494.775803
430.731689 495.204165
548.589765 495.891943
660.244172 496.602213
765.958401 497.440783
866.049274 498.272827
960.630639 499.280561
307.966480 604.107348
429.061122 601.630962
544.282387 599.289043
653.678551 597.205557
757.259500 595.278877
855.455491 593.433517
948.399590 591.831368
309.620840 708.349348
427.930665 703.139507
540.422774 698.167652
647.506730 693.496569
749.037517 689.071509
845.312269 684.761282
936.642772 680.799616
311.741706 807.476031
427.080712 799.929143
537.112862 792.535255
641.726360 785.538874
741.321647 778.753752
835.651746 772.352426
925.301767 766.083884
314.080345 901.907574
426.666333 892.187822
534.015803 882.693248
636.488657 873.539299
733.900398 864.574800
826.524160 856.047761
914.530569 847.859882
316.773173 991.532535
426.446062 979.909899
531.387693 968.445212
631.490852 957.427486
726.911161 946.624224
817.676533 936.201310
904.105288 926.230540
319.431448 166.218444
435.655420 175.412329
546.356095 184.441144
651.726625 193.596864
751.861393 202.559987
846.892419 211.338836
937.056793 220.008946
316.515279 272.214125
434.096432 278.699788
546.063330 285.241477
652.470399 291.768390
753.548169 298.238895
849.393515 304.560225
940.308368 310.848233
314.144306 380.785526
432.882927 384.514360
545.958343 388.319837
653.438836 392.218755
755.310327 396.022985
851.955439 399.768732
943.580303 403.619127
312.219929 491.884997
432.191224 492.622952
546.241683 493.548852
654.543571 494.596668
757.232457 495.748408
854.620153 496.855856
946.889019 498.173345
310.888055 605.016744
431.812610 602.760709
546.747641 600.739204
655.902967 598.903367
759.359652 597.162363
857.333898 595.681606
950.158208 594.246170
310.106084 720.167931
431.872663 714.810283
547.680003 709.714841
657.661689 704.879141
761.691834 700.223030
860.253938 695.859927
953.562798 691.679599
309.913533 836.873042
432.373743 828.357096
549.011923 819.970265
659.518646 812.124061
764.257818 804.449404
863.148609 797.161331
956.838576 790.186369
326.977204 107.760118
436.388245 117.798857
540.885582 127.662914
640.640821 137.672335
735.735494 147.489969
826.319952 157.093553
912.490706 166.566615
323.455110 197.461980
435.616474 205.471748
542.738064 213.517169
644.800816 221.534869
742.005568 229.456600
834.392544 237.231637
922.192594 244.906774
320.069274 292.091143
435.093965 297.933791
544.810858 303.825020
649.375537 309.722739
748.569956 315.529815
842.808867 321.193182
932.322006 326.959318
316.942159 391.953651
435.010211 395.284094
547.368993 398.748771
654.162175 402.217183
755.479682 405.775797
851.665343 409.262312
942.878862 412.830648
314.191883 497.184290
435.174368 497.759890
550.150597 498.594411
659.385827 499.478750
762.881672 500.409195
860.933723 501.490213
953.760609 502.593137
311.911701 607.915283
435.744752 605.495574
553.586208 603.369032
665.198925 601.389675
770.769142 599.486222
870.778985 597.841693
965.263185 596.306155
309.979366 724.302707
436.834561 718.598727
557.443695 713.028481
671.475657 707.954906
779.186965 703.049781
880.909007 698.398445
977.006688 693.967981
123.079271 48.474660
249.669056 52.679560
374.529623 57.070032
497.506656 62.264472
617.981125 67.895270
735.728165 73.997437
850.385109 80.559996
124.226868 169.761014
250.437160 172.572121
374.801243 175.872257
497.075803 179.601604
617.057409 183.756550
734.280381 188.243590
848.413515 193.148919
126.583096 290.083670
251.892764 291.754987
375.526560 293.795092
497.224531 296.185080
616.476634 298.906287
732.976121 301.778086
846.478694 305.027049
129.545001 409.269796
254.147800 409.773537
376.875519 410.578197
497.688958 411.634550
616.150295 412.927100
731.823324 414.325890
844.616529 416.032366
133.404990 526.928188
256.973108 526.405543
378.782643 525.995287
498.602048 525.742801
616.143624 525.599764
730.864328 525.666000
842.805636 525.798286
137.929189 642.895877
260.395865 641.261236
381.146787 639.690878
499.930372 638.195557
616.451701 636.655898
730.282692 635.258607
841.207604 633.964390
143.163984 756.677997
264.395156 753.979718
384.003546 751.181654
501.646814 748.535080
617.053826 745.690986
729.775863 742.924424
839.631921 740.275204
236.325453 215.564288
376.969028 224.313879
509.815802 232.953060
635.281790 241.703080
753.430371 250.376286
864.452620 258.777909
968.810710 267.130057
239.208707 341.327602
375.360300 346.117277
504.252790 351.098509
626.080211 356.007368
740.975860 360.915155
849.288380 365.733773
951.292382 370.646599
242.838103 459.528400
374.444731 460.835114
499.399049 462.223964
617.721735 463.812005
729.456425 465.469086
835.052346 467.091630
934.644831 468.880058
246.693125 570.353111
374.149153 568.504186
495.102062 566.858757
610.053670 565.472847
718.777476 564.230372
821.614393 562.990713
918.916198 562.136464
250.910314 674.048785
374.207970 669.585979
491.587943 665.230339
603.010282 661.224704
708.909287 657.341874
808.962720 653.801239
903.969671 650.399976
255.331943 771.399827
374.706960 764.533181
488.352920 757.864135
596.738281 751.493191
699.671886 745.295783
797.303113 739.554758
889.936318 733.996113
259.941499 862.542654
375.361392 853.545735
485.666794 844.770048
590.875225 836.451112
691.071408 828.277350
786.165145 820.474756
876.574237 813.034546
138.686452 288.901736
255.438463 288.685533
372.360978 288.738408
489.490100 289.323805
606.363350 290.158686
722.625014 291.339000
837.801914 292.900710
130.576804 401.746865
248.532885 401.398323
366.740618 401.314181
485.100477 401.587361
603.297182 402.033758
720.689802 402.707082
837.049894 403.651326
123.148215 517.248647
242.141549 516.803288
361.497530 516.578787
481.144109 516.482374
600.397559 516.507868
718.877842 516.603283
836.380375 516.999824
116.222065 635.066203
236.450571 634.518906
356.852286 634.052986
477.452044 633.625769
597.776637 633.204141
717.340857 632.815157
835.842525 632.598800
110.132620 754.846648
231.171783 754.246711
352.569586 753.632068
474.149700 752.830506
595.421017 751.951344
715.981525 751.061469
835.303456 750.163952
104.607380 876.434795
226.443012 875.713219
348.807379 874.893435
471.207073 873.822101
593.377569 872.462448
714.797153 870.922267
834.988157 869.221263
100.218383 999.021702
222.346822 998.619075
345.725982 997.278881
468.832028 996.055830
591.619021 994.212101
713.678691 992.028583
834.539522 989.609238
293.575270 174.631651
410.920571 183.512501
522.697126 192.204339
629.110661 201.079667
730.291606 209.728557
826.427730 218.255858
917.566270 226.664279
288.654139 266.415305
410.007318 273.096995
525.538247 279.803237
635.221674 286.550002
739.402780 293.216884
838.057233 299.763322
931.510000 306.252885
283.796080 364.924203
409.340637 369.164906
528.676160 373.476110
641.973440 377.892604
749.034777 382.205026
850.365922 386.445065
946.258459 390.798496
279.077786 470.805264
409.169471 472.138540
532.492711 473.645922
649.164321 475.242733
759.366856 476.997999
863.520240 478.708716
961.836569 480.612103
274.645328 584.478011
409.251278 582.454989
536.611907 580.825877
657.099358 579.356560
770.567294 577.957198
877.507278 576.893734
978.222048 575.861409
270.631627 706.492145
409.852773 700.736445
541.695203 695.453523
665.896064 690.402771
782.611979 685.608700
892.503142 681.121574
995.703290 676.840548
266.903719 837.423849
411.085370 827.437086
547.453973 817.736853
675.477604 808.727677
795.660288 799.906301
908.284522 791.643305
1013.930586 783.752222
1035.528537 464.820559
1136.513752 463.399860
1242.000272 462.248873
1352.262959 461.154245
1466.933811 460.278588
1586.082150 459.492635
1709.774775 458.870166
1046.474156 556.317369
1144.912252 557.144301
1247.508853 558.100125
1354.559819 559.194101
1465.825593 560.334001
1581.372812 561.700354
1701.098390 563.282476
1056.830099 643.082417
1152.633419 645.732719
1252.510370 648.501777
1356.425827 651.442646
1464.441780 654.617923
1576.440051 657.807892
1692.363273 661.258540
1066.452840 725.055052
1159.781669 729.380957
1256.890197 733.883530
1357.917358 738.583717
1462.763677 743.333215
1571.341792 748.229036
1683.570128 753.280515
1075.547285 802.574630
1166.455745 808.451036
1260.983277 814.415740
1359.126867 820.521945
1460.922433 826.845164
1566.166412 833.252674
1674.918229 839.750299
1084.007748 875.996879
1172.615855 883.204351
1264.581805 890.482007
1359.976298 897.909487
1458.789040 905.506189
1560.961297 913.212890
1666.388825 921.048999
1092.053901 945.511620
1178.321746 953.789701
1267.832350 962.223758
1360.648252 970.874096
1456.654003 979.622581
1555.796427 988.426414
1658.105310 997.430893
1057.270800 266.617899
1152.709379 261.208095
1252.120984 255.958182
1355.653819 250.850911
1463.151213 245.845277
1574.628245 241.029297
1689.970594 236.397897
1057.409488 361.350168
1153.018865 358.110072
1252.631745 354.912985
1356.402314 351.899391
1464.170079 348.968299
1575.926551 346.242741
1691.546003 343.743031
1057.394553 456.825770
1153.143678 455.589232
1252.882023 454.536030
1356.786574 453.565724
1464.730016 452.841899
1576.615140 452.153065
1692.507115 451.771393
1057.275916 552.500969
1153.052204 553.345492
1252.818049 554.455500
1356.726779 555.687693
1464.729737 557.025002
1576.687297 558.568478
1692.554339 560.221410
1057.105404 648.276003
1152.774514 651.270542
1252.486481 654.462362
1356.362128 657.777805
1464.243634 661.328847
1576.235243 664.986063
1691.959762 668.844974
1056.690263 743.913234
1152.177042 749.092457
1251.807298 754.406759
1355.485401 759.842276
1463.261525 765.548338
1575.093179 771.318811
1690.716112 777.299468
1056.253392 839.168225
1151.536079 846.365757
1250.899513 853.772844
1354.413819 861.473005
1461.921212 869.251305
1573.412220 877.154189
1688.759548 885.301025
1100.173745 158.964948
1186.566872 152.310729
1276.137203 145.738371
1368.908073 139.306623
1464.793948 132.974446
1563.915738 126.800090
1666.074032 120.781418
1092.209431 229.162810
1180.808800 223.747574
1272.825907 218.340396
1368.233328 213.140637
1467.035419 208.021766
1569.039485 203.105436
1674.359129 198.342817
1083.650507 303.607988
1174.608632 299.485874
1269.169136 295.524949
1367.355756 291.661152
1468.996622 287.972096
1574.210696 284.319432
1682.898578 281.018946
1074.563658 382.331829
1167.923891 379.715350
1265.093044 377.354808
1366.053932 375.023817
1470.796202 372.872064
1579.276605 370.912861
1691.454268 369.084070
1064.876493 465.768713
1160.696589 464.878469
1260.384400 464.269796
1364.450569 463.691380
1472.319216 463.328572
1584.238534 463.089751
1699.976455 463.137298
1054.508650 554.045078
1152.702447 555.174154
1255.390890 556.551355
1362.246263 557.976495
1473.479626 559.664433
1588.930715 561.462741
1708.463514 563.470588
1043.339308 647.456678
1144.199778 650.770728
1249.666881 654.279823
1359.762080 658.083960
1474.270538 662.018390
1593.417741 666.164417
1716.826961 670.450124
1127.548765 267.292536
1212.382520 261.181709
1301.398452 255.014699
1394.787856 248.889223
1492.589152 242.670827
1595.130855 236.458307
1702.313600 230.290973
1116.573404 340.730890
1203.282075 336.396662
1294.478916 331.972886
1390.262129 327.696640
1490.884190 323.335975
1596.314713 319.051333
1706.725459 314.854970
1104.799732 418.252445
1193.555771 415.785133
1286.968243 413.442462
1385.358093 411.141948
1488.668260 408.976893
1597.130090 406.755990
1710.986540 404.852022
1092.430070 499.869189
1183.175262 499.538326
1278.899502 499.516441
1379.722873 499.517098
1485.895655 499.692257
1597.599773 500.088998
1714.911922 500.548167
1079.277770 585.887146
1172.083525 588.007882
1269.984642 590.498823
1373.588149 593.084836
1482.574571 595.967833
1597.621052 599.049223
1718.449096 602.493075
1065.245691 676.389853
1159.953439 681.372440
1260.429137 686.656046
1366.481642 692.126445
1478.613925 698.084424
1596.984428 704.283621
1721.523562 710.862151
1050.398470 771.572318
1147.229159 779.561385
1249.942736 787.967080
1358.830399 796.823037
1473.935123 806.136102
1595.728985 815.895426
1724.115862 826.047638
1149.992945 378.937684
1253.845922 377.278082
1360.375747 375.932233
1469.438558 374.807740
1580.782232 373.895714
1694.240103 373.176028
1809.572305 372.722570
1149.971611 479.756206
1253.870514 479.638459
1360.576685 479.676899
1469.744210 479.952338
1581.163711 480.326409
1694.783098 480.891519
1810.195833 481.657348
1149.686794 580.990571
1253.595156 582.328660
1360.322128 583.809190
1469.491520 585.380683
1580.964740 587.168328
1694.567406 588.885911
1810.098198 590.907768
1149.207872 682.119582
1253.060499 684.882567
1359.627721 687.855666
1468.734677 690.870553
1580.174417 693.891173
1693.649135 696.967284
1809.031899 700.102189
1148.562594 782.976418
1252.185241 787.267391
1358.556089 791.622315
1467.526233 796.000051
1578.748339 800.428602
1692.110414 804.799396
1807.274898 809.156107
1147.663814 883.378104
1251.021202 889.203101
1357.128655 894.988293
1465.772194 900.766370
1576.707128 906.496091
1689.846019 912.135366
1804.804598 917.708413
1146.670700 983.039975
1249.590094 990.295963
1355.344413 997.474399
1463.687185 1004.719714
1574.239315 1011.712271
1686.851082 1018.376448
1801.570734 1025.612732
1032.894131 268.258140
1130.174266 260.315872
1233.349360 252.363428
1342.858656 244.178841
1458.693125 235.997100
1581.128785 227.719076
1710.430500 219.341093
1048.069000 363.695885
1143.362285 358.990736
1244.174867 354.180321
1350.981548 349.371430
1463.787377 344.484589
1582.915330 339.674315
1708.439154 334.947677
1062.488756 454.938719
1155.723111 452.937154
1254.243977 450.966238
1358.348735 449.054603
1468.203379 447.336966
1583.972188 445.574528
1705.868665 444.005725
1076.013620 541.722815
1167.227634 542.203492
1263.421095 542.901702
1364.978452 543.752152
1471.937788 544.644000
1584.421367 545.751129
1702.693135 547.004772
1088.858370 624.322229
1178.031462 627.116203
1272.017445 630.074194
1370.927093 633.230646
1475.074627 636.637880
1584.440953 640.271349
1699.177455 644.112534
1100.829334 702.967694
1188.036070 707.835383
1279.782958 712.839118
1376.215206 718.105135
1477.571514 723.692120
1583.961035 729.513729
1695.324196 735.643376
1112.225404 777.736438
1197.460732 784.294331
1287.008464 791.161071
1381.094758 798.437214
1479.719397 805.946278
1583.078542 813.699342
1691.239761 821.851104
1137.093808 96.021628
1243.143018 89.950383
1352.026783 84.289327
1463.637411 79.036819
1577.623710 74.190813
1693.902709 69.637315
1812.047752 65.674527
1138.755365 199.628825
1244.388824 195.203552
1352.885770 191.035610
1464.038063 187.257868
1577.494227 183.794751
1693.171868 180.713189
1810.762506 177.984841
1140.185214 302.883277
1245.288886 299.945024
1353.314017 297.334186
1463.857614 294.943065
1576.697436 292.943645
1691.708732 291.051573
1808.761749 289.600575
1141.412899 405.193364
1245.880450 403.806144
1353.204509 402.721031
1463.089119 401.817270
1575.250111 401.050192
1689.584617 400.542642
1805.746554 400.247051
1142.489466 506.513117
1246.258274 506.671584
1352.807087 506.953462
1461.862726 507.404424
1573.241495 508.083361
1686.770587 508.854449
1802.058818 509.733051
1143.209624 606.589702
1246.181486 608.216242
1351.910803 609.879848
1460.073658 611.734943
1570.577881 613.711821
1683.225561 615.695337
1797.677065 617.810290
1143.761630 705.110745
1245.857680 708.054102
1350.651826 711.100205
1457.936661 714.344234
1567.481077 717.555245
1679.022470 720.741253
1792.471446 724.057698
