504.884922 401.818462
584.503009 397.742143
669.347850 393.594622
760.161687 389.095641
857.278997 384.329355
961.702379 379.118152
1074.115953 373.521958
527.040975 496.865605
605.702238 495.997611
689.340927 495.099605
778.708495 494.138542
874.198821 492.951817
976.716256 491.803727
1086.851036 490.626402
548.402312 588.192872
626.000052 590.064742
708.533171 592.139010
796.456648 594.292171
890.429805 596.687940
991.016225 599.096335
1098.932038 601.838488
568.846722 675.720811
645.488750 680.235164
726.849302 685.094053
813.472820 690.318199
905.903650 695.723505
1004.687078 701.531380
1110.404320 707.783648
588.551337 759.902716
664.251800 766.846526
744.551971 774.215674
829.849770 782.009671
920.731066 790.361426
1017.728743 799.215621
1121.363086 808.746804
607.457084 840.949733
682.206069 850.103277
761.407485 859.796562
845.405832 870.018151
934.857556 880.968375
1030.129413 892.634443
1131.788327 905.130340
625.674972 918.910807
699.487451 930.042443
777.537640 941.852058
860.418592 954.401162
948.391712 967.738220
1042.002659 981.920371
1141.819687 997.127855
631.836816 159.898622
706.335084 149.615964
785.182173 138.847641
868.892546 127.472001
957.817099 115.245838
1052.715786 102.272795
1153.767071 88.497608
613.952374 239.422097
689.269895 231.381983
769.058240 222.842179
853.849012 213.795786
944.221906 204.076167
1040.552406 193.874441
1143.367584 182.962858
595.427578 321.966482
671.644088 316.154353
752.421875 310.082133
838.381086 303.586999
929.997207 296.692828
1027.837376 289.262481
1132.519665 281.529350
576.278375 407.432015
653.311180 404.098686
735.120191 400.710110
822.210177 397.044838
915.176003 393.088990
1014.633147 388.941011
1121.131912 384.430224
556.447959 496.222541
634.316206 495.571896
717.046972 495.054410
805.476805 494.306728
899.728050 493.625246
1000.842520 492.800707
1109.154262 492.127933
535.771148 588.361995
614.395700 590.604025
698.381926 593.148867
787.845843 595.705790
883.621992 598.617978
986.338614 601.563227
1096.646146 604.806351
514.296945 684.038763
593.936309 689.409093
678.920268 695.191700
769.678933 701.470610
866.771444 708.108463
971.279465 715.210400
1083.543360 722.885403
916.440905 307.096374
1026.884572 314.630162
1130.133974 321.707134
1226.998223 328.453577
1317.993369 334.805427
1403.766755 340.622184
1484.581532 346.278914
906.892683 427.163189
1015.804741 430.632056
1117.737984 434.036678
1213.441121 437.174449
1303.408522 440.164587
1388.274213 442.949394
1468.292674 445.587382
897.797463 543.090361
1005.046199 542.865853
1105.692418 542.639261
1200.218090 542.528935
1289.234116 542.414742
1373.237875 542.137145
1452.538898 542.092913
888.862204 655.127418
994.724514 651.329013
1093.962061 647.813931
1187.419170 644.577467
1275.450077 641.517635
1358.559593 638.542239
1437.187300 635.859143
880.315919 763.317688
984.661357 756.285011
1082.658831 749.685802
1174.894662 743.587089
1262.108520 737.692605
1344.335659 732.232844
1422.246477 726.954308
872.070995 868.090298
974.951251 858.012922
1071.627418 848.531094
1162.899438 839.644926
1249.088053 831.133252
1330.591491 823.170955
1407.805567 815.669390
864.019766 969.428660
965.358410 956.481153
1060.994701 944.217430
1151.184425 932.822719
1236.485744 921.896102
1317.146565 911.567717
1393.677683 901.917968
857.561555 86.855700
956.699303 100.079699
1050.149302 112.439608
1138.551289 124.317495
1222.135785 135.538369
1301.474339 146.133850
1376.748782 156.217455
868.042375 180.570548
969.002432 191.242828
1064.173143 201.359036
1153.937342 210.918503
1238.775993 220.024203
1319.045889 228.610242
1395.172120 236.661859
879.002276 278.572508
981.824974 286.504320
1078.638820 294.027250
1169.877300 301.211527
1255.921286 307.984939
1337.271432 314.227580
1414.447629 320.310351
890.512946 381.174250
995.332380 386.058446
1093.790174 390.744023
1186.404782 395.153317
1273.731335 399.395700
1356.252888 403.342454
1434.369475 407.114856
902.553086 488.564069
1009.314925 490.115431
1109.431664 491.763742
1203.577008 493.343430
1292.342320 494.671797
1375.992358 496.071565
1455.039876 497.322487
915.271733 601.168550
1024.000103 599.178804
1125.990888 597.453807
1221.646684 595.785788
1311.690657 594.166721
1396.593191 592.646940
1476.673653 591.277711
928.468901 719.339602
1039.284380 713.454671
1143.235284 707.855397
1240.529959 702.817590
1331.933308 697.909102
1417.936965 693.326517
1499.039785 689.094026
686.112899 68.656767
794.529039 71.990352
901.534019 75.203399
1007.301379 78.473467
1111.756087 81.657726
1214.977160 84.850116
1316.897856 88.072349
683.336962 167.328257
793.434394 170.089229
902.112673 172.739525
1009.571215 175.444915
1115.624723 178.108074
1220.337570 180.793669
1323.680273 183.437371
680.476763 269.267916
792.298027 271.361237
902.692849 273.436027
1011.862897 275.506047
1119.550919 277.617623
1225.779082 279.650666
1330.690767 281.772030
677.542127 374.435058
791.220294 375.833721
903.369369 377.300600
1014.159276 378.713505
1123.513966 380.183409
1231.382221 381.665918
1337.890120 383.096820
674.539660 483.119105
790.061188 483.785698
903.941460 484.598403
1016.541738 485.299024
1127.648751 486.048886
1237.186009 486.856087
1345.235860 487.632561
671.456214 595.381838
788.750171 595.377175
904.693789 595.426933
1019.029510 595.411761
1131.865238 595.464660
1243.213666 595.502794
1352.977185 595.589162
668.209985 711.492745
787.491739 710.635627
905.379516 709.843224
1021.652704 709.127450
1136.269339 708.396638
1249.285958 707.683480
1360.823099 707.024085
587.978374 378.169874
698.131864 376.760837
810.547230 375.406916
925.635218 373.950005
1043.266321 372.502310
1163.495993 371.050009
1286.288184 369.507752
597.004674 488.746697
705.343478 488.561580
815.901271 488.445058
928.899229 488.248785
1044.352928 487.926487
1162.380439 487.764939
1282.837735 487.594898
605.847329 595.597781
712.364421 596.472660
821.025305 597.367046
932.042274 598.313890
1045.504147 599.215378
1161.343178 600.179822
1279.586407 601.246846
614.332143 698.675855
719.168578 700.559615
825.943559 702.547260
935.090668 704.591055
1046.547206 706.546257
1160.272028 708.621277
1276.374408 710.772727
622.608770 798.327604
725.725411 801.168638
830.806725 804.120475
938.046393 807.086839
1047.542296 810.122441
1159.256989 813.294976
1273.219029 816.481080
630.562260 894.820000
732.029220 898.556832
835.398437 902.361180
940.854642 906.252880
1048.451677 910.239916
1158.302114 914.369093
1270.283716 918.574756
638.285269 988.110567
738.107301 992.649278
839.855985 997.241021
943.642249 1002.095908
1049.387879 1006.978028
1157.332793 1011.930798
1267.419025 1017.069133
295.570952 375.570553
427.510708 380.887671
550.841502 385.749618
666.449385 390.473327
775.058515 394.919812
877.288762 398.944869
973.737238 402.807306
297.557429 492.351645
426.225227 493.712721
546.643034 495.052529
659.688563 496.247321
766.031484 497.410981
866.319415 498.407963
960.957910 499.431079
299.658172 603.303672
424.980780 601.158134
542.624066 599.051335
653.263402 597.162989
757.458601 595.377236
855.813668 593.574230
948.765560 591.970494
301.480074 708.897858
423.937179 703.478974
538.774501 698.351953
647.061114 693.620470
749.209483 689.136652
845.682399 684.794458
937.035236 680.823526
303.355815 809.315875
422.796668 801.094989
535.203817 793.226089
641.105226 785.884567
741.368673 778.876954
835.984067 772.366605
925.727395 766.072005
305.118257 905.332254
421.839790 894.437241
531.685365 884.084368
635.563657 874.322838
733.766155 865.011138
826.771460 856.273504
914.998534 848.025859
306.805602 996.906942
420.719111 983.585164
528.400028 970.878083
630.108964 958.986253
726.499152 947.668177
817.777622 936.919278
904.567947 926.808033
305.673041 154.989150
427.179495 166.985094
541.319826 178.121775
648.936417 188.800595
750.451837 198.842622
846.443980 208.261694
937.333310 217.199756
304.928268 264.799978
427.359311 273.440670
542.330586 281.569297
650.599346 289.221157
752.727873 296.479613
849.228434 303.285359
940.556693 309.732267
304.236908 376.211118
427.471375 381.467006
543.264823 386.357857
652.274640 391.084857
754.999402 395.455633
852.037072 399.516272
943.872320 403.431066
303.421704 489.438136
427.670554 491.099309
544.223861 492.676334
653.904272 494.225054
757.270990 495.716657
854.850210 497.007489
947.192839 498.329281
302.684950 604.227597
427.787798 602.296700
545.119525 600.519061
655.502235 598.892902
759.565507 597.264499
857.690449 595.837701
950.491453 594.385629
301.980150 720.863006
427.955763 715.250663
546.122167 709.952422
657.294070 705.008211
761.912070 700.273205
860.647922 695.879524
953.958829 691.709777
301.276866 839.209973
428.106234 829.820984
547.208863 820.803098
659.006360 812.523911
764.363092 804.609762
863.532671 797.203335
957.353774 790.249982
312.160410 94.036116
426.798826 107.111684
534.836821 119.283687
637.081306 131.013142
733.797448 142.053730
825.544950 152.466683
912.610416 162.368132
310.691292 187.609349
427.752672 198.111906
538.079919 208.039671
642.223445 217.419784
740.691877 226.309855
833.938363 234.714693
922.361400 242.653734
309.102561 285.345384
428.711538 293.168423
541.324266 300.497720
647.630652 307.460701
747.860364 314.034807
842.698174 320.143264
932.601988 326.056420
307.346009 387.690199
429.827745 392.460626
544.830005 396.929988
653.131597 401.187807
755.271589 405.286921
851.794502 409.080273
943.221754 412.697693
305.593124 494.841093
430.829952 496.328596
548.284731 497.773377
658.829416 499.152297
762.991875 500.390337
861.238005 501.633785
954.119774 502.736454
303.846643 607.176972
431.908119 605.080414
552.121827 603.177413
664.915819 601.377009
771.052897 599.590691
871.184587 597.992917
965.650446 596.454538
301.905884 725.043503
433.055540 719.043057
556.059440 713.267144
671.253551 708.078866
779.487673 703.086910
881.338999 698.411488
977.492629 694.018632
91.027929 24.331232
229.185162 34.031262
360.606407 41.858490
489.192943 50.510749
613.205081 58.370149
733.470109 66.036853
849.725949 73.316810
97.521529 153.403253
232.999554 159.890437
363.908943 166.265399
490.692605 172.362257
613.570232 178.263076
732.641763 183.973086
847.989835 189.576755
103.581521 279.364353
237.342996 283.750547
366.915317 288.010900
492.522907 292.156865
614.195313 296.162914
732.098567 299.949869
846.390335 303.723811
109.152413 402.813367
241.722283 405.123669
369.910576 407.397420
494.232430 409.601925
614.731283 411.768332
731.482832 413.789197
844.796620 415.856997
114.818233 523.701202
245.888056 524.140992
372.866944 524.547693
495.869327 524.928667
615.267401 525.227797
730.908282 525.640245
843.140692 525.941323
120.408232 642.354529
250.042478 640.893052
375.741131 639.500150
497.580435 638.112354
615.786455 636.657786
730.428023 635.340856
841.629552 634.082919
125.881168 758.609738
254.128838 755.314937
378.625256 752.067847
499.243383 749.077483
616.314695 745.973106
729.866426 743.037163
840.064371 740.311013
219.148797 204.387696
367.193283 216.454440
504.612601 227.508714
632.764337 237.953476
752.385582 247.745698
864.316676 256.730528
969.369439 265.216475
224.848393 334.583901
367.578558 341.598862
500.400290 348.196609
624.446643 354.238895
740.469845 359.904303
849.343138 365.177065
951.637777 370.186168
230.413628 455.808627
367.925433 458.441475
496.391784 460.779944
616.606248 463.077951
729.312781 465.226970
835.254230 467.128413
934.968297 468.974604
235.367867 568.781956
368.325105 567.523072
492.497847 566.314489
609.210238 565.242091
718.794559 564.241972
821.928796 563.141503
919.264326 562.301771
240.086741 674.149560
368.583670 669.637968
489.091213 665.268492
602.163689 661.277659
708.924964 657.408331
809.315187 653.873250
904.342217 650.448534
244.568910 773.022567
368.975935 765.549455
485.682283 758.474765
595.759121 751.793506
699.549584 745.426457
797.591829 739.566649
890.338199 733.969793
248.820018 865.717402
369.185980 855.619067
482.611469 846.077434
589.582497 837.177220
690.732111 828.633826
786.321294 820.615347
876.970903 813.089378
116.605930 278.415996
241.064534 280.645705
363.565023 282.782345
484.531331 285.057194
603.850467 287.190764
721.590887 289.282786
837.626231 291.390432
110.173745 395.061862
235.700057 396.439614
359.312705 397.864828
481.287282 399.313678
601.649356 400.660486
720.276882 402.023204
837.181570 403.375590
103.750468 513.689421
230.211331 514.263304
354.921706 514.888003
478.033267 515.499082
599.319089 516.027746
718.857425 516.511505
836.742023 517.126274
97.100639 634.323158
224.860590 634.016243
350.608495 633.741757
474.640244 633.501940
596.912629 633.192653
717.438101 632.909444
836.305196 632.716916
90.387916 756.903634
219.202620 755.737644
346.058795 754.647719
471.168654 753.501693
594.463322 752.297807
716.013892 751.222756
835.733308 750.190300
83.754424 881.763454
213.544488 879.570413
341.547090 877.570941
467.663325 875.570101
592.032419 873.486086
714.611581 871.496379
835.341406 869.563735
76.741322 1008.605135
207.832308 1005.425139
336.991211 1002.417326
464.207358 999.636489
589.510014 996.645645
713.100781 993.748681
834.830620 990.933051
278.673231 163.182661
401.666419 174.948741
517.171323 185.828400
626.008850 196.302694
728.684015 206.082725
825.801331 215.324256
917.673889 224.051037
275.556305 258.313474
402.359575 267.351908
521.308233 275.808980
633.077173 283.793043
738.431559 291.331064
837.806250 298.417770
931.720206 305.102998
272.208880 359.565738
403.023114 365.587652
525.546039 371.173493
640.623903 376.538225
748.638650 381.505943
850.411644 386.110077
946.566091 390.544866
268.560522 467.715681
403.873892 470.229035
530.158586 472.551900
648.416369 474.755638
759.383043 476.921215
863.738642 478.844006
962.161822 480.743440
264.748556 583.269864
404.552998 581.753270
534.793736 580.488905
656.707383 579.305176
770.812587 578.079029
877.869008 577.086833
978.585813 576.022875
260.749286 707.081192
405.337993 701.086684
540.075258 695.647832
665.629866 690.509892
782.923495 685.670286
892.926580 681.182073
996.147308 676.912874
256.306040 840.111828
406.178712 828.994959
545.650308 818.572421
675.133640 809.093875
795.910961 800.035506
908.764587 791.700331
1014.588351 783.878623
1036.175811 464.789394
1137.718634 463.121660
1244.458344 461.568208
1357.054798 459.821782
1475.568001 458.076535
1600.707214 456.178550
1733.153880 454.090572
1047.021796 556.429806
1145.969360 557.209930
1249.698702 558.004671
1358.917728 558.823281
1473.756329 559.595720
1594.851276 560.522546
1722.670621 561.566299
1057.384920 643.186714
1153.710461 645.915215
1254.701413 648.775004
1360.675583 651.779059
1472.135833 655.036772
1589.374079 658.369356
1712.970717 661.994524
1067.112909 725.164067
1161.028978 729.690751
1259.295999 734.507562
1362.392286 739.573110
1470.572621 744.795214
1584.180719 750.356913
1703.710663 756.165068
1076.420605 802.842213
1168.009798 809.052983
1263.753002 815.524000
1364.005001 822.257680
1469.119108 829.457096
1579.350737 836.935450
1695.106611 844.756485
1085.137038 876.626924
1174.558153 884.292257
1267.912603 892.253560
1365.499151 900.560333
1467.635683 909.369463
1574.704287 918.573237
1686.960545 928.210479
1093.491401 946.711848
1180.758956 955.578500
1271.797695 964.888888
1366.931145 974.708552
1466.275142 984.922663
1570.322454 995.551606
1679.382100 1006.827571
1058.563254 264.426407
1155.136867 258.311999
1256.334782 252.033504
1362.730095 245.436951
1474.473519 238.481480
1592.159639 231.197180
1716.228514 223.457364
1058.308656 360.566511
1154.780021 356.868797
1255.868744 352.946694
1362.165388 348.870327
1473.825950 344.516002
1591.378320 340.062335
1715.243914 335.380110
1058.067954 456.722249
1154.449128 455.227432
1255.480463 453.751873
1361.637907 452.123692
1473.260444 450.541105
1590.658279 448.774492
1714.489206 447.027774
1057.803978 552.615878
1154.117403 553.407950
1255.046638 554.356420
1361.087530 555.309587
1472.598944 556.274481
1589.854533 557.406169
1713.436901 558.458913
1057.647584 648.370458
1153.836526 651.448150
1254.623008 654.766803
1360.596182 658.176169
1471.913127 661.843148
1589.141327 665.679372
1712.512971 669.759631
1057.368477 744.035286
1153.424212 749.441010
1254.220200 755.112408
1359.983649 760.986136
1471.210381 767.331896
1588.301456 773.917308
1711.556698 780.883041
1057.140150 839.507218
1153.090759 847.110603
1253.753512 855.128499
1359.525820 863.637626
1470.543411 872.542070
1587.476831 881.882217
1710.668481 891.842546
1102.587952 153.820295
1190.575050 146.075395
1282.363194 138.100167
1378.356694 129.774502
1478.624064 121.111387
1583.750295 112.005483
1693.844012 102.462816
1094.046876 226.014026
1183.980396 219.785922
1277.944535 213.218978
1376.291443 206.406712
1479.227749 199.271475
1587.048316 191.871208
1700.227375 184.051346
1084.963427 301.978302
1176.995431 297.236445
1273.300745 292.359346
1374.130937 287.196553
1479.780994 281.869643
1590.674940 276.174915
1707.281497 270.356925
1075.462530 381.735778
1169.718548 378.671279
1268.400365 375.640667
1371.816200 372.355444
1480.394199 368.952648
1594.441956 365.470275
1714.577184 361.677771
1065.545403 465.703938
1162.045230 464.564492
1263.055145 463.563810
1369.415882 462.355852
1481.029468 461.167403
1598.563465 459.914781
1722.325932 458.651555
1055.043705 554.165906
1153.784080 555.229225
1257.674895 556.455716
1366.708240 557.602139
1481.669553 558.948278
1602.787924 560.292810
1730.564802 561.751476
1043.861128 647.530584
1145.193544 650.935047
1251.779863 654.582251
1364.116404 658.483198
1482.337385 662.560499
1607.319047 666.917662
1739.423854 671.485056
1129.552420 264.747921
1215.731818 257.798721
1306.741191 250.486466
1403.192061 242.812389
1505.332396 234.658170
1614.035062 225.970530
1729.747750 216.742889
1118.004907 339.455336
1205.819328 334.537629
1298.749084 329.244147
1397.357058 323.750386
1502.099679 317.852589
1613.469541 311.664399
1732.307831 305.045256
1105.801294 417.812824
1195.458935 414.941396
1290.435116 412.007012
1391.344076 408.856944
1498.632921 405.592040
1612.925699 402.014325
1735.158666 398.348155
1093.129570 499.857463
1184.605059 499.343992
1281.713132 498.969093
1384.898460 498.487193
1494.908095 498.007831
1612.365650 497.606491
1738.089480 496.992024
1079.855035 585.990383
1173.262280 588.103102
1272.398857 590.516657
1378.266469 592.964952
1491.003908 595.670449
1611.843288 598.520615
1741.244621 601.711200
1065.830453 676.479148
1161.090586 681.591310
1262.763834 687.068295
1371.009426 692.775140
1486.897901 699.073257
1611.139432 705.748530
1744.562542 712.918345
1051.092531 771.702476
1148.509828 779.957071
1252.447323 788.846185
1363.617407 798.338407
1482.537581 808.547444
1610.520254 819.534865
1748.241712 831.318281
1151.653693 377.939314
1257.020848 375.594251
1366.012868 373.289040
1479.047366 370.894272
1596.096746 368.470978
1717.625679 365.852303
1843.735555 363.249011
1151.216947 479.516491
1256.424831 479.056376
1365.406951 478.516558
1478.279052 478.041464
1595.142204 477.514579
1716.527848 476.976380
1842.563586 476.554971
1150.734832 581.078935
1255.810176 582.330595
1364.732380 583.636958
1477.423623 584.972715
1594.248573 586.490143
1715.457081 587.853348
1841.487996 589.491757
1150.296120 682.331547
1255.319508 685.299805
1364.014937 688.475897
1476.614454 691.727895
1593.326810 695.105207
1714.348880 698.593877
1839.971292 702.162578
1149.890789 783.432231
1254.749506 788.142386
1363.311364 793.095350
1475.798766 798.222348
1592.349002 803.612217
1713.316051 809.101786
1838.724685 814.827235
1149.406185 884.368111
1254.146006 890.875113
1362.652489 897.616035
1474.916280 904.640349
1591.321339 911.965009
1712.174498 919.469049
1837.461588 927.189186
1148.972516 985.035409
1253.542687 993.238043
1361.893045 1001.783501
1474.146174 1010.739568
1590.255152 1019.730168
1710.933312 1029.318155
1836.371863 1039.534252
1034.026941 266.175716
1132.386570 257.536587
1237.295204 248.533078
1349.741061 238.723756
1470.146383 228.369892
1599.557203 217.157888
1739.129898 204.973508
1048.936943 362.966010
1145.080654 357.809574
1247.344689 352.265048
1356.711031 346.329378
1473.590974 339.924841
1599.037403 333.168877
1733.872691 325.885623
1063.204461 454.831347
1157.103877 452.564743
1256.936061 450.152804
1363.315575 447.552417
1477.006537 444.906366
1598.606326 441.973992
1729.121612 438.839415
1076.623067 541.828887
1168.461711 542.230990
1265.878839 542.716698
1369.612494 543.253840
1480.160658 543.722317
1598.138649 544.309573
1724.555694 544.846572
1089.503137 624.454539
1179.300304 627.304211
1274.470440 630.311553
1375.527265 633.470794
1483.162851 636.890508
1597.836314 640.547865
1720.320505 644.434048
1101.628725 703.142930
1189.490785 708.168721
1282.496638 713.427117
1381.089217 718.988662
1485.893944 725.007455
1597.417469 731.399335
1716.274331 738.205934
1113.221683 778.031649
1199.216520 784.907465
1290.121448 792.230261
1386.436898 800.085137
1488.476798 808.394622
1596.997746 817.171547
1712.522499 826.615125
1140.818668 88.104843
1249.462825 80.387244
1362.055262 72.519315
1479.135203 64.366030
1600.115851 55.837987
1726.196428 47.025292
1857.294072 37.185805
1141.532756 195.286470
1249.248764 189.670570
1360.853802 183.749772
1476.684933 177.720416
1596.679031 171.396666
1721.373236 164.874296
1850.800334 158.106924
1142.179503 300.877033
1248.994712 297.061956
1359.707967 293.162136
1474.388377 289.082399
1593.218830 285.019275
1716.661819 280.568499
1845.042276 276.218816
1142.841623 404.512125
1248.761046 402.550134
1358.441592 400.609176
1472.090171 398.588963
1589.843791 396.452685
1712.072462 394.248248
1838.881476 391.973474
1143.600673 506.439158
1248.601080 506.298550
1357.297278 506.153613
1469.874505 505.999832
1586.553648 505.969534
1707.612484 505.787234
1833.177929 505.637593
1144.212066 606.752095
1248.290255 608.355602
1356.090691 609.942724
1467.606225 611.669400
1583.188481 613.553614
1703.130214 615.367761
1827.552529 617.292551
1144.860637 705.328629
1248.051795 708.510674
1354.872005 711.866167
1465.507458 715.444863
1579.985492 719.148143
1698.683845 722.838892
1821.954144 726.825519
