-30.04391745185936 -23.79902342398411 88.60683618773689
-8.26015540621068 -23.86132088998989 68.31649806858285
-19.89634475240864 -13.53283057902619 64.66708641144888
-20.75721295625498 -32.36006742995553 77.56472932913871
-25.21558679568478 -14.42972443934860 72.28105455131335
-22.63508067372554 -30.29459346620875 88.50226269336774
-47.91755036063979 -32.77726450105924 83.57536062884898
-43.39011035904642 -14.78142414064034 64.08486552830843
-35.89157106574358 -21.65798309591234 63.86347135605859
-46.38233433837725 -30.54300981350675 63.52080312343344
-36.74342815258613 -20.30913385097345 56.10238803292604
-47.77717102266060 -19.17541213956003 69.25271314570134
-41.71728704169121 -25.45313054312511 72.40710650771594
1.22047926467006 -9.78049360530699 76.77095267737550
6.39181061196651 -32.37698207403643 95.70874810224821
5.30831858758084 -27.38254253312417 102.78671849286931
7.95801106344785 -24.57463384429687 99.59657178822677
5.91558631797341 -15.51299837234867 81.86282613185912
-1.56767071489209 -21.63288780749739 81.25567313498576
7.19094603143340 -31.70109605328525 75.64068786719314
