-1.96934247031365 -1.97636900087669 0.43176528755333 
2.00511908318648 2.01148817065717 0.41338500006196 
-1.99539500370232 -2.03323042199481 -0.52495866851831 
2.08438222116775 2.07554088837299 -0.12261928765366 
-2.05812913139098 -2.03586744521272 -0.09652740534028 
2.01230030275163 2.07690686592648 -0.55339151151095 
1.95450299386601 1.88633650908459 -0.21845216100544 
-2.00910091626379 -2.09353929096074 -0.63963073122168 
2.03672605073931 2.12873818739485 0.65004950096213 
2.16066907175948 2.18750947201239 0.32793153577930 
-2.02268643497644 -2.20341294309970 -0.88627904285713 
2.13295744627190 2.13230087945248 -0.01382401958958 
1.89820159433358 1.74977876465238 -0.01268488973643 
-1.93375733021302 -1.84397735165159 -0.19309550091878 
2.02273738094967 2.13578158400567 -0.67002575682162 
2.03197380325721 2.24672899539374 -0.91725910591396 
2.03159579811995 2.24682110224675 -0.91899410553618 
-2.08989521784399 -2.09810718987787 0.22951441765266 
-1.87646220263219 -1.70876096995098 0.00969875325091 
-2.10434733759209 -2.09532982455829 0.01084744494018
