559.060174 260.987546
635.338499 252.214661
716.802237 243.152439
803.898117 233.717651
896.961176 223.900088
996.595281 213.807695
1103.023888 203.395010
558.342463 354.350963
634.718353 348.658913
716.246551 342.691145
803.446707 336.577488
896.791199 330.158291
996.672413 323.651688
1103.435037 317.051929
557.897926 448.401559
634.302624 445.689805
715.861398 442.966828
803.178703 440.107845
896.645720 437.292114
996.630035 434.377461
1103.604838 431.601478
557.678346 542.617781
634.091199 542.952614
715.651834 543.522081
802.981190 544.149943
896.489253 544.823060
996.544348 545.725184
1103.527073 546.713928
557.735859 636.969308
634.143906 640.409319
715.708431 644.169187
803.006637 648.147006
896.341920 652.518374
996.343834 657.071234
1103.203838 662.028499
557.965994 731.265375
634.260532 737.776131
715.922308 744.751256
802.981298 752.154198
896.217662 760.019488
996.026596 768.246923
1102.641035 776.997624
558.469306 825.259199
634.731263 834.753977
716.154847 844.834630
803.198222 855.591271
896.145156 866.893200
995.688651 878.784297
1101.925639 891.381652
896.347962 197.120809
1001.883945 207.971239
1100.735184 218.438953
1193.339300 228.731796
1280.128347 238.646307
1361.471060 248.106665
1437.707743 257.254788
895.716080 310.849111
1001.594173 318.084168
1100.764832 325.243297
1193.583704 332.202441
1280.541138 338.977000
1362.001385 345.438014
1438.327311 351.704448
895.109046 425.573531
1001.147160 429.233173
1100.505411 432.839645
1193.530418 436.483122
1280.581175 440.001506
1362.128706 443.297604
1438.560792 446.686783
894.459471 540.981934
1000.655094 540.922147
1100.074621 541.003837
1193.154745 541.161064
1280.273993 541.446071
1361.852610 541.681641
1438.372400 542.103085
893.863067 656.520765
1000.000766 652.807223
1099.376079 649.355581
1192.409844 646.128292
1279.663637 643.029038
1361.213824 640.283179
1437.693743 637.587775
893.349827 771.900188
999.302719 764.578117
1098.503917 757.645934
1191.533714 751.062297
1278.632123 744.645220
1360.305517 738.684623
1436.794984 733.131037
892.832058 886.704776
998.418717 875.777097
1097.550218 865.258042
1190.364406 855.452158
1277.424740 845.867522
1358.939910 836.870524
1435.423960 828.400134
663.174542 376.831484
785.363688 377.375187
906.276513 378.305225
1025.608734 379.670482
1142.781121 381.340791
1257.457418 383.101761
1369.464879 385.241947
668.576532 487.677650
786.736186 487.711061
903.649016 488.005135
1019.052329 488.453363
1132.455073 489.016108
1243.632681 489.724383
1352.257714 490.703075
674.031914 591.555010
788.131082 591.095841
901.192794 590.684496
1012.820232 590.349195
1122.662567 590.127234
1230.376574 589.765664
1335.706264 589.670926
679.234625 688.654043
789.583711 687.749039
898.864739 686.775315
1006.914071 685.887737
1113.261779 684.839257
1217.642480 683.689026
1319.853821 682.697064
684.326482 779.390377
791.090699 778.113857
896.819373 776.630029
1001.272609 775.123008
1104.324318 773.472822
1205.437641 771.827781
1304.672161 769.996746
689.103065 864.434726
792.540177 862.705714
894.813317 860.829512
996.043829 858.815118
1095.775450 856.601014
1193.958046 854.333498
1290.302250 851.974357
693.750627 944.108142
793.800657 941.944385
892.990740 939.617032
991.042269 937.232086
1087.732976 934.589439
1182.970045 931.808471
1276.529287 928.982363
689.383881 77.089322
796.006750 79.499479
901.528496 82.331090
1005.815579 85.715792
1108.595805 89.468809
1209.681650 93.667111
1308.792398 98.259291
685.771473 172.445117
794.461674 174.355166
902.085459 176.674221
1008.404777 179.478177
1113.158575 182.665861
1216.064645 186.210276
1316.909288 190.094527
682.121825 271.955839
792.892603 273.337346
902.588412 275.131578
1011.023771 277.320575
1117.687807 279.862603
1222.416505 282.622874
1325.040671 285.799095
678.514134 375.608981
791.361773 376.441674
903.141024 377.669083
1013.526206 379.167240
1122.161263 380.994436
1228.750444 383.025957
1333.122529 385.275286
675.013240 483.472279
789.876268 483.793827
903.616599 484.448993
1016.047852 485.214318
1126.612322 486.151045
1234.986594 487.288774
1341.015729 488.576102
671.671948 595.405813
788.395302 595.250372
904.265136 595.263329
1018.560872 595.275073
1130.954172 595.314871
1241.202446 595.395306
1348.922181 595.628628
668.453403 711.369087
787.143338 710.602622
904.884049 709.811291
1021.063662 709.051104
1135.232125 708.165261
1247.093176 707.205991
1356.465453 706.258766
589.939238 379.916500
698.832772 377.817568
810.587383 375.982581
925.278732 374.380528
1042.361985 373.129160
1161.550623 372.184868
1282.421196 371.509749
598.237014 489.400251
705.526840 488.786010
815.642333 488.385205
928.493910 488.112063
1043.705724 487.912768
1160.985472 487.962176
1279.833304 488.229660
606.671468 595.732017
712.315260 596.429984
820.641932 597.228464
931.632725 598.163716
1044.919737 599.088513
1160.145204 600.046959
1276.928645 601.166543
615.053605 698.537878
719.075647 700.458909
825.515349 702.517650
934.608088 704.553702
1045.901292 706.447131
1159.014558 708.328390
1273.694120 710.232891
623.410822 797.903563
725.738525 800.953958
830.442380 804.015886
937.496373 806.975414
1046.724487 809.880573
1157.723894 812.691859
1270.227379 815.341451
631.583500 893.849598
732.186946 897.891900
835.087893 901.865705
940.223245 905.757422
1047.404029 909.484882
1156.329138 913.100810
1266.696535 916.488705
639.685473 986.208485
738.500522 991.111948
839.594267 995.918862
942.861408 1000.695978
1048.001032 1005.191596
1154.772004 1009.466196
1262.998886 1013.592856
677.704091 148.526156
771.017745 144.743502
866.206101 141.210017
963.265986 138.133865
1061.979464 135.316009
1162.285374 132.878336
1263.706075 130.884415
663.914056 225.737702
759.926019 222.572481
858.071977 219.632166
958.207781 217.112890
1060.199823 214.889968
1163.694081 213.017953
1268.475374 211.538744
649.263726 308.154605
748.182920 305.702873
849.330041 303.556927
952.799907 301.682881
1058.090525 300.152383
1164.991283 298.867955
1273.359219 298.054481
633.905008 396.083827
735.792772 394.530870
840.173472 393.286131
946.878009 392.190535
1055.688992 391.431320
1166.274479 390.992652
1278.287453 390.773944
617.774525 490.028900
722.711747 489.549311
830.264910 489.405805
940.623598 489.277219
1053.011837 489.383063
1167.390333 489.701273
1283.220863 490.274461
600.820576 590.246677
708.828403 591.095428
820.025230 592.152950
933.786497 593.240143
1050.003033 594.437800
1168.347548 595.640202
1288.267788 596.992316
582.960026 697.211396
694.475068 699.516334
809.049900 701.919163
926.576626 704.395412
1046.637910 706.756924
1169.026359 709.106567
1293.094384 711.383961
271.016972 102.280892
372.257641 105.739789
472.075674 109.348295
570.351800 113.489533
666.958417 117.821263
761.772730 122.445963
854.448191 127.390956
256.624523 179.621364
361.106412 182.374938
464.152926 185.433328
565.567359 188.903443
665.284921 192.592626
762.896796 196.521486
858.327784 200.659261
241.649245 262.246865
349.494583 264.341304
455.876217 266.748558
560.711185 269.419922
663.477416 272.308743
764.081806 275.340164
862.429507 278.732252
226.030097 350.625673
337.534987 351.890947
447.465285 353.492336
555.593572 355.249207
661.660557 357.288929
765.450574 359.469337
866.823066 361.896504
209.862702 445.220477
325.089757 445.580945
438.587574 446.311051
550.422222 447.128604
659.903325 448.099403
766.965492 449.254366
871.473040 450.576639
193.139668 546.400086
312.126258 545.836200
429.721789 545.544091
545.131433 545.276916
658.274446 545.117915
768.792531 545.054217
876.566838 545.140084
175.762443 654.622792
298.966522 653.064678
420.561958 651.450947
539.905425 650.018311
656.773371 648.532953
770.792825 647.186452
881.857024 645.863454
192.639807 357.453779
316.676657 358.477109
438.758800 359.837054
558.714579 361.531054
676.081276 363.477651
790.505520 365.523062
901.960424 367.879910
207.870312 467.012303
327.996000 467.019284
446.205379 467.296790
562.286217 467.671534
675.900240 468.199122
786.894231 468.836160
895.033497 469.728201
222.942889 570.005618
339.044173 569.020978
453.478963 568.125975
565.948175 567.354004
676.046233 566.728478
783.619636 566.086989
888.524478 565.659153
237.385838 666.609674
349.898546 664.699597
460.586429 662.857278
569.572091 661.120251
676.357567 659.376075
780.607297 657.638463
882.441160 656.105699
251.469751 757.129531
360.390641 754.569818
467.712748 751.831415
573.182833 749.181204
676.805203 746.473208
777.886046 743.924526
876.702441 741.259626
265.014593 842.245883
370.537212 838.957767
474.455129 835.505695
576.843494 832.063567
677.233082 828.492108
775.478640 824.944744
871.429372 821.414780
278.179339 922.087009
380.319338 918.148631
481.126317 914.055172
580.371044 909.951803
677.797488 905.643475
773.111154 901.266869
866.381464 896.953537
329.929368 227.097700
455.457097 235.218250
574.443854 243.200544
687.113146 251.243192
793.695242 259.196222
894.289724 266.911451
989.282253 274.581153
328.776513 345.607515
452.679956 350.287449
570.202711 355.103940
681.466288 359.852325
786.753885 364.591199
886.368712 369.232012
980.443196 373.932879
328.417946 461.099833
450.379914 462.589792
566.288394 464.141856
676.153292 465.837392
780.147284 467.581404
878.658345 469.281114
971.738108 471.157990
328.524785 573.276057
448.676959 571.648620
562.796925 570.231890
671.189615 569.015256
773.851336 567.938058
871.127931 566.886779
963.220567 566.146411
329.191745 681.859112
447.333135 677.442365
559.785694 673.194614
666.543861 669.271434
767.871837 665.478046
863.823433 661.985902
954.826734 658.598783
330.289292 787.039710
446.458090 779.965274
557.052049 773.097766
662.331948 766.582000
762.202003 760.235241
856.911268 754.258082
946.762117 748.497821
331.783968 888.500592
445.838866 878.939257
554.747148 869.572680
658.308852 860.718105
756.767808 852.002242
850.101828 843.677798
938.815798 835.739407
123.079271 48.474660
249.669056 52.679560
374.529623 57.070032
497.506656 62.264472
617.981125 67.895270
735.728165 73.997437
850.385109 80.559996
124.226868 169.761014
250.437160 172.572121
374.801243 175.872257
497.075803 179.601604
617.057409 183.756550
734.280381 188.243590
848.413515 193.148919
126.583096 290.083670
251.892764 291.754987
375.526560 293.795092
497.224531 296.185080
616.476634 298.906287
732.976121 301.778086
846.478694 305.027049
129.545001 409.269796
254.147800 409.773537
376.875519 410.578197
497.688958 411.634550
616.150295 412.927100
731.823324 414.325890
844.616529 416.032366
133.404990 526.928188
256.973108 526.405543
378.782643 525.995287
498.602048 525.742801
616.143624 525.599764
730.864328 525.666000
842.805636 525.798286
137.929189 642.895877
260.395865 641.261236
381.146787 639.690878
499.930372 638.195557
616.451701 636.655898
730.282692 635.258607
841.207604 633.964390
143.163984 756.677997
264.395156 753.979718
384.003546 751.181654
501.646814 748.535080
617.053826 745.690986
729.775863 742.924424
839.631921 740.275204
236.325453 215.564288
376.969028 224.313879
509.815802 232.953060
635.281790 241.703080
753.430371 250.376286
864.452620 258.777909
968.810710 267.130057
239.208707 341.327602
375.360300 346.117277
504.252790 351.098509
626.080211 356.007368
740.975860 360.915155
849.288380 365.733773
951.292382 370.646599
242.838103 459.528400
374.444731 460.835114
499.399049 462.223964
617.721735 463.812005
729.456425 465.469086
835.052346 467.091630
934.644831 468.880058
246.693125 570.353111
374.149153 568.504186
495.102062 566.858757
610.053670 565.472847
718.777476 564.230372
821.614393 562.990713
918.916198 562.136464
250.910314 674.048785
374.207970 669.585979
491.587943 665.230339
603.010282 661.224704
708.909287 657.341874
808.962720 653.801239
903.969671 650.399976
255.331943 771.399827
374.706960 764.533181
488.352920 757.864135
596.738281 751.493191
699.671886 745.295783
797.303113 739.554758
889.936318 733.996113
259.941499 862.542654
375.361392 853.545735
485.666794 844.770048
590.875225 836.451112
691.071408 828.277350
786.165145 820.474756
876.574237 813.034546
138.686452 288.901736
255.438463 288.685533
372.360978 288.738408
489.490100 289.323805
606.363350 290.158686
722.625014 291.339000
837.801914 292.900710
130.576804 401.746865
248.532885 401.398323
366.740618 401.314181
485.100477 401.587361
603.297182 402.033758
720.689802 402.707082
837.049894 403.651326
123.148215 517.248647
242.141549 516.803288
361.497530 516.578787
481.144109 516.482374
600.397559 516.507868
718.877842 516.603283
836.380375 516.999824
116.222065 635.066203
236.450571 634.518906
356.852286 634.052986
477.452044 633.625769
597.776637 633.204141
717.340857 632.815157
835.842525 632.598800
110.132620 754.846648
231.171783 754.246711
352.569586 753.632068
474.149700 752.830506
595.421017 751.951344
715.981525 751.061469
835.303456 750.163952
104.607380 876.434795
226.443012 875.713219
348.807379 874.893435
471.207073 873.822101
593.377569 872.462448
714.797153 870.922267
834.988157 869.221263
100.218383 999.021702
222.346822 998.619075
345.725982 997.278881
468.832028 996.055830
591.619021 994.212101
713.678691 992.028583
834.539522 989.609238
293.575270 174.631651
410.920571 183.512501
522.697126 192.204339
629.110661 201.079667
730.291606 209.728557
826.427730 218.255858
917.566270 226.664279
288.654139 266.415305
410.007318 273.096995
525.538247 279.803237
635.221674 286.550002
739.402780 293.216884
838.057233 299.763322
931.510000 306.252885
283.796080 364.924203
409.340637 369.164906
528.676160 373.476110
641.973440 377.892604
749.034777 382.205026
850.365922 386.445065
946.258459 390.798496
279.077786 470.805264
409.169471 472.138540
532.492711 473.645922
649.164321 475.242733
759.366856 476.997999
863.520240 478.708716
961.836569 480.612103
274.645328 584.478011
409.251278 582.454989
536.611907 580.825877
657.099358 579.356560
770.567294 577.957198
877.507278 576.893734
978.222048 575.861409
270.631627 706.492145
409.852773 700.736445
541.695203 695.453523
665.896064 690.402771
782.611979 685.608700
892.503142 681.121574
995.703290 676.840548
266.903719 837.423849
411.085370 827.437086
547.453973 817.736853
675.477604 808.727677
795.660288 799.906301
908.284522 791.643305
1013.930586 783.752222
1084.690503 463.136772
1191.644315 462.339579
1301.666784 461.839181
1414.713051 461.460003
1530.259121 461.338917
1648.230538 461.298246
1768.434440 461.482052
1090.208707 557.820840
1194.113160 558.577685
1300.830469 559.512648
1410.362466 560.516360
1522.286057 561.598222
1636.609038 562.854881
1752.897041 564.256359
1095.351151 647.276437
1196.196339 649.291389
1299.787573 651.382961
1405.907431 653.560457
1514.419401 655.915102
1625.133510 658.182408
1737.769152 660.647580
1100.002020 731.509266
1197.974623 734.684693
1298.446836 737.924386
1401.421817 741.257815
1506.654014 744.545703
1613.857958 747.842520
1722.960208 751.168506
1104.385537 810.886584
1199.537420 815.131774
1297.123335 819.342543
1396.968019 823.563906
1499.020748 827.836654
1602.911377 832.067103
1708.577990 836.222719
1108.332452 885.847148
1200.834210 891.017785
1295.544333 896.091781
1392.489741 901.169550
1491.432516 906.201171
1592.271835 911.216837
1694.684778 916.203678
1112.126979 956.575761
1201.929713 962.463619
1293.956435 968.301622
1388.110055 974.201596
1484.153738 979.966284
1581.939316 985.586614
1681.341569 991.243952
1122.100915 146.134667
1211.988362 141.717847
1303.924289 137.522506
1397.887108 133.676069
1493.639667 130.047443
1591.241283 126.743388
1690.375437 123.702134
1118.387184 217.478907
1210.790559 213.900466
1305.454041 210.488855
1402.214764 207.438143
1500.977132 204.594629
1601.500828 202.076132
1703.660595 199.807983
1114.234805 293.320594
1209.353217 290.645056
1306.795993 288.235588
1406.601198 286.044288
1508.343435 284.118642
1612.026675 282.312033
1717.489951 280.955220
1109.809297 373.841888
1207.690464 372.174996
1308.134356 370.851559
1410.898857 369.635400
1515.855768 368.671083
1622.849979 367.953303
1731.660987 367.394766
1104.986519 459.445563
1205.735572 458.975002
1309.109346 458.833456
1415.179681 458.768319
1523.412600 458.913922
1633.888701 459.221679
1746.155802 459.765781
1099.743829 550.343337
1203.314389 551.308196
1310.035852 552.514666
1419.249784 553.719235
1531.011474 555.163380
1645.095741 556.692437
1761.105329 558.350224
1093.907421 646.938480
1200.667053 649.382235
1310.576540 651.984428
1423.333333 654.783178
1538.632519 657.624342
1656.408014 660.569606
1776.250265 663.545074
1084.763231 237.598740
1165.752926 230.833684
1250.651290 224.006086
1339.696073 217.159365
1432.947706 210.194166
1530.614984 203.224175
1632.634667 196.267534
1073.177547 307.748033
1155.915888 302.622074
1242.785843 297.406490
1334.070054 292.260262
1429.845464 287.023891
1530.136964 281.821022
1635.157258 276.661475
1060.841334 381.721837
1145.434256 378.345619
1234.344455 375.036477
1327.955967 371.660732
1426.195065 368.439397
1529.268148 365.140247
1637.411335 362.074090
1047.869458 459.523548
1134.283529 458.117160
1225.306529 456.901769
1321.124923 455.671842
1422.015549 454.584243
1528.017593 453.671977
1639.294883 452.789584
1034.152297 541.479458
1122.430036 542.309476
1215.439793 543.377357
1313.784372 544.540192
1417.234133 545.891440
1526.270115 547.418983
1640.762989 549.235285
1019.635779 627.583698
1109.613004 630.967941
1204.968845 634.613327
1305.539919 638.416524
1411.793668 642.603079
1523.874250 646.960727
1641.777325 651.659434
1004.261914 718.084973
1096.191715 724.200411
1193.570590 730.701073
1296.692112 737.583412
1405.613468 744.794978
1520.843987 752.415053
1642.201213 760.377615
1127.548765 267.292536
1212.382520 261.181709
1301.398452 255.014699
1394.787856 248.889223
1492.589152 242.670827
1595.130855 236.458307
1702.313600 230.290973
1116.573404 340.730890
1203.282075 336.396662
1294.478916 331.972886
1390.262129 327.696640
1490.884190 323.335975
1596.314713 319.051333
1706.725459 314.854970
1104.799732 418.252445
1193.555771 415.785133
1286.968243 413.442462
1385.358093 411.141948
1488.668260 408.976893
1597.130090 406.755990
1710.986540 404.852022
1092.430070 499.869189
1183.175262 499.538326
1278.899502 499.516441
1379.722873 499.517098
1485.895655 499.692257
1597.599773 500.088998
1714.911922 500.548167
1079.277770 585.887146
1172.083525 588.007882
1269.984642 590.498823
1373.588149 593.084836
1482.574571 595.967833
1597.621052 599.049223
1718.449096 602.493075
1065.245691 676.389853
1159.953439 681.372440
1260.429137 686.656046
1366.481642 692.126445
1478.613925 698.084424
1596.984428 704.283621
1721.523562 710.862151
1050.398470 771.572318
1147.229159 779.561385
1249.942736 787.967080
1358.830399 796.823037
1473.935123 806.136102
1595.728985 815.895426
1724.115862 826.047638
1149.992945 378.937684
1253.845922 377.278082
1360.375747 375.932233
1469.438558 374.807740
1580.782232 373.895714
1694.240103 373.176028
1809.572305 372.722570
1149.971611 479.756206
1253.870514 479.638459
1360.576685 479.676899
1469.744210 479.952338
1581.163711 480.326409
1694.783098 480.891519
1810.195833 481.657348
1149.686794 580.990571
1253.595156 582.328660
1360.322128 583.809190
1469.491520 585.380683
1580.964740 587.168328
1694.567406 588.885911
1810.098198 590.907768
1149.207872 682.119582
1253.060499 684.882567
1359.627721 687.855666
1468.734677 690.870553
1580.174417 693.891173
1693.649135 696.967284
1809.031899 700.102189
1148.562594 782.976418
1252.185241 787.267391
1358.556089 791.622315
1467.526233 796.000051
1578.748339 800.428602
1692.110414 804.799396
1807.274898 809.156107
1147.663814 883.378104
1251.021202 889.203101
1357.128655 894.988293
1465.772194 900.766370
1576.707128 906.496091
1689.846019 912.135366
1804.804598 917.708413
1146.670700 983.039975
1249.590094 990.295963
1355.344413 997.474399
1463.687185 1004.719714
1574.239315 1011.712271
1686.851082 1018.376448
1801.570734 1025.612732
1032.894131 268.258140
1130.174266 260.315872
1233.349360 252.363428
1342.858656 244.178841
1458.693125 235.997100
1581.128785 227.719076
1710.430500 219.341093
1048.069000 363.695885
1143.362285 358.990736
1244.174867 354.180321
1350.981548 349.371430
1463.787377 344.484589
1582.915330 339.674315
1708.439154 334.947677
1062.488756 454.938719
1155.723111 452.937154
1254.243977 450.966238
1358.348735 449.054603
1468.203379 447.336966
1583.972188 445.574528
1705.868665 444.005725
1076.013620 541.722815
1167.227634 542.203492
1263.421095 542.901702
1364.978452 543.752152
1471.937788 544.644000
1584.421367 545.751129
1702.693135 547.004772
1088.858370 624.322229
1178.031462 627.116203
1272.017445 630.074194
1370.927093 633.230646
1475.074627 636.637880
1584.440953 640.271349
1699.177455 644.112534
1100.829334 702.967694
1188.036070 707.835383
1279.782958 712.839118
1376.215206 718.105135
1477.571514 723.692120
1583.961035 729.513729
1695.324196 735.643376
1112.225404 777.736438
1197.460732 784.294331
1287.008464 791.161071
1381.094758 798.437214
1479.719397 805.946278
1583.078542 813.699342
1691.239761 821.851104
1186.863648 82.809517
1296.027098 80.200820
1406.206539 78.185546
1517.243857 76.716649
1628.716398 75.687056
1740.450700 75.052358
1852.188069 75.124727
1187.198214 189.580149
1295.914387 187.820385
1405.641976 186.434817
1516.148598 185.532294
1627.073912 184.992679
1738.291771 184.851070
1849.431551 185.088274
1187.299067 295.938594
1295.387075 294.881261
1404.560977 294.174352
1514.455719 293.789517
1624.785864 293.787272
1735.326035 293.893285
1845.922408 294.460599
1187.078031 401.392083
1294.523649 401.009045
1402.964031 400.941453
1512.176367 401.149235
1621.831979 401.498455
1731.685883 402.070685
1841.516216 402.862956
1186.635959 505.687158
1293.277231 506.039336
1400.945373 506.591894
1509.335942 507.277336
1618.294697 508.130644
1727.391593 509.085984
1836.388883 510.139254
1185.857305 608.646507
1291.664873 609.743973
1398.457482 610.907980
1506.011328 612.110895
1614.060745 613.382144
1722.418983 614.657842
1830.646865 616.061343
1184.874110 709.941951
1289.681327 711.636268
1395.629098 713.341807
1502.276135 715.174155
1609.419353 716.878695
1716.723226 718.482753
1824.154814 720.217330
