200.000000 200.000000
300.000000 200.000000
400.000000 200.000000
500.000000 200.000000
600.000000 200.000000
700.000000 200.000000
800.000000 200.000000
200.000000 300.000000
300.000000 300.000000
400.000000 300.000000
500.000000 300.000000
600.000000 300.000000
700.000000 300.000000
800.000000 300.000000
200.000000 400.000000
300.000000 400.000000
400.000000 400.000000
500.000000 400.000000
600.000000 400.000000
700.000000 400.000000
800.000000 400.000000
200.000000 500.000000
300.000000 500.000000
400.000000 500.000000
500.000000 500.000000
600.000000 500.000000
700.000000 500.000000
800.000000 500.000000
200.000000 600.000000
300.000000 600.000000
400.000000 600.000000
500.000000 600.000000
600.000000 600.000000
700.000000 600.000000
800.000000 600.000000
200.000000 700.000000
300.000000 700.000000
400.000000 700.000000
500.000000 700.000000
600.000000 700.000000
700.000000 700.000000
800.000000 700.000000
200.000000 800.000000
300.000000 800.000000
400.000000 800.000000
500.000000 800.000000
600.000000 800.000000
700.000000 800.000000
800.000000 800.000000
663.706797 146.523914
735.814939 135.724841
812.148443 124.547277
893.044771 113.092891
978.728091 101.128959
1069.696301 88.922420
1165.897049 76.352239
641.067613 216.454764
714.338149 207.380619
792.078953 197.932226
874.598976 188.245025
962.385215 178.154985
1055.508868 167.832081
1154.375282 157.258241
617.349996 290.380417
691.802532 283.171942
770.922583 275.749774
855.201135 268.003771
944.920155 260.122427
1040.359346 251.966781
1141.927972 243.789957
592.616047 368.209670
668.197234 363.191008
748.685816 358.126038
834.583802 352.770527
926.346797 347.331102
1024.217114 341.899308
1128.538714 336.277984
566.781007 450.411105
643.458418 447.870176
725.230566 445.492176
812.942975 442.813831
906.581422 440.300227
1006.917980 437.675635
1114.023955 435.212694
539.752267 537.017954
617.404722 537.365667
700.747620 537.950913
789.885571 538.433766
885.616859 539.212811
988.287269 539.991379
1098.242889 540.995473
511.537348 628.183663
590.405980 631.708004
675.012104 635.530844
765.836653 639.736197
863.368655 644.192476
968.485255 648.953349
1081.219954 653.990079
923.775664 371.696510
1034.939492 377.255105
1138.548233 382.681391
1235.036463 388.058742
1325.093538 393.286218
1409.057373 398.193791
1487.416985 403.035792
909.581417 488.636880
1018.736009 490.147568
1120.658539 491.828090
1215.742827 493.413237
1304.560271 495.064891
1387.604566 496.652641
1465.167862 498.283281
896.193389 600.274321
1003.109197 598.207789
1103.232522 596.224031
1196.941613 594.454518
1284.554176 592.894925
1366.569010 591.319692
1443.373759 590.013591
883.306240 706.615698
988.182592 701.201122
1086.411004 696.091023
1178.602285 691.278612
1265.029507 686.707995
1346.008050 682.316574
1422.039693 678.357550
871.228221 807.566379
973.847953 799.306694
1070.264706 791.336029
1160.812749 783.829590
1246.072590 776.580260
1325.964533 769.784973
1401.189950 763.227294
859.692317 903.643554
960.206256 892.753662
1054.703322 882.274668
1143.798296 872.318932
1227.624548 862.639264
1306.598506 853.499552
1380.924812 844.833039
848.797134 994.848395
947.041186 981.582682
1039.902007 968.786322
1127.349080 956.720642
1209.879597 944.974863
1287.696445 933.735395
1361.156506 923.105651
200.000000 200.000000
300.000000 200.000000
400.000000 200.000000
500.000000 200.000000
600.000000 200.000000
700.000000 200.000000
800.000000 200.000000
200.000000 300.000000
300.000000 300.000000
400.000000 300.000000
500.000000 300.000000
600.000000 300.000000
700.000000 300.000000
800.000000 300.000000
200.000000 400.000000
300.000000 400.000000
400.000000 400.000000
500.000000 400.000000
600.000000 400.000000
700.000000 400.000000
800.000000 400.000000
200.000000 500.000000
300.000000 500.000000
400.000000 500.000000
669.008410 988.048718
600.000000 500.000000
700.000000 500.000000
800.000000 500.000000
200.000000 600.000000
300.000000 600.000000
400.000000 600.000000
500.000000 600.000000
600.000000 600.000000
700.000000 600.000000
800.000000 600.000000
200.000000 700.000000
300.000000 700.000000
400.000000 700.000000
500.000000 700.000000
600.000000 700.000000
700.000000 700.000000
800.000000 700.000000
200.000000 800.000000
300.000000 800.000000
400.000000 800.000000
500.000000 800.000000
600.000000 800.000000
700.000000 800.000000
800.000000 800.000000
689.383881 77.089322
796.006750 79.499479
901.528496 82.331090
1005.815579 85.715792
1108.595805 89.468809
1209.681650 93.667111
1308.792398 98.259291
685.771473 172.445117
794.461674 174.355166
902.085459 176.674221
1008.404777 179.478177
1113.158575 182.665861
1216.064645 186.210276
1316.909288 190.094527
682.121825 271.955839
792.892603 273.337346
902.588412 275.131578
1011.023771 277.320575
1117.687807 279.862603
1222.416505 282.622874
1325.040671 285.799095
678.514134 375.608981
791.361773 376.441674
903.141024 377.669083
1013.526206 379.167240
1122.161263 380.994436
1228.750444 383.025957
1333.122529 385.275286
675.013240 483.472279
789.876268 483.793827
903.616599 484.448993
1016.047852 485.214318
1126.612322 486.151045
1234.986594 487.288774
1341.015729 488.576102
671.671948 595.405813
788.395302 595.250372
904.265136 595.263329
1018.560872 595.275073
1130.954172 595.314871
1241.202446 595.395306
1348.922181 595.628628
668.453403 711.369087
787.143338 710.602622
904.884049 709.811291
1021.063662 709.051104
1135.232125 708.165261
1247.093176 707.205991
1356.465453 706.258766
589.939238 379.916500
698.832772 377.817568
810.587383 375.982581
925.278732 374.380528
1042.361985 373.129160
1161.550623 372.184868
1282.421196 371.509749
598.237014 489.400251
705.526840 488.786010
815.642333 488.385205
928.493910 488.112063
1043.705724 487.912768
1160.985472 487.962176
1279.833304 488.229660
606.671468 595.732017
712.315260 596.429984
820.641932 597.228464
931.632725 598.163716
1044.919737 599.088513
1160.145204 600.046959
1276.928645 601.166543
615.053605 698.537878
719.075647 700.458909
825.515349 702.517650
934.608088 704.553702
1045.901292 706.447131
1159.014558 708.328390
1273.694120 710.232891
623.410822 797.903563
725.738525 800.953958
830.442380 804.015886
937.496373 806.975414
1046.724487 809.880573
1157.723894 812.691859
1270.227379 815.341451
631.583500 893.849598
732.186946 897.891900
835.087893 901.865705
940.223245 905.757422
1047.404029 909.484882
1156.329138 913.100810
1266.696535 916.488705
639.685473 986.208485
738.500522 991.111948
839.594267 995.918862
942.861408 1000.695978
1048.001032 1005.191596
1154.772004 1009.466196
1262.998886 1013.592856
305.863615 380.256597
432.909360 383.947643
553.388407 387.675301
667.434795 391.546046
775.244521 395.417399
877.115017 399.181212
973.320286 403.028787
306.556101 494.775803
430.731689 495.204165
548.589765 495.891943
660.244172 496.602213
765.958401 497.440783
866.049274 498.272827
960.630639 499.280561
307.966480 604.107348
429.061122 601.630962
544.282387 599.289043
653.678551 597.205557
757.259500 595.278877
855.455491 593.433517
948.399590 591.831368
309.620840 708.349348
427.930665 703.139507
540.422774 698.167652
647.506730 693.496569
749.037517 689.071509
845.312269 684.761282
936.642772 680.799616
311.741706 807.476031
427.080712 799.929143
537.112862 792.535255
641.726360 785.538874
741.321647 778.753752
835.651746 772.352426
925.301767 766.083884
314.080345 901.907574
426.666333 892.187822
534.015803 882.693248
636.488657 873.539299
733.900398 864.574800
826.524160 856.047761
914.530569 847.859882
316.773173 991.532535
426.446062 979.909899
531.387693 968.445212
631.490852 957.427486
726.911161 946.624224
817.676533 936.201310
904.105288 926.230540
319.431448 166.218444
435.655420 175.412329
546.356095 184.441144
651.726625 193.596864
751.861393 202.559987
846.892419 211.338836
937.056793 220.008946
316.515279 272.214125
434.096432 278.699788
546.063330 285.241477
652.470399 291.768390
753.548169 298.238895
849.393515 304.560225
940.308368 310.848233
314.144306 380.785526
432.882927 384.514360
545.958343 388.319837
653.438836 392.218755
755.310327 396.022985
851.955439 399.768732
943.580303 403.619127
312.219929 491.884997
432.191224 492.622952
546.241683 493.548852
654.543571 494.596668
757.232457 495.748408
854.620153 496.855856
946.889019 498.173345
310.888055 605.016744
431.812610 602.760709
546.747641 600.739204
655.902967 598.903367
759.359652 597.162363
857.333898 595.681606
950.158208 594.246170
310.106084 720.167931
431.872663 714.810283
547.680003 709.714841
657.661689 704.879141
761.691834 700.223030
860.253938 695.859927
953.562798 691.679599
309.913533 836.873042
432.373743 828.357096
549.011923 819.970265
659.518646 812.124061
764.257818 804.449404
863.148609 797.161331
956.838576 790.186369
326.977204 107.760118
436.388245 117.798857
540.885582 127.662914
640.640821 137.672335
735.735494 147.489969
826.319952 157.093553
912.490706 166.566615
323.455110 197.461980
435.616474 205.471748
542.738064 213.517169
644.800816 221.534869
742.005568 229.456600
834.392544 237.231637
922.192594 244.906774
320.069274 292.091143
435.093965 297.933791
544.810858 303.825020
649.375537 309.722739
748.569956 315.529815
842.808867 321.193182
932.322006 326.959318
316.942159 391.953651
435.010211 395.284094
547.368993 398.748771
654.162175 402.217183
755.479682 405.775797
851.665343 409.262312
942.878862 412.830648
314.191883 497.184290
435.174368 497.759890
550.150597 498.594411
659.385827 499.478750
762.881672 500.409195
860.933723 501.490213
953.760609 502.593137
311.911701 607.915283
435.744752 605.495574
553.586208 603.369032
665.198925 601.389675
770.769142 599.486222
870.778985 597.841693
965.263185 596.306155
309.979366 724.302707
436.834561 718.598727
557.443695 713.028481
671.475657 707.954906
779.186965 703.049781
880.909007 698.398445
977.006688 693.967981
108.385344 104.421673
238.275896 107.839218
366.226487 111.769265
492.097808 116.256534
615.438993 121.188519
735.907353 126.613708
853.204304 132.543819
115.555156 228.893088
243.584431 231.093298
369.728498 233.773014
493.703281 236.776530
615.384088 240.200238
734.219432 243.942568
849.870959 248.092967
123.602597 350.251724
249.495530 351.330311
373.729050 352.696363
495.925855 354.334671
615.688113 356.293549
732.679271 358.393059
846.631858 360.794568
132.002494 468.230114
255.979222 468.098350
378.093577 468.260082
498.398275 468.603439
616.250699 469.110272
731.337707 469.711493
843.592978 470.604381
140.965549 582.414649
262.852182 581.315505
382.986042 580.242308
501.150067 579.335192
617.102494 578.501528
730.242735 577.817964
840.684228 577.222497
150.417409 692.909755
270.091732 690.774449
388.084120 688.637647
504.217538 686.582175
618.147389 684.410276
729.515862 682.392559
838.046057 680.484397
160.094407 799.431298
277.554653 796.367623
393.497687 793.117000
507.537133 789.996941
619.445262 786.698191
728.832535 783.411734
835.504300 780.247381
236.325453 215.564288
376.969028 224.313879
509.815802 232.953060
635.281790 241.703080
753.430371 250.376286
864.452620 258.777909
968.810710 267.130057
239.208707 341.327602
375.360300 346.117277
504.252790 351.098509
626.080211 356.007368
740.975860 360.915155
849.288380 365.733773
951.292382 370.646599
242.838103 459.528400
374.444731 460.835114
499.399049 462.223964
617.721735 463.812005
729.456425 465.469086
835.052346 467.091630
934.644831 468.880058
246.693125 570.353111
374.149153 568.504186
495.102062 566.858757
610.053670 565.472847
718.777476 564.230372
821.614393 562.990713
918.916198 562.136464
250.910314 674.048785
374.207970 669.585979
491.587943 665.230339
603.010282 661.224704
708.909287 657.341874
808.962720 653.801239
903.969671 650.399976
255.331943 771.399827
374.706960 764.533181
488.352920 757.864135
596.738281 751.493191
699.671886 745.295783
797.303113 739.554758
889.936318 733.996113
259.941499 862.542654
375.361392 853.545735
485.666794 844.770048
590.875225 836.451112
691.071408 828.277350
786.165145 820.474756
876.574237 813.034546
138.686452 288.901736
255.438463 288.685533
372.360978 288.738408
489.490100 289.323805
606.363350 290.158686
722.625014 291.339000
837.801914 292.900710
130.576804 401.746865
248.532885 401.398323
366.740618 401.314181
485.100477 401.587361
603.297182 402.033758
720.689802 402.707082
837.049894 403.651326
123.148215 517.248647
242.141549 516.803288
361.497530 516.578787
481.144109 516.482374
600.397559 516.507868
718.877842 516.603283
836.380375 516.999824
116.222065 635.066203
236.450571 634.518906
356.852286 634.052986
477.452044 633.625769
597.776637 633.204141
717.340857 632.815157
835.842525 632.598800
110.132620 754.846648
231.171783 754.246711
352.569586 753.632068
474.149700 752.830506
595.421017 751.951344
715.981525 751.061469
835.303456 750.163952
104.607380 876.434795
226.443012 875.713219
348.807379 874.893435
471.207073 873.822101
593.377569 872.462448
714.797153 870.922267
834.988157 869.221263
100.218383 999.021702
222.346822 998.619075
345.725982 997.278881
468.832028 996.055830
591.619021 994.212101
713.678691 992.028583
834.539522 989.609238
293.575270 174.631651
410.920571 183.512501
522.697126 192.204339
629.110661 201.079667
730.291606 209.728557
826.427730 218.255858
917.566270 226.664279
288.654139 266.415305
410.007318 273.096995
525.538247 279.803237
635.221674 286.550002
739.402780 293.216884
838.057233 299.763322
931.510000 306.252885
283.796080 364.924203
409.340637 369.164906
528.676160 373.476110
641.973440 377.892604
749.034777 382.205026
850.365922 386.445065
946.258459 390.798496
279.077786 470.805264
409.169471 472.138540
532.492711 473.645922
649.164321 475.242733
759.366856 476.997999
863.520240 478.708716
961.836569 480.612103
274.645328 584.478011
409.251278 582.454989
536.611907 580.825877
657.099358 579.356560
770.567294 577.957198
877.507278 576.893734
978.222048 575.861409
270.631627 706.492145
409.852773 700.736445
541.695203 695.453523
665.896064 690.402771
782.611979 685.608700
892.503142 681.121574
995.703290 676.840548
266.903719 837.423849
411.085370 827.437086
547.453973 817.736853
675.477604 808.727677
795.660288 799.906301
908.284522 791.643305
1013.930586 783.752222
993.272146 464.810345
1086.600492 462.944546
1185.473618 461.291363
1290.408723 459.584353
1401.330920 458.035482
1518.585983 456.543940
1642.468060 455.165922
1008.779048 553.088279
1100.148053 553.987835
1196.716608 555.019525
1298.946664 556.213278
1406.900011 557.462172
1520.891075 558.976886
1641.047846 560.750971
1023.533811 637.146240
1112.851866 640.374753
1207.199788 643.785409
1306.766421 647.408965
1411.864062 651.390399
1522.582372 655.455183
1639.126039 659.941484
1037.432906 716.898214
1124.755500 722.243342
1216.811903 727.911902
1313.939569 733.844839
1416.222820 739.998163
1523.799257 746.481879
1636.795708 753.265665
1050.623392 792.617149
1135.983471 799.906008
1225.912799 807.472437
1320.535672 815.326486
1420.073245 823.594297
1524.591966 832.181343
1634.198564 841.073939
1062.990826 864.595619
1146.496855 873.579727
1234.236360 882.860374
1326.484018 892.477399
1423.372823 902.533263
1524.996591 912.934016
1631.375022 923.706602
1074.819006 932.970970
1156.408326 943.371799
1242.048359 954.154767
1332.031313 965.416255
1426.352743 977.050509
1525.081535 988.990603
1628.420679 1001.416072
1024.044107 272.460567
1112.954767 265.450489
1206.778028 258.384500
1305.941206 251.268625
1410.426821 244.036023
1520.518073 236.776644
1636.381933 229.462417
1024.140188 364.061739
1113.223414 359.741413
1207.256625 355.334756
1306.653852 350.972508
1411.461656 346.498090
1521.805134 342.120464
1637.996103 337.846594
1024.151745 456.383208
1113.382709 454.590153
1207.569392 452.912347
1307.045445 451.230961
1411.990229 449.743642
1522.501756 448.207957
1638.917579 446.972650
1024.117979 548.882076
1113.342388 549.720385
1207.569245 550.801207
1307.079981 551.999303
1412.076705 553.291554
1522.654156 554.858261
1639.125386 556.546663
1024.047329 641.511678
1113.166939 645.026230
1207.343806 648.775105
1306.821531 652.726359
1411.710332 657.019202
1522.340592 661.513056
1638.660520 666.337802
1023.778126 734.030993
1112.715989 740.219517
1206.849466 746.727083
1306.094542 753.452302
1410.916123 760.627173
1521.394818 768.093312
1637.566273 775.949892
1023.453657 826.205557
1112.269258 834.915732
1206.112710 844.080822
1305.222347 853.762283
1409.727743 863.773682
1519.887932 874.156417
1635.801277 885.088517
1083.352157 170.482780
1165.203423 161.946409
1251.104862 153.247554
1341.243051 144.503590
1435.626431 135.575968
1534.562870 126.645927
1638.000969 117.624281
1071.649598 239.568228
1155.349422 232.622186
1243.321686 225.466960
1335.740151 218.333976
1432.819006 211.045503
1534.538194 203.801549
1641.046658 196.547766
1059.230255 312.579771
1144.851525 307.273799
1234.943569 301.984151
1329.826872 296.613595
1429.493666 291.256023
1534.122132 285.809443
1643.966617 280.584427
1046.104389 389.519019
1133.666462 386.121514
1225.982281 382.889326
1323.232007 379.526503
1425.669586 376.286772
1533.396304 373.172128
1646.530824 370.023293
1032.251864 470.721530
1121.767569 469.513004
1216.180511 468.526740
1316.095369 467.484302
1421.257551 466.680670
1532.171582 465.935205
1648.769517 465.441618
1017.554063 556.276616
1108.884399 557.590973
1205.767100 559.134626
1308.046022 560.747978
1416.194462 562.676799
1530.305562 564.727356
1650.530864 567.054611
1001.945820 646.405718
1095.368888 650.434089
1194.432919 654.732990
1299.415471 659.411531
1410.371815 664.397493
1527.871318 669.631113
1651.745845 675.216273
1127.548765 267.292536
1212.382520 261.181709
1301.398452 255.014699
1394.787856 248.889223
1492.589152 242.670827
1595.130855 236.458307
1702.313600 230.290973
1116.573404 340.730890
1203.282075 336.396662
1294.478916 331.972886
1390.262129 327.696640
1490.884190 323.335975
1596.314713 319.051333
1706.725459 314.854970
1104.799732 418.252445
1193.555771 415.785133
1286.968243 413.442462
1385.358093 411.141948
1488.668260 408.976893
1597.130090 406.755990
1710.986540 404.852022
1092.430070 499.869189
1183.175262 499.538326
1278.899502 499.516441
1379.722873 499.517098
1485.895655 499.692257
1597.599773 500.088998
1714.911922 500.548167
1079.277770 585.887146
1172.083525 588.007882
1269.984642 590.498823
1373.588149 593.084836
1482.574571 595.967833
1597.621052 599.049223
1718.449096 602.493075
1065.245691 676.389853
1159.953439 681.372440
1260.429137 686.656046
1366.481642 692.126445
1478.613925 698.084424
1596.984428 704.283621
1721.523562 710.862151
1050.398470 771.572318
1147.229159 779.561385
1249.942736 787.967080
1358.830399 796.823037
1473.935123 806.136102
1595.728985 815.895426
1724.115862 826.047638
1149.992945 378.937684
1253.845922 377.278082
1360.375747 375.932233
1469.438558 374.807740
1580.782232 373.895714
1694.240103 373.176028
1809.572305 372.722570
1149.971611 479.756206
1253.870514 479.638459
1360.576685 479.676899
1469.744210 479.952338
1581.163711 480.326409
1694.783098 480.891519
1810.195833 481.657348
1149.686794 580.990571
1253.595156 582.328660
1360.322128 583.809190
1469.491520 585.380683
1580.964740 587.168328
1694.567406 588.885911
1810.098198 590.907768
1149.207872 682.119582
1253.060499 684.882567
1359.627721 687.855666
1468.734677 690.870553
1580.174417 693.891173
1693.649135 696.967284
1809.031899 700.102189
1148.562594 782.976418
1252.185241 787.267391
1358.556089 791.622315
1467.526233 796.000051
1578.748339 800.428602
1692.110414 804.799396
1807.274898 809.156107
1147.663814 883.378104
1251.021202 889.203101
1357.128655 894.988293
1465.772194 900.766370
1576.707128 906.496091
1689.846019 912.135366
1804.804598 917.708413
1146.670700 983.039975
1249.590094 990.295963
1355.344413 997.474399
1463.687185 1004.719714
1574.239315 1011.712271
1686.851082 1018.376448
1801.570734 1025.612732
1032.894131 268.258140
1130.174266 260.315872
1233.349360 252.363428
1342.858656 244.178841
1458.693125 235.997100
1581.128785 227.719076
1710.430500 219.341093
1048.069000 363.695885
1143.362285 358.990736
1244.174867 354.180321
1350.981548 349.371430
1463.787377 344.484589
1582.915330 339.674315
1708.439154 334.947677
1062.488756 454.938719
1155.723111 452.937154
1254.243977 450.966238
1358.348735 449.054603
1468.203379 447.336966
1583.972188 445.574528
1705.868665 444.005725
1076.013620 541.722815
1167.227634 542.203492
1263.421095 542.901702
1364.978452 543.752152
1471.937788 544.644000
1584.421367 545.751129
1702.693135 547.004772
1088.858370 624.322229
1178.031462 627.116203
1272.017445 630.074194
1370.927093 633.230646
1475.074627 636.637880
1584.440953 640.271349
1699.177455 644.112534
1100.829334 702.967694
1188.036070 707.835383
1279.782958 712.839118
1376.215206 718.105135
1477.571514 723.692120
1583.961035 729.513729
1695.324196 735.643376
1112.225404 777.736438
1197.460732 784.294331
1287.008464 791.161071
1381.094758 798.437214
1479.719397 805.946278
1583.078542 813.699342
1691.239761 821.851104
1137.093808 96.021628
1243.143018 89.950383
1352.026783 84.289327
1463.637411 79.036819
1577.623710 74.190813
1693.902709 69.637315
1812.047752 65.674527
1138.755365 199.628825
1244.388824 195.203552
1352.885770 191.035610
1464.038063 187.257868
1577.494227 183.794751
1693.171868 180.713189
1810.762506 177.984841
1140.185214 302.883277
1245.288886 299.945024
1353.314017 297.334186
1463.857614 294.943065
1576.697436 292.943645
1691.708732 291.051573
1808.761749 289.600575
1141.412899 405.193364
1245.880450 403.806144
1353.204509 402.721031
1463.089119 401.817270
1575.250111 401.050192
1689.584617 400.542642
1805.746554 400.247051
1142.489466 506.513117
1246.258274 506.671584
1352.807087 506.953462
1461.862726 507.404424
1573.241495 508.083361
1686.770587 508.854449
1802.058818 509.733051
1143.209624 606.589702
1246.181486 608.216242
1351.910803 609.879848
1460.073658 611.734943
1570.577881 613.711821
1683.225561 615.695337
1797.677065 617.810290
1143.761630 705.110745
1245.857680 708.054102
1350.651826 711.100205
1457.936661 714.344234
1567.481077 717.555245
1679.022470 720.741253
1792.471446 724.057698
