-1.90383677231110 -1.77731663577512 0.11069630194062 
-1.99933175767195 -2.15734327651208 0.78069677034305 
2.03736502925296 2.12929193427738 0.64932465749368 
1.93051956501231 1.81795665410634 0.08874769677787 
2.08469324037443 2.07583852620937 -0.12231886836463 
-2.05812850441273 -2.03586028549765 -0.09634321121060 
-2.01789242274149 -2.15038753501453 -0.76037631432709 
2.06633564812805 2.07277280999579 0.31314968831382 
1.96706458436589 1.88505798386041 -0.01258094463750 
-2.15811674536265 -2.20510887220771 -0.44458139246266 
-2.01805829968544 -2.14970434664762 -0.76066297422813 
2.13321319593029 2.13259792447802 -0.01380243828835 
1.92862187102638 1.81912771054319 -0.11346718350115 
-1.90411525927645 -1.77783417269077 0.11050307139876 
-1.98344241438156 -2.03961560908753 0.54500589370625 
-1.99890737647726 -2.15778603937794 0.78000025945995 
2.03016347615144 2.19414299089893 -0.79242266771494 
-2.08984796949420 -2.09803981348588 0.22947468408377 
-1.90761219001923 -1.77646825152118 -0.09030854625901 
-2.05603472738512 -2.03681290230937 0.11802732198637
