508.324231 403.785870
586.607349 399.108642
670.455286 394.480329
760.655154 389.559099
857.428368 384.499756
961.507080 379.312266
1073.305908 374.009652
529.473670 497.682506
607.017968 496.434382
689.873872 495.161574
778.838726 493.975737
874.152224 492.686620
976.562184 491.489373
1086.318866 490.537264
550.140080 588.314432
626.860335 590.037154
708.773045 591.935876
796.362417 594.006128
890.267616 596.391464
990.794062 598.806435
1098.434767 601.563706
570.277681 675.509276
646.079407 679.989804
726.961712 684.898763
813.325138 690.100979
905.661209 695.514173
1004.460242 701.336000
1109.713738 707.398913
589.796597 759.458492
664.761975 766.512283
744.673755 774.014217
829.664352 781.845106
920.366245 790.158082
1017.198013 798.914591
1120.309923 808.146709
608.693604 840.145298
682.778245 849.477405
761.508897 859.257666
845.310455 869.569941
934.411394 880.503128
1029.399635 891.858669
1130.312957 903.941643
627.058033 917.659480
700.166875 928.929076
777.782611 940.897304
860.237850 953.412024
947.888984 966.596600
1040.932390 980.399504
1139.658115 994.838489
635.277991 165.803876
708.774013 155.201572
786.627093 144.202061
869.435630 132.881274
957.376725 121.157716
1050.910918 109.027052
1150.032747 96.672289
616.937974 243.427535
691.264511 234.935292
770.314455 226.028970
854.421014 216.941671
944.011702 207.443527
1039.343381 197.690254
1140.736530 187.823709
597.941833 324.508503
673.233074 318.211493
753.366371 311.725411
838.819177 305.038519
929.928401 298.229678
1027.154013 291.174357
1130.715204 283.996759
578.447066 409.011863
654.540466 405.227746
735.728346 401.491565
822.400497 397.494535
915.107225 393.544748
1014.238871 389.511291
1120.020749 385.473784
558.382607 497.115136
635.307357 496.177807
717.402210 495.372676
805.414358 494.426767
899.601858 493.691851
1000.575765 492.938341
1108.442302 492.439777
537.759496 588.822961
615.429475 590.912046
698.743339 593.267113
787.847568 595.799065
883.415589 598.658851
986.145786 601.648298
1096.193562 604.930109
516.487871 684.089532
595.092145 689.528221
679.242933 695.388784
769.642852 701.577747
866.607236 708.357637
970.981608 715.350590
1082.939249 722.928809
915.875987 308.184552
1025.680489 315.796054
1128.247818 323.256603
1223.788335 330.532090
1313.121754 337.514404
1396.508947 344.194039
1474.418677 350.753243
906.316793 427.154146
1014.939002 430.678985
1116.404140 434.277136
1211.122465 437.758358
1299.720888 441.293863
1382.495263 444.635139
1459.886265 447.880304
897.132345 542.807285
1004.286514 542.674443
1104.652240 542.500233
1198.466283 542.518674
1286.263580 542.520678
1368.439146 542.595062
1445.308205 542.883924
888.216746 654.927205
994.005792 651.207063
1093.035362 647.586682
1185.951317 644.334695
1272.858173 641.188867
1354.315236 638.229350
1430.714723 635.562526
879.636289 763.244903
983.875879 756.163765
1081.698236 749.423299
1173.432663 743.138123
1259.580735 736.990083
1340.280001 731.315371
1416.151371 725.864619
871.294386 867.695725
973.999447 857.651292
1070.418072 847.988818
1161.099986 838.818201
1246.396958 829.941648
1326.394320 821.602789
1401.662435 813.664949
863.410207 968.367305
964.375181 955.400996
1059.608360 943.038882
1149.067447 931.366904
1233.372646 919.978384
1312.666990 909.195907
1387.293749 898.936873
857.919914 93.694163
955.804169 106.485627
1048.142608 118.750955
1135.144892 130.853059
1217.256804 142.545567
1294.740652 153.814482
1367.821097 164.839188
868.152276 184.490059
968.104349 194.880611
1062.357934 205.072892
1150.948200 214.967943
1234.481816 224.641642
1312.951535 233.922646
1386.911665 242.815401
878.829173 280.374496
980.998256 288.241068
1077.093698 295.927199
1167.410131 303.484819
1252.148061 310.743686
1331.831053 317.735753
1406.624914 324.567005
890.032758 381.724251
994.559751 386.659017
1092.485898 391.459535
1184.332441 396.247504
1270.365027 400.966395
1351.054700 405.444795
1426.899448 409.895918
901.942120 488.595009
1008.604388 490.214926
1108.299816 491.913874
1201.730421 493.761780
1289.182658 495.447198
1370.949271 497.219521
1447.579214 498.930995
914.491699 601.203555
1023.202216 599.247156
1124.880764 597.483455
1219.722682 595.865682
1308.452590 594.266578
1391.244978 592.970796
1468.713638 591.672517
927.537359 719.556877
1038.383825 713.579571
1141.839475 707.833723
1238.230625 702.551284
1328.143030 697.474054
1411.972088 692.693594
1490.302299 688.307985
689.336097 77.212830
795.973609 79.682906
901.509588 82.492560
1005.745098 85.856803
1108.551219 89.627819
1209.645788 93.800642
1308.705376 98.453621
685.747814 172.633358
794.381275 174.538446
902.040946 176.867294
1008.309166 179.646731
1113.105162 182.849909
1215.970005 186.364089
1316.820810 190.250294
682.108301 272.122919
792.814335 273.516913
902.539808 275.304588
1010.922964 277.490773
1117.596506 280.007266
1222.377492 282.812430
1324.917612 285.938600
678.449476 375.779959
791.326814 376.638913
903.082088 377.839164
1013.475743 379.322829
1122.054616 381.182248
1228.622097 383.156704
1333.012479 385.423325
674.975075 483.610896
789.853302 483.963619
903.544001 484.581601
1015.955982 485.388935
1126.539217 486.326444
1234.901466 487.458704
1340.949399 488.741101
671.637097 595.556994
788.383356 595.419302
904.243585 595.406297
1018.464665 595.435705
1130.898416 595.451288
1241.062909 595.572233
1348.778653 595.749624
668.318806 711.510355
787.135696 710.769145
904.797662 709.983551
1020.959820 709.202657
1135.128654 708.335698
1246.998012 707.312139
1356.404325 706.370687
590.008008 379.826516
698.919756 377.681315
810.700508 375.875760
925.376721 374.279510
1042.453539 373.001390
1161.626801 372.025674
1282.499060 371.393939
598.351074 489.308296
705.662065 488.676802
815.735920 488.218864
928.618151 487.952587
1043.796897 487.783207
1161.073798 487.822518
1279.880682 488.152447
606.776831 595.579298
712.423404 596.286241
820.753719 597.109410
931.722914 597.994287
1044.996940 598.942670
1160.188739 599.899914
1276.966691 601.044142
615.205511 698.385090
719.161428 700.328742
825.640042 702.370522
934.720507 704.410398
1045.964251 706.281535
1159.114985 708.204642
1273.706475 710.057056
623.506157 797.781934
725.800074 800.833985
830.561252 803.911521
937.588814 806.854877
1046.769957 809.728186
1157.747832 812.545258
1270.261766 815.191088
631.650708 893.677019
732.257626 897.737572
835.143836 901.686861
940.306500 905.564352
1047.439483 909.341493
1156.364637 912.902615
1266.680354 916.345369
639.781921 986.078510
738.579207 990.922102
839.692251 995.788306
942.892148 1000.526312
1048.071535 1005.062633
1154.846106 1009.456791
1263.030563 1013.578775
305.610400 380.055331
432.630333 383.713212
553.240595 387.542361
667.195490 391.419282
775.054816 395.226800
876.922699 399.017490
973.150228 402.904504
306.391736 494.590834
430.525571 495.026629
548.373914 495.659173
660.033258 496.363617
765.801879 497.263375
865.848026 498.150834
960.425406 499.149207
307.778975 603.911077
428.832535 601.506352
544.051067 599.160197
653.436465 597.060753
757.071630 595.075769
855.258008 593.256763
948.210846 591.711464
309.467076 708.151778
427.743754 703.020489
540.216357 698.007126
647.371180 693.386226
748.863918 688.908483
845.130454 684.633855
936.446195 680.622074
311.533913 807.378198
426.905893 799.767528
536.953816 792.390341
641.642482 785.409304
741.159244 778.611540
835.506779 772.221999
925.180907 765.959125
313.814472 901.707150
426.412370 892.013736
533.798869 882.517189
636.267484 873.353502
733.782737 864.444164
826.332560 855.922865
914.324008 847.742282
316.591377 991.416195
426.252872 979.671587
531.235628 968.273375
631.295863 957.284632
726.745973 946.467378
817.562014 936.103832
903.975977 926.113492
319.232649 166.303571
435.441882 175.509084
546.223374 184.555786
651.522675 193.679612
751.699986 202.618805
846.726429 211.386793
936.880753 220.108345
316.359611 272.329216
433.859871 278.784251
545.857362 285.323981
652.233993 291.810601
753.378359 298.302895
849.183680 304.639610
940.111481 310.896211
313.977197 380.900811
432.643179 384.646515
545.729299 388.424831
653.195064 392.302197
755.104404 396.049316
851.784268 399.826536
943.358032 403.669234
311.991445 491.977651
431.984130 492.758362
545.985301 493.619960
654.364190 494.692697
757.024890 495.825235
854.379266 496.911291
946.678854 498.210116
310.675591 605.134170
431.617734 602.831529
546.530599 600.775058
655.724320 598.993417
759.194078 597.238861
857.171602 595.727034
950.013263 594.311232
309.886939 720.191156
431.624693 714.879866
547.500253 709.774059
657.397803 704.935003
761.553928 700.251972
860.022990 695.928759
953.330329 691.703458
309.618244 836.963264
432.169195 828.361984
548.764302 820.046643
659.271100 812.170697
763.993649 804.511612
862.994371 797.197293
956.710513 790.206534
326.797951 107.905224
436.197710 117.980494
540.776294 127.842487
640.461753 137.802254
735.606368 147.595094
826.186734 157.200190
912.332440 166.737109
323.284966 197.657340
435.383573 205.640480
542.557037 213.701602
644.573887 221.665929
741.857006 229.606781
834.194563 237.367257
922.020480 245.016396
319.923343 292.297658
434.870604 298.145587
544.610880 304.011108
649.148509 309.897537
748.375544 315.650022
842.679252 321.356984
932.100730 327.060912
316.686376 392.166053
434.810521 395.522803
547.130056 398.923755
653.982084 402.401912
755.288387 405.960384
851.418941 409.392549
942.702081 412.951898
313.990507 497.380853
435.005894 497.950697
549.913498 498.710150
659.182134 499.670822
762.736573 500.590138
860.785770 501.654597
953.647625 502.761611
311.689725 608.107056
435.546775 605.724570
553.411904 603.568503
664.946868 601.585522
770.643030 599.649382
870.548073 598.023577
965.041238 596.427306
309.617172 724.551492
436.625142 718.818076
557.176588 713.268750
671.225278 708.154792
778.969861 703.250678
880.751247 698.517301
976.903451 694.072183
123.039396 48.289805
249.625614 52.498397
374.485216 56.560322
497.403791 62.127829
617.975113 67.845971
735.682545 73.983232
850.180950 80.498734
124.290380 169.780520
250.369445 172.568156
374.744444 175.829001
497.015335 179.563822
616.993207 183.731620
734.141725 188.244605
848.265456 193.142106
126.602992 290.036846
251.857365 291.754503
375.488563 293.781868
497.128241 296.150517
616.359780 298.809467
732.836764 301.742036
846.334497 305.010767
129.539853 409.224433
254.111021 409.759981
376.820891 410.535915
497.655859 411.623363
616.059634 412.884736
731.686330 414.281787
844.483590 415.972224
133.376178 526.902576
256.933751 526.325641
378.739384 525.902602
498.571927 525.695379
616.083638 525.541373
730.794950 525.595631
842.740695 525.741444
137.855004 642.770448
260.326552 641.177564
381.076690 639.581285
499.848420 638.080495
616.387590 636.583159
730.153058 635.180410
841.051675 633.897555
143.091353 756.621007
264.349819 753.823583
383.938943 751.102565
501.526476 748.416047
616.957976 745.591723
729.692528 742.852095
839.558638 740.167908
157.992898 220.684865
297.105391 226.008396
431.493349 231.810414
560.777853 237.863048
684.949662 244.081322
803.658936 250.408299
917.145898 256.943176
169.357021 344.816469
303.858562 347.665207
433.746663 350.798485
558.958760 354.130231
679.264561 357.701199
794.552936 361.323263
904.821904 365.119680
180.902792 461.272186
310.698098 461.936497
436.338719 462.676260
557.570068 463.610537
674.172558 464.683536
786.042081 465.850531
893.314517 467.286191
192.241206 570.361544
317.754096 568.957894
439.133238 567.594066
556.653993 566.546419
669.641030 565.462365
778.213673 564.506345
882.422045 563.775970
203.367718 672.450300
324.681144 669.220887
442.333436 666.044687
555.955328 663.087637
665.600226 660.154650
770.912553 657.474753
872.269091 654.848481
214.224777 767.989025
331.605398 763.247138
445.290631 758.476412
555.472023 753.844054
661.876016 749.292441
764.213235 744.916905
862.668975 740.719596
225.078794 857.511889
338.431509 851.223303
448.618451 845.100723
555.268504 839.130621
658.494186 833.094042
757.952385 827.275698
853.717062 821.580340
138.678507 289.003691
255.424140 288.797927
372.398750 288.870375
489.500826 289.421239
606.398973 290.266189
722.603681 291.454091
837.719122 293.041387
130.684981 401.890373
248.525984 401.523487
366.776550 401.440210
485.120050 401.694736
603.289439 402.150045
720.627592 402.804223
836.992993 403.767392
123.239195 517.334239
242.175838 516.920922
361.559793 516.669989
481.136236 516.569683
600.364568 516.577745
718.869667 516.718429
836.326375 517.077187
116.250266 635.166483
236.449796 634.626889
356.868695 634.155960
477.469990 633.694062
597.753492 633.305968
717.262336 632.903645
835.779803 632.698191
110.144942 754.942805
231.228526 754.312277
352.585353 753.661715
474.135315 752.916866
595.442307 752.029292
715.967381 751.135149
835.300331 750.211983
104.711695 876.418250
226.485333 875.762794
348.894194 874.913446
471.243217 873.837231
593.385001 872.503142
714.747344 870.954099
834.902474 869.244101
100.048330 999.210099
222.546178 998.510545
345.739817 997.290050
468.738518 996.075326
591.599372 994.171052
713.653207 992.167890
834.520270 989.688693
258.567707 181.289072
373.992497 187.104727
485.860503 192.933784
593.989274 199.170717
698.529012 205.470851
799.233578 211.835307
896.055306 218.381346
247.508124 271.582055
366.835691 275.804739
482.629255 280.330932
594.382141 285.012416
702.320392 289.870911
805.977153 294.748885
905.674312 299.716897
236.005567 368.437420
359.628524 371.052881
479.406415 373.907167
595.108980 376.942654
706.354589 380.023169
813.328591 383.227548
915.868559 386.589731
224.043821 472.635658
352.456136 473.298741
476.418414 474.170160
595.968285 475.176000
710.828215 476.474403
821.044957 477.705331
926.845500 479.232227
212.102538 584.583402
345.134242 582.984855
473.341085 581.666231
597.124940 580.570212
715.885791 579.486701
829.601940 578.626896
938.404849 577.905748
200.026522 704.802236
337.723851 700.826133
470.925450 697.011495
598.769726 693.283561
721.507420 689.606013
838.655330 686.278274
950.683560 682.891326
187.319959 834.072642
330.577194 827.206459
468.395869 820.364319
600.833595 813.709477
727.554466 807.179597
848.445912 800.746865
963.743811 794.574452
996.588434 412.104767
1089.154603 408.675340
1187.133481 405.472277
1291.060265 402.135543
1400.891214 398.934826
1516.987816 395.702269
1639.498671 392.541090
1008.352869 504.285779
1099.508950 503.777169
1195.782108 503.349524
1297.805918 503.052725
1405.421394 502.848110
1519.136473 502.754127
1638.953938 502.975757
1019.643503 593.230732
1109.261446 595.237352
1203.946217 597.422756
1303.876098 599.810259
1409.401575 602.480522
1520.607053 605.225282
1637.789531 608.341568
1030.439764 678.692820
1118.438715 683.071825
1211.404174 687.779227
1309.483909 692.684603
1412.813824 697.792428
1521.723423 703.318119
1635.991356 708.987334
1040.724830 760.908421
1127.203193 767.505526
1218.496439 774.428856
1314.568991 781.498468
1415.690585 789.023864
1522.089853 796.903383
1633.758768 805.087560
1050.472383 839.847324
1135.466002 848.437557
1224.938634 857.310995
1319.194186 866.555924
1418.147820 876.240850
1522.226946 886.209982
1631.240823 896.702112
1059.898810 915.667082
1143.311886 925.950223
1231.091333 936.763215
1323.384215 947.902717
1420.316920 959.491065
1521.969757 971.488847
1628.415713 983.883843
1038.156855 238.511830
1125.617898 230.841692
1217.714755 223.111121
1314.926364 215.261624
1417.208633 207.355081
1524.886084 199.358859
1637.899003 191.364344
1034.765826 326.386366
1122.835827 321.195636
1215.737375 315.861298
1313.799175 310.596636
1417.037881 305.215510
1525.750389 299.835691
1640.015223 294.613673
1031.199388 416.057388
1119.895933 413.254573
1213.533886 410.505003
1312.320303 407.780371
1416.464274 405.226978
1526.145972 402.602077
1641.458589 400.157614
1027.495978 507.214932
1116.722455 506.932857
1210.980528 506.925329
1310.415129 506.913409
1415.353266 507.084760
1525.959317 507.414131
1642.295804 507.887303
1023.662297 599.742912
1113.366217 602.189937
1208.097343 604.876422
1308.180620 607.641897
1413.770678 610.738396
1525.154048 613.996920
1642.363671 617.632828
1019.701230 693.469379
1109.699912 698.647637
1204.981257 704.084254
1305.592901 709.794207
1411.744812 715.916997
1523.885410 722.278883
1641.853585 729.022614
1015.540317 788.113646
1105.946900 796.018131
1201.503196 804.414177
1302.620840 813.085854
1409.378104 822.273148
1521.997505 831.802074
1640.555708 841.815421
1067.479623 186.960449
1151.332205 178.573049
1239.343655 170.041218
1331.937385 161.428764
1429.067098 152.712702
1531.034543 143.907541
1637.706760 135.109976
1058.112682 263.264891
1143.361684 256.785778
1233.164776 250.098392
1327.620511 243.478486
1426.925596 236.694694
1531.152444 229.875494
1640.500304 223.187109
1048.215349 342.978003
1135.022806 338.435095
1226.536839 333.885960
1322.926328 329.329380
1424.333556 324.845061
1530.977899 320.279539
1642.880104 315.815641
1037.845437 426.117250
1126.173776 423.720307
1219.411766 421.538944
1317.644502 419.234704
1421.191634 417.155736
1530.266750 415.126190
1644.892495 413.189156
1027.008421 512.781504
1116.828578 512.875313
1211.612397 513.155844
1311.848136 513.405766
1417.549939 513.962153
1529.062396 514.626025
1646.283936 515.548815
1015.667629 603.013846
1106.816807 605.729480
1203.476820 608.683876
1305.515821 611.831936
1413.309776 615.305746
1527.261706 618.955556
1647.244443 622.913388
1003.675435 696.691759
1096.376261 702.299889
1194.496612 708.268782
1298.529584 714.429764
1408.498042 721.095503
1524.774321 727.965691
1647.417772 735.333373
1146.189843 260.601346
1235.560343 256.001323
1328.056034 251.464400
1423.909342 247.133367
1522.956188 242.948615
1625.343506 238.845645
1730.721996 234.990840
1139.119328 335.648237
1230.726304 332.453411
1325.869489 329.298934
1424.438964 326.388164
1526.473309 323.516867
1631.854499 320.783457
1740.599863 318.282103
1131.491607 415.061195
1225.536690 413.333785
1323.318673 411.799789
1424.768466 410.400075
1529.777843 409.166312
1638.463365 408.018885
1750.536510 407.083836
1123.304794 499.100615
1219.846656 499.036536
1320.354405 499.305412
1424.637176 499.549859
1532.764503 500.145345
1644.813850 500.816893
1760.572886 501.654020
1114.534896 587.911306
1213.651745 589.863856
1316.738460 592.087238
1424.136956 594.346645
1535.568302 596.877616
1651.182304 599.525482
1770.517780 602.409918
1105.152222 681.833372
1206.683457 685.977919
1312.890953 690.360989
1423.270585 694.919365
1538.046967 699.668715
1657.279665 704.593831
1780.515549 709.613923
1094.854081 780.898495
1199.187516 787.548771
1308.129814 794.406085
1421.918492 801.438535
1540.142831 808.799547
1662.953728 816.142424
1790.279948 823.802890
1150.066769 378.970086
1253.948583 377.301710
1360.445330 375.941887
1469.482031 374.825803
1580.824597 373.928698
1694.343523 373.196267
1809.598841 372.794366
1150.048335 479.801884
1253.979782 479.670950
1360.647140 479.715271
1469.791854 479.978775
1581.231050 480.373771
1694.842718 480.898875
1810.271830 481.684966
1149.784998 580.967154
1253.703251 582.314464
1360.414795 583.778219
1469.552805 585.375599
1581.042549 587.154220
1694.646359 588.922757
1810.102240 590.913882
1149.323881 682.088986
1253.135184 684.869923
1359.720478 687.841338
1468.830311 690.838985
1580.190875 693.877916
1693.750054 697.003685
1809.065720 700.115144
1148.651536 782.952554
1252.295882 787.277490
1358.660757 791.662150
1467.583725 796.006465
1578.782757 800.411112
1692.087652 804.792287
1807.278518 809.156266
1147.779201 883.333079
1251.103381 889.161737
1357.214323 894.938539
1465.868503 900.721933
1576.763385 906.463947
1689.891313 912.096869
1804.778712 917.679962
1146.756747 983.028329
1249.705337 990.249790
1355.455690 997.446011
1463.732812 1004.731190
1574.327940 1011.647907
1687.079047 1018.553595
1801.728820 1025.605946
1077.914022 259.703670
1182.993645 253.354643
1292.803811 247.321705
1407.494880 241.327867
1526.784553 235.516813
1650.691157 229.857826
1779.150092 224.423372
1088.354086 359.220775
1190.851662 355.520365
1297.674004 351.892788
1409.208230 348.437002
1524.965190 345.095203
1645.255134 341.896637
1769.698435 339.038916
1098.146761 453.861652
1197.966616 452.375649
1302.057677 450.951904
1410.314683 449.663824
1522.790034 448.641338
1639.361408 447.599577
1760.057372 446.895453
1107.293945 543.604742
1204.497968 544.075658
1305.729064 544.760353
1411.046892 545.567192
1520.234022 546.382089
1633.436561 547.461834
1750.181832 548.552057
1115.788678 628.713898
1210.488040 630.993984
1309.112668 633.449484
1411.363857 635.935067
1517.377949 638.622005
1627.062218 641.461060
1740.308234 644.367733
1123.613512 709.387773
1215.956941 713.296766
1311.783991 717.226042
1411.305012 721.347937
1514.260703 725.671754
1620.825313 729.998714
1730.594877 734.574052
1131.080351 785.836904
1220.966794 791.019834
1314.312826 796.453551
1411.031328 802.015783
1511.117101 807.691079
1614.458226 813.515499
1720.961100 819.405359
1137.178153 96.031902
1243.252445 89.922866
1352.124069 84.179826
1463.722071 78.966685
1577.687660 74.150717
1694.039636 69.617866
1812.087139 65.829761
1138.860108 199.642632
1244.504034 195.211622
1352.975677 191.034946
1464.099406 187.274834
1577.544506 183.826553
1693.228985 180.699150
1810.813175 177.992850
1140.277005 302.823748
1245.391824 299.920424
1353.406785 297.282877
1463.920078 294.902838
1576.784346 292.887749
1691.782676 291.049649
1808.756386 289.589675
1141.535920 405.140725
1245.990356 403.767176
1353.325155 402.687661
1463.196198 401.764558
1575.284841 401.016351
1689.666870 400.531474
1805.771804 400.210598
1142.579201 506.479305
1246.343979 506.641246
1352.904033 506.971080
1461.935597 507.387717
1573.257403 508.035847
1686.741923 508.814442
1802.030948 509.713255
1143.303362 606.515160
1246.282087 608.148234
1351.980183 609.807869
1460.174570 611.650428
1570.620645 613.643699
1683.252841 615.629073
1797.620148 617.752297
1143.862347 705.037719
1245.954826 707.954786
1350.741130 711.071819
1457.988227 714.240652
1567.544649 717.468928
1679.059996 720.706981
1792.474435 723.984980
