508.023865 403.972721
586.257177 399.358018
670.162693 394.705137
760.144865 389.843455
856.994912 384.817173
960.996856 379.618636
1072.823767 374.364248
529.175739 497.933905
606.711472 496.591313
689.550910 495.389323
778.380709 494.192363
873.775949 492.968915
976.056374 491.817027
1085.811978 490.772179
549.873469 588.519703
626.553043 590.284026
708.357280 592.191041
796.021333 594.250627
889.875691 596.663113
990.366316 599.048867
1097.934475 601.876304
569.946017 675.688286
645.780865 680.183974
726.645354 685.085562
812.912457 690.364788
905.299655 695.791864
1003.976389 701.532369
1109.315384 707.701725
589.532080 759.673727
664.488783 766.676588
744.302596 774.154536
829.326305 782.051519
920.109451 790.434979
1016.879742 799.184615
1119.950344 808.453539
608.487057 840.356121
682.476830 849.661905
761.214681 859.540466
844.950673 869.798410
934.143466 880.722719
1029.066493 892.111772
1129.974714 904.173208
626.791906 917.835210
699.914830 929.158385
777.510709 941.054842
859.954146 953.642081
947.545582 966.835172
1040.610319 980.630934
1139.355794 995.071542
635.093962 165.640025
708.463357 154.963742
786.410744 144.016487
869.119111 132.708937
957.048569 120.939312
1050.532814 108.731311
1149.684324 96.386764
616.653369 243.220575
691.055196 234.625530
770.015914 225.785172
854.083257 216.630557
943.696226 207.112906
1038.969563 197.456841
1140.375947 187.526086
597.674384 324.339274
672.949038 318.037666
752.986083 311.506451
838.452447 304.747232
929.575907 297.969007
1026.740389 290.791878
1130.308774 283.656438
578.179356 408.773248
654.242488 404.991111
735.369316 401.151822
822.045852 397.286965
914.780499 393.238647
1013.823986 389.131983
1119.625326 385.087115
558.103901 496.905740
634.948023 495.927859
717.065643 495.093114
805.121591 494.117099
899.302240 493.400710
1000.179393 492.565843
1107.999399 492.079864
537.412172 588.552842
615.041745 590.631899
698.246618 593.069590
787.419210 595.438928
883.066997 598.311159
985.643514 601.232006
1095.765796 604.495116
516.220277 683.852639
594.672256 689.214654
678.992228 694.938477
769.218904 701.300775
866.186354 707.918775
970.540908 715.019097
1082.544399 722.545004
916.373710 308.422605
1026.173190 315.956766
1128.610102 323.449162
1224.209570 330.718574
1313.525942 337.727015
1396.877409 344.415683
1474.786115 350.853422
906.816880 427.454716
1015.379164 430.906698
1116.841774 434.451383
1211.525265 438.022468
1300.076576 441.489227
1382.892616 444.772059
1460.227888 448.040991
897.596317 543.077727
1004.759268 542.816314
1105.028485 542.681719
1198.875516 542.645462
1286.613465 542.764144
1368.795106 542.755325
1445.660895 543.039903
888.598493 655.187359
994.428321 651.378587
1093.409938 647.815867
1186.294586 644.481022
1273.242414 641.303627
1354.661202 638.419116
1431.071040 635.707269
880.035576 763.458278
984.303109 756.388285
1082.029903 749.632039
1173.769416 743.313609
1259.884235 737.163737
1340.631499 731.462598
1416.425857 725.988197
871.804377 867.945866
974.405688 857.851558
1070.854136 848.213155
1161.482775 838.994231
1246.671670 830.179917
1326.736793 821.758768
1402.010324 813.809282
863.793117 968.571142
964.791552 955.614436
1059.916909 943.212278
1149.471657 931.530380
1233.707164 920.184631
1312.877477 909.358509
1387.575065 899.066593
858.292640 93.451504
956.065478 106.166855
1048.454769 118.587164
1135.487453 130.658238
1217.530845 142.343298
1294.973044 153.636213
1368.043796 164.552304
868.472966 184.209541
968.450482 194.559649
1062.626867 204.744290
1151.345715 214.768002
1234.729469 224.323178
1313.263939 233.721624
1387.189979 242.699168
879.214059 280.101461
981.368212 287.898461
1077.441920 295.590207
1167.723361 303.140225
1252.445908 310.553690
1332.091499 317.503567
1406.996525 324.351224
890.466764 381.375500
994.966722 386.279159
1092.824964 391.173405
1184.650330 396.004732
1270.744181 400.685348
1351.386353 405.241016
1427.221734 409.669338
902.410652 488.207167
1008.997476 489.885973
1108.744328 491.619753
1202.112249 493.428062
1289.478486 495.179125
1371.281913 496.914338
1447.787946 498.664759
914.920334 600.855611
1023.704654 598.881637
1125.297225 597.177330
1220.080423 595.523968
1308.746729 594.058282
1391.600267 592.655498
1469.046423 591.462642
928.146519 719.194292
1038.848592 713.105738
1142.251935 707.384887
1238.661170 702.199107
1328.521314 697.105293
1412.258680 692.449601
1490.581949 688.014796
689.439057 76.974777
796.010583 79.324396
901.584895 82.276021
1005.865333 85.604939
1108.698016 89.350364
1209.712549 93.565948
1308.879060 98.094964
685.761564 172.347461
794.496800 174.192830
902.102913 176.523508
1008.440490 179.366733
1113.188666 182.506745
1216.116024 186.104849
1316.968615 190.008627
682.165202 271.875332
792.939558 273.211950
902.576264 274.990484
1011.062682 277.141564
1117.711263 279.792249
1222.482814 282.487312
1325.110754 285.668372
678.525891 375.485532
791.385618 376.301536
903.142316 377.536665
1013.564305 379.089486
1122.223213 380.882574
1228.761444 382.913826
1333.222247 385.129643
675.019014 483.334544
789.918151 483.694298
903.721085 484.292961
1016.127239 485.070198
1126.683086 486.097500
1235.103287 487.142872
1341.054488 488.448525
671.651823 595.290555
788.503668 595.157851
904.318684 595.191625
1018.611497 595.141657
1131.024125 595.243695
1241.223535 595.260085
1349.003616 595.514903
668.469436 711.273705
787.146067 710.494460
904.895336 709.680065
1021.144112 708.958632
1135.310070 708.035240
1247.136359 707.122421
1356.596164 706.106771
589.808714 380.011129
698.706839 377.870286
810.525638 376.052122
925.154299 374.473130
1042.337380 373.218642
1161.519914 372.316573
1282.472422 371.585787
598.125132 489.565972
705.449594 488.859507
815.606092 488.425682
928.417790 488.159069
1043.679578 488.024139
1160.950511 488.059642
1279.805161 488.329285
606.575427 595.798756
712.255743 596.519374
820.498411 597.296645
931.591668 598.266976
1044.870740 599.194828
1160.113137 600.131544
1276.924340 601.283485
614.942850 698.620609
718.978150 700.549748
825.439272 702.621066
934.530875 704.646456
1045.831347 706.550851
1158.984227 708.448084
1273.705273 710.330539
623.301085 798.035670
725.645941 801.044840
830.349540 804.105783
937.437750 807.092050
1046.679412 810.014807
1157.710845 812.822242
1270.170160 815.484199
631.524945 893.938052
732.068149 897.967761
835.000900 902.015463
940.167262 905.849513
1047.368567 909.597735
1156.287917 913.209623
1266.666574 916.595055
639.626806 986.324508
738.425345 991.224903
839.522493 996.011862
942.826304 1000.790115
1047.958000 1005.311983
1154.705273 1009.628088
1262.954902 1013.697359
305.996822 380.416622
433.046036 384.010003
553.564536 387.819674
667.626166 391.696401
775.432108 395.514383
877.263691 399.359769
973.496362 403.086072
306.760404 495.009082
430.923810 495.365886
548.779364 495.946387
660.382347 496.720217
766.112860 497.581596
866.208380 498.379681
960.746151 499.370270
308.118039 604.270554
429.252718 601.730167
544.378778 599.429576
653.832605 597.285831
757.383285 595.374045
855.571972 593.520722
948.565904 591.942149
309.779633 708.488055
428.069618 703.253208
540.545394 698.294759
647.651222 693.604682
749.149714 689.130065
845.439751 684.920161
936.777223 680.840989
311.924137 807.671798
427.248618 800.047682
537.254474 792.644976
641.906333 785.646406
741.410378 778.858848
835.827359 772.454225
925.453690 766.158055
314.227230 902.050462
426.820302 892.301042
534.187191 882.821534
636.584551 873.635241
734.016251 864.719375
826.659546 856.148099
914.634339 847.952327
316.961665 991.653968
426.628716 979.988391
531.510157 968.530912
631.658908 957.501902
727.065023 946.743740
817.763180 936.314606
904.220767 926.298266
319.595528 166.155632
435.764084 175.262301
546.529794 184.443992
651.904843 193.562428
752.053115 202.497658
847.034128 211.336770
937.241821 219.899628
316.644163 272.168467
434.271715 278.615838
546.165550 285.133169
652.614561 291.717835
753.682503 298.149833
849.530481 304.507664
940.440879 310.804248
314.301927 380.767084
433.061962 384.442876
546.083824 388.256508
653.574417 392.106661
755.413278 395.994629
852.091738 399.711332
943.751021 403.552012
312.361026 491.829971
432.343739 492.533381
546.358330 493.495020
654.689941 494.581999
757.369694 495.678686
854.726012 496.842928
947.045084 498.072180
311.058735 604.966991
431.967219 602.708561
546.957470 600.670481
656.117183 598.830151
759.462280 597.133065
857.525026 595.627484
950.323550 594.185127
310.170674 720.125500
432.121952 714.773968
547.882604 709.687874
657.793526 704.830645
761.840822 700.241937
860.384803 695.820336
953.696287 691.643402
310.112416 836.867468
432.533321 828.286661
549.143058 819.889145
659.715110 812.056131
764.477159 804.402653
863.253176 797.138314
957.023191 790.100253
327.133074 107.637322
436.500358 117.623194
541.040780 127.649038
640.801740 137.571445
735.917595 147.401057
826.415281 157.034211
912.635307 166.402048
323.567256 197.325015
435.773543 205.337336
542.817140 213.347588
644.928858 221.437620
742.110999 229.294934
834.492512 237.130633
922.320498 244.827799
320.222570 292.018363
435.257736 297.792781
544.938112 303.689398
649.482691 309.548193
748.641769 315.445711
842.929855 321.075590
932.482397 326.829544
317.096334 391.806761
435.178390 395.152689
547.475346 398.608395
654.304364 402.133967
755.631074 405.649964
851.753246 409.185270
943.024090 412.682996
314.364989 497.010719
435.336962 497.636548
550.380500 498.438541
659.591267 499.326782
762.980791 500.345353
861.121234 501.351542
953.902051 502.454799
311.989868 607.747360
436.000089 605.376619
553.780550 603.251407
665.319364 601.260712
770.919975 599.389827
870.883012 597.714306
965.377676 596.187385
310.183659 724.161062
437.027370 718.366337
557.567521 712.826935
671.679509 707.782083
779.386065 702.910840
881.013442 698.267039
977.213375 693.799421
122.940432 48.726084
249.591841 52.617176
374.605634 57.326805
497.521081 62.383378
618.084569 67.910396
735.786919 74.025666
850.491971 80.502086
124.235800 169.834228
250.463743 172.539535
374.815233 175.836006
497.116676 179.604615
617.121186 183.765454
734.349564 188.248522
848.474928 193.166246
126.570832 290.130373
251.950306 291.774199
375.509541 293.827896
497.273831 296.183448
616.507831 298.950306
733.060612 301.827923
846.569916 305.064967
129.507619 409.293318
254.146445 409.806773
376.899397 410.601997
497.711528 411.656821
616.219280 412.954383
731.874632 414.373423
844.707279 416.022101
133.399242 527.024324
256.954268 526.454266
378.840610 526.015730
498.684712 525.795660
616.173848 525.663328
730.990218 525.710383
842.887998 525.842950
137.914150 642.947836
260.442271 641.333014
381.174023 639.806103
499.958845 638.246133
616.507007 636.760563
730.374390 635.303344
841.265344 634.005211
143.226891 756.779840
264.408556 754.060572
384.049326 751.221614
501.745126 748.583840
617.149366 745.775883
729.820304 742.999200
839.718821 740.314893
158.257936 221.199069
297.439862 226.488831
431.732822 232.250193
561.088976 238.314254
685.277722 244.552635
804.014759 250.925859
917.463720 257.297257
169.637802 345.427846
304.151950 348.117928
434.080778 351.269642
559.220710 354.594596
679.566807 358.204883
794.852932 361.682807
905.122250 365.451857
181.122584 461.755394
311.018360 462.318830
436.570390 463.095834
557.900856 464.023733
674.442652 465.145893
786.364341 466.286419
893.610579 467.649219
192.429739 570.805485
317.996102 569.327624
439.401103 568.024360
556.852941 566.876165
669.892672 565.815347
778.467891 564.908521
882.726645 564.117396
203.640867 672.849408
324.984645 669.622575
442.519072 666.422088
556.154201 663.452169
665.802289 660.523211
771.163932 657.817623
872.484607 655.181238
214.642766 768.411496
331.900517 763.621665
445.644142 758.891374
555.752663 754.241279
662.086110 749.683688
764.537517 745.291789
862.911062 741.056379
225.390458 857.861450
338.698268 851.671840
448.815850 845.452306
555.616285 839.438398
658.780756 833.473394
758.125697 827.568988
853.895510 821.839271
138.612831 288.808709
255.362881 288.553681
372.385088 288.712637
489.483406 289.216929
606.414619 290.059002
722.644909 291.256172
837.858362 292.758854
130.449545 401.648455
248.512258 401.302051
366.696456 401.189563
485.109743 401.490603
603.315115 401.932681
720.669180 402.622489
837.063523 403.559943
123.060643 517.160807
242.157729 516.701871
361.437407 516.507876
481.141703 516.392675
600.361316 516.476642
718.883780 516.550572
836.418544 516.953120
116.142312 635.011366
236.397585 634.469730
356.798849 633.970221
477.394839 633.571437
597.805757 633.144036
717.331430 632.760231
835.886288 632.520350
110.030797 754.859486
231.033253 754.194462
352.561108 753.583685
474.167870 752.785533
595.411469 751.952509
716.071342 751.031613
835.312167 750.161499
104.403506 876.442662
226.537009 875.640056
348.709860 874.949812
471.174216 873.800321
593.397573 872.462250
714.822303 870.891349
835.025961 869.194321
100.255610 999.175545
222.187112 998.722082
345.759154 997.259759
468.840807 996.022602
591.682213 994.225137
713.650488 992.036676
834.634815 989.538046
258.860544 180.896814
374.196962 186.621443
486.070154 192.632417
594.275655 198.832907
698.785113 205.108290
799.451057 211.555923
896.330324 217.963328
247.674723 271.101322
367.120829 275.354719
482.827917 279.849633
594.665083 284.663883
702.528959 289.442325
806.260808 294.391716
905.928916 299.411704
236.232694 367.986431
359.947986 370.569600
479.630822 373.429292
595.395380 376.445751
706.593179 379.699560
813.554841 382.801614
916.215638 386.210542
224.452583 472.117208
352.778737 472.781949
476.660308 473.669861
596.220388 474.806962
711.129262 476.008378
821.359105 477.314396
927.136947 478.787406
212.434665 584.029922
345.336890 582.496878
473.775189 581.197606
597.509029 580.036582
716.119356 579.069620
829.891015 578.169379
938.639220 577.454865
200.129770 704.279552
338.133502 700.269926
471.161442 696.524457
599.047311 692.762451
721.750232 689.164167
838.919468 685.790952
951.006675 682.479022
187.865285 833.461957
330.820258 826.544939
468.797517 819.675615
601.222269 813.129264
727.999134 806.579577
848.699103 800.309662
964.031669 794.112163
996.264676 412.310482
1088.800142 408.891163
1186.788242 405.737555
1290.615398 402.425653
1400.547680 399.256646
1516.592735 395.967348
1639.085109 392.867078
1008.069998 504.503198
1099.191444 503.918503
1195.477260 503.583243
1297.375138 503.248474
1405.110533 503.115498
1518.736329 503.073532
1638.528368 503.172368
1019.365261 593.467355
1108.957303 595.503504
1203.525112 597.646082
1303.521740 600.046107
1409.051476 602.757243
1520.274770 605.482324
1637.390165 608.649159
1030.153436 678.922608
1118.145614 683.284141
1211.081223 687.960811
1309.122997 692.895392
1412.476541 698.058400
1521.296912 703.498159
1635.707595 709.274135
1040.435272 761.111945
1126.943943 767.717148
1218.124445 774.577131
1314.237515 781.708000
1415.454050 789.304738
1521.831432 797.166921
1633.441895 805.386963
1050.262121 840.050737
1135.160551 848.591862
1224.640232 857.578989
1318.851021 866.780738
1417.915117 876.458834
1521.907593 886.441970
1630.968758 896.962996
1059.645441 915.833654
1143.072533 926.176007
1230.813913 936.900962
1323.112952 948.145019
1419.972872 959.726679
1521.667319 971.737268
1628.147583 984.126528
1037.899287 238.414423
1125.271319 230.709486
1217.430336 222.988686
1314.550200 215.149638
1416.895115 207.223475
1524.476074 199.194090
1637.581626 191.201816
1034.461638 326.283856
1122.563526 321.025363
1215.393832 315.703071
1313.401463 310.405034
1416.714771 305.012656
1525.414820 299.712641
1639.623633 294.444214
1030.916166 415.993371
1119.583765 413.178238
1213.094285 410.404391
1311.970495 407.630628
1416.098583 405.130221
1525.768762 402.403268
1641.106605 399.999875
1027.164278 507.118376
1116.402427 506.856344
1210.615790 506.767267
1310.048029 506.859943
1415.013756 506.996637
1525.527936 507.225927
1641.987661 507.738394
1023.335419 599.677638
1113.007438 602.071719
1207.753079 604.713630
1307.877842 607.499849
1413.530788 610.663323
1524.879407 613.879595
1642.002629 617.442529
1019.350136 693.363847
1109.340085 698.537346
1204.516370 704.098841
1305.202396 709.672137
1411.429303 715.797366
1523.514033 722.122526
1641.536865 728.913773
1015.243669 788.060318
1105.518752 795.920289
1201.181307 804.213226
1302.264241 813.038990
1408.997741 822.096157
1521.646719 831.719279
1640.264263 841.684580
1067.260331 186.796334
1151.038818 178.340353
1239.107759 169.841593
1331.629631 161.224279
1428.788586 152.470779
1530.645078 143.613360
1637.422194 134.800973
1057.832347 263.076331
1143.140338 256.471200
1232.852907 249.826711
1327.288210 243.177346
1426.616735 236.342344
1530.841188 229.637444
1640.151331 222.901631
1047.966666 342.805487
1134.749962 338.241891
1226.140203 333.649013
1322.606019 329.032430
1423.973321 324.606653
1530.594662 319.885466
1642.561384 315.509623
1037.575067 425.882909
1125.890717 423.503629
1219.051088 421.206805
1317.308985 419.040055
1420.891294 416.868639
1529.875832 414.776702
1644.585326 412.827245
1026.713095 512.541786
1116.489546 512.628813
1211.318365 512.821152
1311.577587 513.095798
1417.320872 513.689873
1528.758623 514.299609
1645.940847 515.192425
1015.317494 602.724145
1106.477464 605.445592
1203.007336 608.500540
1305.120162 611.503396
1412.982061 614.985807
1526.833965 618.545209
1646.896710 622.538614
1003.387108 696.492765
1095.957931 702.014037
1194.171543 707.857014
1298.186596 714.159222
1408.122663 720.653876
1524.442468 727.695700
1647.140274 734.988747
1146.054465 260.356786
1235.308030 255.673697
1327.886854 251.222490
1423.708970 246.861764
1522.774092 242.651364
1625.098694 238.523320
1730.525604 234.633173
1138.934296 335.373483
1230.533589 332.075833
1325.591763 328.959985
1424.238346 326.018574
1526.232090 323.079198
1631.690638 320.485000
1740.342837 317.935791
1131.274535 414.796372
1225.313841 413.064015
1323.022652 411.461937
1424.525041 410.018230
1529.518731 408.853179
1638.146233 407.533488
1750.289197 406.678172
1123.088043 498.772802
1219.620363 498.699002
1320.056705 498.904326
1424.386811 499.292540
1532.560024 499.780401
1644.509113 500.385022
1760.406120 501.232766
1114.287978 587.576261
1213.343350 589.490761
1316.522530 591.701937
1423.969567 593.922388
1535.416291 596.537291
1651.036261 599.097400
1770.168538 601.931321
1104.816343 681.440219
1206.432594 685.609703
1312.467336 690.032128
1422.952655 694.455820
1537.785720 699.211395
1656.917045 704.080462
1780.261784 709.173418
1094.633566 780.538947
1198.800940 787.107739
1307.870013 793.843123
1421.679672 801.039456
1539.842372 808.217023
1662.675085 815.725117
1790.085662 823.294379
1149.912812 378.934802
1253.760238 377.208530
1360.310996 375.958357
1469.337590 374.795951
1580.747514 373.899760
1694.224896 373.130939
1809.568016 372.744788
1149.896043 479.777514
1253.791619 479.586371
1360.516806 479.653065
1469.646127 479.928537
1581.102393 480.325072
1694.829661 480.901378
1810.139960 481.645327
1149.632121 580.966162
1253.526787 582.309005
1360.207164 583.807941
1469.424626 585.350055
1580.909874 587.174612
1694.520570 588.831555
1810.062582 590.913449
1149.108733 682.142110
1252.999250 684.895838
1359.558566 687.820776
1468.680715 690.875517
1580.106228 693.921222
1693.591179 696.970892
1809.036628 700.162689
1148.454600 782.997878
1252.087478 787.287464
1358.474023 791.667473
1467.452885 796.035878
1578.717529 800.484676
1692.084475 804.843131
1807.215449 809.195895
1147.618178 883.394037
1250.941296 889.183563
1357.028651 895.055183
1465.704431 900.779847
1576.681943 906.515146
1689.721241 912.140987
1804.748519 917.764475
1146.612026 983.094159
1249.502028 990.337348
1355.254599 997.459297
1463.633198 1004.753830
1574.146939 1011.761255
1686.908499 1018.721487
1801.581330 1025.476732
1077.629404 260.068169
1182.711171 253.691089
1292.509533 247.645211
1407.122197 241.755441
1526.550192 235.964677
1650.415080 230.298481
1778.884192 224.888633
1088.110101 359.591523
1190.559237 355.821310
1297.470787 352.232211
1408.859078 348.750273
1524.749716 345.512259
1644.974316 342.326974
1769.374198 339.375820
1097.926481 454.187994
1197.714656 452.724677
1301.717095 451.286954
1410.062905 450.015403
1522.514544 449.011907
1639.128037 447.981998
1759.777261 447.295493
1107.009045 543.927471
1204.261789 544.407299
1305.478765 545.061896
1410.762207 545.887493
1519.952141 546.761792
1633.080056 547.775237
1750.002941 548.945210
1115.540481 629.008335
1210.291076 631.288464
1308.802096 633.686105
1411.106131 636.252755
1517.227905 638.970770
1626.923011 641.805839
1740.115003 644.715804
1123.465978 709.669122
1215.705668 713.556245
1311.584262 717.591096
1411.076571 721.661842
1514.080828 726.012848
1620.647583 730.336199
1730.407056 734.907565
1130.862849 786.093709
1220.734942 791.326808
1314.064409 796.667131
1410.886404 802.327650
1510.883491 808.006395
1614.231752 813.806798
1720.778879 819.713194
1137.014440 96.047722
1243.050579 89.920857
1351.961817 84.337810
1463.538606 79.027518
1577.579386 74.213650
1693.847997 69.639354
1811.996988 65.700106
1138.687376 199.694784
1244.308838 195.140974
1352.807708 191.034606
1463.953096 187.253754
1577.443230 183.802496
1693.193101 180.729597
1810.718767 177.990529
1140.118270 302.900642
1245.225021 299.954044
1353.184626 297.365618
1463.799819 294.918198
1576.637312 292.977948
1691.672559 291.038008
1808.752169 289.631630
1141.346277 405.214657
1245.795613 403.832770
1353.171183 402.719721
1463.030041 401.835544
1575.164084 401.097726
1689.533999 400.568752
1805.760859 400.312388
1142.373153 506.549299
1246.165412 506.730461
1352.736703 507.003335
1461.774207 507.437943
1573.210683 508.137359
1686.744275 508.893169
1802.004613 509.752231
1143.158892 606.622388
1246.084717 608.221126
1351.864963 609.944433
1460.002887 611.754527
1570.545487 613.779653
1683.121193 615.727592
1797.648897 617.860011
1143.709659 705.178102
1245.764863 708.104424
1350.547732 711.105591
1457.888991 714.397546
1567.396791 717.587130
1678.930204 720.838485
1792.397228 724.097381
