504.993307 401.727598
584.615954 397.665301
669.476767 393.526212
760.307852 389.049230
857.446237 384.299066
961.880988 379.119875
1074.260144 373.539449
527.150337 496.775439
605.821505 495.917464
689.473625 495.036238
778.854095 494.094692
874.366234 492.919287
976.878110 491.804415
1086.980747 490.644348
548.513380 588.102524
626.123194 589.987976
708.664504 592.073121
796.605298 594.244535
890.597016 596.649423
991.168524 599.080840
1099.068774 601.833334
568.960749 675.633741
645.618424 680.156430
726.982329 685.025886
813.626905 690.264582
906.064987 695.672735
1004.833943 701.503525
1110.544975 707.764754
588.672285 759.806950
664.383815 766.765471
744.692670 774.146551
830.014324 781.944135
920.897134 790.293002
1017.891369 799.165233
1121.536596 808.698215
607.595852 840.856679
682.353132 850.013516
761.563219 859.711994
845.594748 869.926707
935.056050 880.858747
1030.351366 892.532848
1132.018311 905.014808
625.837942 918.789086
699.663190 929.908679
777.725228 941.711968
860.632615 954.254147
948.618780 967.568967
1042.243174 981.734466
1142.069524 996.917564
631.998924 159.748740
706.505696 149.491620
785.370962 138.738659
869.098271 127.378631
958.014083 115.188365
1052.878612 102.255647
1153.892607 88.517617
614.119911 239.283826
689.447902 231.268825
769.246616 222.753696
854.051576 213.738761
944.425659 204.053502
1040.744164 193.877224
1143.507465 182.980872
595.552136 321.872986
671.782217 316.072797
752.581771 310.019734
838.555246 303.547706
930.186614 296.687825
1028.006466 289.293225
1132.651929 281.541660
576.388454 407.353509
653.436029 404.026489
735.261869 400.659115
822.365713 397.010086
915.356038 393.070939
1014.795770 388.953938
1121.261419 384.444426
556.561306 496.136070
634.443226 495.495046
717.180330 494.998625
805.629074 494.265504
899.899302 493.596953
1000.996606 492.809074
1109.282329 492.143877
535.886535 588.265493
614.518879 590.524499
698.512198 593.082315
787.992674 595.656416
883.788337 598.578830
986.491087 601.546311
1096.782259 604.801827
514.414336 683.925399
594.058807 689.320945
679.048011 695.115715
769.822695 701.408890
866.933863 708.056569
971.432169 715.168297
1083.684756 722.865388
916.623807 307.084917
1027.051946 314.652799
1130.266010 321.719331
1227.116437 328.459194
1318.107727 334.809256
1403.853403 340.625629
1484.646590 346.278983
907.067666 427.143081
1015.959805 430.649809
1117.865810 434.056313
1213.552792 437.184069
1303.505634 440.171860
1388.356707 442.954046
1468.368472 445.592131
897.966911 543.057135
1005.195677 542.866547
1105.825895 542.643496
1200.336928 542.526856
1289.345140 542.414184
1373.335227 542.134811
1452.625155 542.087057
889.024966 655.082660
994.873054 651.305306
1094.101325 647.803718
1187.545126 644.557057
1275.569893 641.496483
1358.673908 638.521461
1437.293620 635.837473
880.480582 763.256136
984.814241 756.234568
1082.806127 749.661715
1175.035565 743.557001
1262.243184 737.664596
1344.458750 732.205087
1422.353019 726.922847
872.259619 867.996771
975.140995 857.925976
1071.826271 848.468427
1163.097197 839.570427
1249.268526 831.072243
1330.754380 823.119011
1407.934470 815.614094
864.235899 969.279966
965.587020 956.317200
1061.235208 944.075796
1151.425272 932.681636
1236.703816 921.756519
1317.345820 911.432199
1393.843754 901.773711
857.776117 86.732126
956.900883 100.011647
1050.315533 112.421330
1138.686218 124.332137
1222.259325 135.576863
1301.578426 146.168460
1376.841518 156.256293
868.251793 180.506706
969.206414 191.226324
1064.352585 201.365189
1154.072840 210.933976
1238.893082 220.038815
1319.147070 228.622389
1395.262335 236.672585
879.195132 278.543378
982.005039 286.522788
1078.785178 294.044941
1170.003143 301.224318
1256.040301 307.991674
1337.388189 314.233277
1414.533254 320.319593
890.687845 381.151011
995.502100 386.070562
1093.926863 390.759262
1186.527763 395.161659
1273.835614 399.402305
1356.345274 403.345239
1434.445603 407.122021
902.723330 488.536971
1009.466904 490.130162
1109.562868 491.779931
1203.692000 493.351851
1292.447556 494.676620
1376.082405 496.073554
1455.117733 497.323761
915.437793 601.130767
1024.143314 599.173177
1126.127149 597.445910
1221.770110 595.772158
1311.806404 594.157900
1396.693850 592.634018
1476.771157 591.268500
928.627145 719.286627
1039.429449 713.431197
1143.375025 707.832234
1240.659613 702.792881
1332.056224 697.880616
1418.046875 693.298530
1499.151090 689.059527
686.286459 68.493339
794.732870 71.845347
901.750900 75.091359
1007.484205 78.428904
1111.885741 81.663666
1215.089882 84.876884
1316.997437 88.091195
683.510024 167.199486
793.629857 169.995237
902.322221 172.686994
1009.769849 175.435543
1115.767459 178.117384
1220.460159 180.820335
1323.779782 183.461798
680.637931 269.167097
792.478307 271.296444
902.885927 273.417168
1012.039509 275.532576
1119.687174 277.632399
1225.899635 279.660270
1330.804108 281.777263
677.672860 374.368146
791.372362 375.790616
903.547963 377.279614
1014.322387 378.727453
1123.640958 380.196741
1231.496635 381.671422
1337.990274 383.101219
674.671204 483.051925
790.210347 483.742076
904.112731 484.572083
1016.690016 485.316369
1127.774796 486.063707
1237.294933 486.862519
1345.332607 487.637300
671.584993 595.311240
788.897574 595.326896
904.860774 595.387617
1019.176054 595.402340
1131.998806 595.456723
1243.333090 595.490251
1353.087469 595.577493
668.339539 711.414141
787.637696 710.577411
905.538154 709.791418
1021.798319 709.100216
1136.409653 708.374629
1249.417625 707.657273
1360.941352 706.995186
588.093406 378.090007
698.266886 376.700092
810.705517 375.368389
925.816236 373.939454
1043.416849 372.520184
1163.620442 371.060986
1286.396657 369.512779
597.122181 488.666428
705.478390 488.501730
816.055392 488.405281
929.070003 488.231404
1044.493267 487.946407
1162.501965 487.776847
1282.941503 487.600877
605.967912 595.517625
712.497634 596.407394
821.179918 597.321694
932.207125 598.281007
1045.645522 599.212033
1161.473608 600.168324
1279.704519 601.234173
614.457253 698.591276
719.301684 700.489049
826.098279 702.493091
935.248402 704.540958
1046.688523 706.526806
1160.410790 708.597177
1276.504013 710.745819
622.742199 798.240154
725.867143 801.094525
830.973797 804.052101
938.212663 807.014578
1047.711491 810.074367
1159.433221 813.239677
1273.390134 816.429502
630.720458 894.708587
732.190970 898.444535
835.594258 902.247664
941.064064 906.128022
1048.685359 910.126241
1158.532210 914.239754
1270.493817 918.435450
638.477973 987.958442
738.304756 992.497979
840.077460 997.091228
943.873597 1001.919034
1049.633400 1006.769811
1157.583227 1011.700236
1267.655991 1016.855273
295.686116 375.416628
427.637268 380.762807
550.950421 385.667012
666.577421 390.405209
775.209562 394.875422
877.458723 398.916532
973.912823 402.810536
297.660123 492.206088
426.349796 493.587041
546.755382 494.964292
659.814925 496.176767
766.172811 497.363606
866.486214 498.374591
961.126506 499.423639
299.763075 603.154767
425.104205 601.027434
542.740169 598.954327
653.389520 597.087817
757.597968 595.321992
855.978341 593.532619
948.933650 591.939565
301.582384 708.751801
424.043379 703.345303
538.892666 698.247042
647.187539 693.540089
749.346531 689.074085
845.843611 684.744256
937.197835 680.778538
303.450557 809.185046
422.890029 800.978045
535.321928 793.118091
641.235796 785.801871
741.508108 778.806608
836.148676 772.303783
925.889989 766.007748
305.188869 905.202527
421.941924 894.298809
531.815702 883.956484
635.717132 874.224553
733.918225 864.919105
826.951692 856.191481
915.178322 847.941309
306.893330 996.754914
420.833483 983.430082
528.538817 970.728347
630.294239 958.842648
726.684976 947.524116
817.983300 936.783870
904.780704 926.667959
305.827346 154.784430
427.368914 166.809859
541.517638 177.971569
649.103316 188.664302
750.637219 198.747880
846.648185 208.199534
937.529541 217.182070
305.059721 264.615016
427.523794 273.285824
542.486526 281.442036
650.747724 289.118959
752.890703 296.407375
849.409609 303.248992
940.740197 309.729351
304.353317 376.058772
427.598363 381.337927
543.374747 386.274570
652.400183 391.014672
755.144382 395.407484
852.201237 399.483751
944.054653 403.423499
303.527057 489.293486
427.795621 490.973497
544.335100 492.589551
654.030617 494.152790
757.411161 495.667344
855.014049 496.972834
947.365444 498.315678
302.788915 604.079890
427.909901 602.165670
545.234504 600.423550
655.628939 598.817807
759.704801 597.210310
857.855368 595.796254
950.658822 594.355728
302.080509 720.718316
428.060787 715.116447
546.240956 709.846741
657.424264 704.927389
762.050455 700.211072
860.810425 695.828515
954.118669 691.664906
301.362583 839.085124
428.201822 829.701457
547.333076 820.696101
659.142433 812.440778
764.509837 804.537376
863.703576 797.134846
957.516549 790.183500
312.319404 93.815236
426.989748 106.918918
535.044689 119.121527
637.262250 130.862633
733.980505 141.937854
825.749151 152.372042
912.817781 162.313251
310.843769 187.408963
427.939194 197.940813
538.270476 207.889956
642.390301 217.287140
740.875254 226.216710
834.138641 234.654663
922.557175 242.639977
309.230849 285.170182
428.868430 293.021938
541.465956 300.382420
647.770495 307.367519
748.014910 313.970958
842.871846 320.105764
932.786733 326.048100
307.462841 387.538979
429.954120 392.332833
544.939284 396.847389
653.258609 401.116724
755.415266 405.239772
851.957733 409.047852
943.401570 412.689345
305.698397 494.696027
430.955340 496.203968
548.397363 497.685905
658.957154 499.080842
763.132219 500.342700
861.403893 501.599395
954.289690 502.725309
303.950531 607.028629
432.030105 604.949406
552.236354 603.083981
665.046642 601.304779
771.195662 599.537565
871.350436 597.952035
965.813236 596.429488
302.005468 724.897580
433.160216 718.909388
556.179573 713.163980
671.385312 708.000468
779.631589 703.028721
881.501660 698.360947
977.645720 693.980017
90.965305 24.167864
229.248862 33.841380
360.746383 41.639561
489.343136 50.336161
613.379993 58.202071
733.646064 65.883123
849.941284 73.183762
97.595617 153.195994
233.109598 159.691161
364.085587 166.077672
490.891765 172.203186
613.750707 178.119579
732.824552 183.866456
848.194749 189.506577
103.621789 279.158401
237.449930 283.566337
367.062716 287.850051
492.674292 292.024842
614.337728 296.057403
732.256020 299.876385
846.569917 303.684511
109.178182 402.633599
241.821075 404.961447
370.033679 407.260172
494.346989 409.501234
614.850457 411.693048
731.623468 413.737453
844.958066 415.823771
114.834603 523.536626
245.976187 523.985279
372.985665 524.412939
495.988399 524.822561
615.387690 525.149076
731.046241 525.583934
843.301078 525.902810
120.415373 642.203661
250.126646 640.738636
375.857177 639.358959
497.696485 637.998671
615.906936 636.577922
730.563147 635.278007
841.788847 634.037885
125.904402 758.463399
254.212442 755.162996
378.722578 751.936321
499.353258 748.959553
616.438796 745.884897
730.003218 742.966656
840.223630 740.252020
135.950154 207.860077
284.069320 216.788768
424.188752 225.231558
557.230105 233.306679
683.472269 241.023321
803.451087 248.197822
917.707217 255.080227
150.869478 337.040466
293.324227 342.285006
428.329204 347.370581
556.532078 352.029620
678.498127 356.508839
794.693498 360.717643
905.410529 364.779179
165.031361 457.017796
301.914644 459.047422
432.075771 460.919066
555.914354 462.730249
673.926903 464.463598
786.513170 466.019617
893.934042 467.526802
178.015296 568.626378
310.030422 567.794556
435.506196 566.989676
555.335879 566.272127
669.636066 565.563414
778.762299 564.756784
883.154778 564.160892
190.189904 672.534423
317.525392 669.371535
438.933715 666.170671
554.692164 663.240386
665.624839 660.359668
771.459330 657.686913
872.941488 655.048746
201.654121 769.876873
324.634402 764.507401
441.950124 759.333907
554.272175 754.408348
661.750549 749.591065
764.743748 745.112829
863.428886 740.822348
212.437725 860.992453
331.176282 853.721627
444.924592 846.732261
553.794841 840.156858
658.210273 833.715815
758.251923 827.559289
854.375039 821.761515
116.662635 278.219855
241.173351 280.453092
363.713169 282.618587
484.688370 284.921230
603.997420 287.077072
721.749946 289.203840
837.808275 291.346485
110.204406 394.880646
235.799675 396.275200
359.435452 397.725078
481.403700 399.206774
601.766591 400.584011
720.414841 401.967949
837.343423 403.340362
103.759150 513.519605
230.295723 514.104253
355.037792 514.751267
478.152548 515.386824
599.438544 515.947761
718.993682 516.453518
836.901708 517.087416
97.090687 634.176988
224.934701 633.859292
350.721329 633.600013
474.757344 633.379929
597.030773 633.109680
717.572434 632.842622
836.462722 632.669434
90.380444 756.777006
219.281227 755.577039
346.158548 754.513743
471.274400 753.380273
594.588986 752.204908
716.149964 751.150741
835.892269 750.128840
83.662985 881.593304
213.613395 879.418680
341.624137 877.447738
467.773209 875.438895
592.177316 873.374676
714.768338 871.398607
835.527823 869.469249
76.567701 1008.470188
207.819388 1005.285797
337.082306 1002.264350
464.313607 999.488989
589.677247 996.503687
713.294991 993.596148
835.044930 990.782682
242.131622 168.837076
363.649451 177.499972
479.624684 185.622336
590.562888 193.605866
696.775030 201.146314
798.664513 208.377159
896.348065 215.298987
232.504678 262.353540
357.946124 269.002824
477.652471 275.393412
591.938356 281.507046
701.285642 287.397003
805.889498 292.962559
906.073756 298.280407
222.129810 361.976356
351.860635 366.488251
475.423550 370.773097
593.438217 374.897085
705.963028 378.818271
813.527841 382.479842
916.490327 386.118357
211.022733 468.556608
345.512235 470.482995
473.264367 472.360511
594.898812 474.103023
710.886040 475.905266
821.617974 477.507920
927.482455 479.121466
199.205242 582.651793
338.498581 581.619865
470.653617 580.829350
596.473057 580.005671
716.182140 579.170944
830.223944 578.473631
939.023271 577.787802
186.597011 705.060941
331.015977 700.747141
468.209256 696.824677
598.202686 693.012000
721.858351 689.357101
839.430872 685.979045
951.490756 682.712615
172.869647 836.782597
323.086204 828.755426
465.472705 821.058198
600.096809 813.881086
727.867605 806.985830
849.176050 800.539522
964.594111 794.410179
997.101659 412.017476
1090.079047 408.389690
1188.958761 404.757131
1294.653115 400.712250
1407.470912 396.522518
1528.394426 391.892426
1658.266585 386.916632
1008.783499 504.486287
1100.234537 503.906396
1197.297541 503.316654
1300.868371 502.624112
1411.281076 501.843680
1529.505282 501.066696
1656.242309 500.274097
1020.043555 593.529866
1109.937985 595.519363
1205.347565 597.687854
1306.791777 599.999710
1415.049927 602.542663
1530.606562 605.114970
1654.413395 608.028631
1030.856042 678.897883
1119.260047 683.370988
1212.974072 688.229155
1312.588368 693.364346
1418.627083 698.722380
1531.666320 704.587703
1652.531586 710.773918
1041.330252 761.087562
1128.306862 767.894635
1220.402267 775.129317
1318.132587 782.717194
1422.028045 790.905006
1532.703921 799.599484
1650.787872 808.903017
1051.333888 840.238719
1136.897188 849.173694
1227.433863 858.596194
1323.362223 868.551076
1425.246435 879.210668
1533.603419 890.521016
1649.041386 902.588291
1061.028225 916.456597
1145.213103 927.218317
1234.188761 938.693792
1328.472083 950.888879
1428.309622 963.795269
1534.419700 977.433611
1647.399861 992.079017
1039.461530 235.782958
1127.881753 227.423555
1221.581161 218.675502
1321.257036 209.379632
1427.191502 199.468493
1540.286084 188.934009
1661.129547 177.629121
1035.658016 325.203122
1124.477373 319.548381
1218.619717 313.485752
1318.768035 307.121811
1425.342740 300.248084
1539.091488 293.019242
1660.666473 285.325754
1031.830764 415.823077
1121.038483 412.710496
1215.672296 409.503872
1316.298167 406.057305
1423.514911 402.476334
1537.862125 398.506862
1660.300205 394.480392
1027.955574 507.285345
1117.579280 506.895005
1212.666767 506.629810
1313.797522 506.316586
1421.585780 505.891604
1536.658890 505.542123
1659.869489 505.082635
1024.120424 599.844923
1114.140539 602.249254
1209.619898 604.929666
1311.322597 607.657137
1419.646309 610.660696
1535.460871 613.796215
1659.438373 617.276503
1020.159330 693.480567
1110.492161 698.783589
1206.555148 704.448730
1308.651767 710.360787
1417.677164 716.831366
1534.214479 723.697636
1658.985693 731.091142
1016.190382 788.148443
1106.947097 796.257578
1203.447605 805.006601
1306.184115 814.359769
1415.718463 824.292872
1532.984621 834.952649
1658.546150 846.436143
1069.316372 182.768732
1154.375556 173.447893
1244.264092 163.692523
1339.597416 153.380249
1440.592697 142.413037
1548.108405 130.760015
1662.536850 118.345308
1059.411314 260.917232
1145.657422 253.778773
1236.956444 246.125379
1333.816105 238.116203
1436.699256 229.491245
1546.156616 220.436995
1662.817306 210.819173
1049.084252 341.963435
1136.625934 336.954328
1229.382085 331.728910
1327.860637 326.123880
1432.590019 320.228816
1544.097650 313.815048
1663.273886 307.201173
1038.440303 425.830650
1127.297903 423.154564
1221.541744 420.500053
1321.651844 417.580610
1428.265907 414.464833
1542.009629 411.265836
1663.639826 407.691233
1027.455852 512.811486
1117.653633 512.724531
1213.283219 512.782366
1315.262588 512.684317
1423.802000 512.710746
1539.903108 512.671680
1664.080502 512.763497
1016.014885 602.971625
1107.446900 605.698604
1204.858295 608.688971
1308.428032 611.727994
1419.123751 615.152502
1537.558982 618.680721
1664.454863 622.545333
1004.145188 696.541654
1097.080114 702.225771
1195.985713 708.334510
1301.535559 714.882608
1414.233854 721.840037
1535.188268 729.326063
1664.934015 737.384569
1148.532337 257.660510
1239.374971 252.111414
1334.172053 246.356785
1433.429189 240.413223
1537.169353 234.154590
1646.162520 227.589078
1760.421570 220.689400
1140.834043 334.044086
1233.760717 330.136842
1330.908218 326.001221
1432.721907 321.766807
1539.360582 317.249434
1651.297568 312.602194
1768.894392 307.690830
1132.682889 414.394568
1227.891021 412.160115
1327.514409 409.922080
1432.014117 407.548826
1541.593473 405.114824
1656.751709 402.430233
1778.024393 399.810801
1124.218334 498.880685
1221.727716 498.558282
1323.938118 498.395517
1431.213367 498.116055
1543.881508 497.891342
1662.549393 497.716054
1787.555061 497.402469
1115.284172 587.885871
1215.259847 589.692210
1320.016607 591.841672
1430.428764 593.913455
1546.349268 596.221829
1668.832351 598.576270
1797.740918 601.166555
1105.855976 681.749136
1208.234244 686.049591
1316.058611 690.672804
1429.409616 695.399627
1548.947774 700.580854
1675.316733 705.939607
1808.657459 711.588667
1095.826387 780.896554
1200.971059 787.863991
1311.713185 795.247641
1428.605914 803.107976
1551.709280 811.408287
1682.168790 820.129211
1820.178913 829.395927
1151.778725 377.951861
1257.131817 375.600928
1366.106376 373.290449
1479.117780 370.890243
1596.159984 368.444162
1717.687543 365.831321
1843.772341 363.183455
1151.340512 479.531282
1256.531257 479.063946
1365.497548 478.520239
1478.356132 478.035945
1595.216657 477.479485
1716.612707 476.943004
1842.626680 476.500809
1150.864476 581.071556
1255.927337 582.321109
1364.837154 583.626560
1477.517465 584.959466
1594.338980 586.449307
1715.567729 587.801775
1841.559176 589.446958
1150.430840 682.311060
1255.446280 685.274223
1364.131312 688.448113
1476.725798 691.695595
1593.436750 695.037563
1714.472675 698.519550
1840.051977 702.098510
1150.053596 783.389723
1254.910063 788.104741
1363.448800 793.054779
1475.933100 798.162352
1592.492016 803.521726
1713.464704 808.997317
1838.800328 814.741648
1149.622215 884.262844
1254.349103 890.760478
1362.830406 897.478985
1475.084550 904.477144
1591.460514 911.756759
1712.281871 919.228228
1837.411792 926.963053
1149.219692 984.836457
1253.778934 993.039811
1362.103461 1001.553148
1474.325781 1010.457975
1590.429702 1019.413229
1711.045002 1028.955571
1836.313648 1039.154788
1079.563047 257.463251
1186.000785 250.286884
1298.079114 242.912467
1416.576109 235.017723
1541.578505 226.764585
1673.835320 217.937967
1814.112568 208.582134
1089.522206 358.450239
1193.090875 354.224725
1301.887365 349.725043
1416.645460 344.951250
1537.519830 339.868693
1665.304585 334.579956
1800.445970 329.001845
1099.065049 453.908154
1199.791456 452.047182
1305.578515 450.086600
1416.748620 448.004359
1533.877821 445.945173
1657.370583 443.623228
1787.812030 441.277801
1107.998842 543.885730
1206.093938 544.217335
1308.898300 544.653392
1416.940793 545.111420
1530.497954 545.464278
1649.940317 545.906748
1775.891326 546.353104
1116.569506 629.005349
1212.116500 631.349271
1312.189990 633.793655
1417.085708 636.316613
1527.303122 639.046229
1643.039666 641.873626
1764.822738 644.830271
1124.568590 709.741668
1217.759174 713.878055
1315.160249 718.107711
1417.174321 722.550458
1524.131791 727.300500
1636.478473 732.196946
1754.376637 737.384922
1132.241988 786.323813
1223.065701 791.921584
1317.975051 797.797465
1417.316794 804.041617
1521.238793 810.555597
1630.247513 817.296401
1744.610292 824.482674
1140.942527 88.119377
1249.571107 80.410821
1362.132476 72.535269
1479.156821 64.361311
1600.133021 55.826443
1726.215076 47.014653
1857.316474 37.125207
1141.670261 195.302565
1249.363101 189.696511
1360.948180 183.776239
1476.739496 177.732251
1596.709885 171.405643
1721.397171 164.884995
1850.692477 158.090774
1142.310203 300.889015
1249.113592 297.068568
1359.812275 293.169749
1474.454114 289.078564
1593.289794 284.998775
1716.710442 280.553467
1845.033314 276.146609
1142.968365 404.528527
1248.868924 402.558128
1358.532746 400.612802
1472.162023 398.586787
1589.904960 396.425721
1712.144588 394.223602
1838.922077 391.913684
1143.725162 506.448606
1248.709677 506.303324
1357.394695 506.155170
1469.953541 505.994389
1586.632358 505.929975
1707.708510 505.747442
1833.243092 505.594924
1144.343969 606.740923
1248.412034 608.340614
1356.202292 609.928356
1467.708654 611.654725
1583.281616 613.511318
1703.254661 615.311482
1827.628610 617.252537
1144.999499 705.306895
1248.182851 708.484550
1354.992033 711.838518
1465.621409 715.410452
1580.100232 719.079252
1698.828055 722.761279
1822.038451 726.764653
