-32.80084099433257 -13.97327244137907 83.10145221039836
-25.87302209221880 -31.33757855425660 96.20036678071219
-6.69290242283956 -17.32713771348307 64.02497825434041
-11.39437964661473 -31.21906146654367 76.25763996223142
-24.75442120055358 -34.79964159958776 85.83306883388710
-20.76379322194794 -32.36996088027261 77.47580874680148
-25.22176938891756 -14.43857339636886 72.19773938776167
-40.86080211049644 -13.80879951310135 64.17208708996786
-36.62880295931731 -13.70468879619887 62.93656334079076
-39.78109047979164 -26.47107769438251 71.00213039634879
-41.93913986665557 -30.90340041788183 76.51393093394819
-46.38998933984502 -30.55259778840265 63.44473306474443
-37.29567894225102 -23.81884271125543 57.11433601371549
-47.78272827877747 -19.18532419878317 69.16716774850305
-44.21791443967645 -25.46737314891653 74.14637783418871
-40.45190435342611 -23.68908542672407 69.24463952092221
-3.36996197055060 -13.55447269978819 85.20409802341842
0.64692081971117 -25.95873897761907 92.88778957601370
3.49573524827509 -30.34431293328770 98.31685752495402
6.28151950948227 -22.82562078011787 96.48641988830285
8.42867631122796 -24.58243943565942 96.57719581781292
5.90701692904484 -15.52291977369019 81.76805602799274
-1.10659203680950 -25.15831652272312 82.35585616471381
0.79271063370835 -21.50840846740832 77.36832779018535
1.24977710696344 -25.14059702189974 78.57605793661607
7.18414711969960 -31.71030412676362 75.55299289703538
