-1.90397091191038 -1.77746393295988 0.11043705285634 
-1.99959752911732 -2.15751945007245 0.78062068007146 
2.03728746763861 2.12928648797592 0.64935138079749 
1.93041505730160 1.81785936011053 0.08870656611521 
2.08335098973309 2.13468174717447 -0.45673690493441 
2.08454372180311 2.07566025134955 -0.12232834397186 
-2.05820100464500 -2.03597702110379 -0.09668451786244 
-2.10143864848915 -2.20625346302044 -0.66808978563974 
2.04596818445656 2.18314085720194 0.77193313516557 
1.98289563660656 1.94914861526738 0.30124910547195 
1.92982321228046 1.81784625988343 0.08895396653305 
2.16072295735990 2.18757570155763 0.32775661427168 
2.04642144110147 2.18272477483980 0.77215095139572 
2.13304762785722 2.13245823813911 -0.01343837484384 
1.92844778109991 1.81884541586831 -0.11353405470049 
1.93018104993779 1.81815367507003 0.08933029425219 
-1.90425523482508 -1.77799844180179 0.11031952600719 
-1.98364428215545 -2.03978996465302 0.54485063703636 
-1.99909933502033 -2.15792683675849 0.77992451518401 
-1.99886375055292 -2.15815456882693 0.78049062174118 
2.03014891255399 2.19404791298796 -0.79218911643913 
-2.09012721992490 -2.09834065944232 0.22885578269841 
-1.90485521847511 -1.77770292098602 0.11050653840531 
-1.90775339838316 -1.77665330915378 -0.09038878602924 
-1.94373539966525 -1.84515185906543 0.00929658397666 
-2.10454581623213 -2.09550000366245 0.01055200746175
