504.977987 401.713217
584.586744 397.646518
669.430617 393.503963
760.247546 389.024924
857.370992 384.272866
961.789084 379.088992
1074.154462 373.496544
527.136882 496.767775
605.790748 495.911702
689.430851 495.030146
778.795952 494.088253
874.293123 492.910412
976.794185 491.797279
1086.887201 490.628603
548.497768 588.110429
626.095176 589.995865
708.629055 592.080610
796.550310 594.249783
890.524117 596.653248
991.087914 599.086191
1098.984495 601.831827
568.948519 675.645180
645.597972 680.170362
726.947206 685.042489
813.569611 690.281725
905.995533 695.687881
1004.757104 701.517470
1110.474212 707.777111
588.665340 759.823000
664.362538 766.786968
744.652831 774.165886
829.952496 781.963228
920.824915 790.314395
1017.818136 799.196975
1121.468069 808.723758
607.577157 840.872202
682.314095 850.037427
761.509995 859.735482
845.509602 869.952742
934.960180 880.902896
1030.271082 892.592070
1131.948874 905.074326
625.815374 918.808627
699.619293 929.935320
777.668629 941.750754
860.548739 954.304357
948.540521 967.639362
1042.172821 981.814620
1141.993001 997.020039
555.481407 256.721758
633.016257 248.523097
715.442762 239.957915
803.336267 230.827861
897.104639 221.038427
997.626229 210.581742
1105.331923 199.327858
555.691376 351.873953
633.183609 346.735147
715.517479 341.238241
803.314210 335.469082
897.048834 329.174034
997.432039 322.521799
1105.024704 315.413709
555.930875 447.105391
633.351517 444.806290
715.636255 442.465308
803.344025 439.902090
897.028403 437.210209
997.247129 434.246245
1104.741980 431.203381
556.154559 542.018419
633.520581 542.618752
715.715213 543.411448
803.374230 544.218660
896.961995 544.965517
997.067854 545.866257
1104.411534 546.755998
556.438370 636.826046
633.724454 640.345193
715.874097 644.188373
803.469035 648.200534
896.878454 652.562561
996.918948 657.128381
1104.103319 662.146634
556.652517 731.478560
633.812297 737.908303
716.037174 744.808300
803.405542 752.141245
896.801963 759.992662
996.752030 768.305834
1103.774677 777.284588
556.913521 825.970912
634.067937 835.240886
716.119854 845.181001
803.533436 855.808861
896.753649 867.092992
996.613084 879.166403
1103.509255 892.191863
631.944459 159.700987
706.443636 149.424238
785.293154 138.666589
869.002298 127.306368
957.902816 115.105634
1052.768795 102.145397
1153.796557 88.378151
614.073544 239.252381
689.394713 231.232071
769.184620 222.710218
853.973577 213.688261
944.321914 204.001169
1040.598877 193.802858
1143.385561 182.875119
595.514439 321.848443
671.729810 316.044645
752.521377 309.987560
838.483953 303.511446
930.099006 296.648949
1027.880667 289.240484
1132.537864 281.470237
576.360016 407.336246
653.394654 404.005057
735.205421 400.636077
822.296998 396.985582
915.274042 393.044113
1014.695222 388.921314
1121.162723 384.398451
556.541514 496.129168
634.407748 495.490283
717.133330 494.993007
805.566629 494.258315
899.824465 493.587187
1000.907497 492.800906
1109.189094 492.125557
535.873618 588.274424
614.490244 590.534353
698.478626 593.089483
787.940395 595.662011
883.716873 598.583417
986.411709 601.552039
1096.698551 604.799718
514.414606 683.937918
594.045704 689.333491
679.023180 695.132988
769.776444 701.426276
866.868068 708.072147
971.358623 715.184181
1083.614678 722.880441
916.539575 307.048253
1026.935402 314.604113
1130.159553 321.657900
1227.026333 328.381837
1318.043230 334.717715
1403.815190 340.523862
1484.645101 346.160909
906.988550 427.123843
1015.863507 430.626135
1117.770645 434.023101
1213.469713 437.137058
1303.443715 440.111481
1388.319809 442.884033
1468.353017 445.511507
897.893393 543.056062
1005.110948 542.866727
1105.735135 542.634278
1200.256666 542.506885
1289.285145 542.383557
1373.300606 542.088481
1452.607622 542.033124
888.955782 655.093314
994.794274 651.313754
1094.022240 647.806423
1187.472416 644.561387
1275.507335 641.494085
1358.636137 638.502459
1437.275380 635.809961
880.413109 763.275485
984.742061 756.257926
1082.735077 749.681839
1174.973713 743.572764
1262.189041 737.677087
1344.425679 732.206969
1422.336739 726.916416
872.171223 868.025141
975.053781 857.966004
1071.752963 848.511483
1163.029422 839.600156
1249.206629 831.097529
1330.718891 823.136525
1407.925465 815.625100
864.159734 969.334934
965.508533 956.388136
1061.165220 944.151061
1151.355910 932.753804
1236.634019 921.824172
1317.303157 911.495105
1393.829389 901.851565
896.520986 193.618768
1002.967712 204.630612
1102.793882 214.873903
1196.698052 224.668779
1285.169159 233.882236
1368.721721 242.464152
1447.626285 250.625607
895.960166 309.624599
1002.377931 316.922831
1102.178017 323.811615
1196.038369 330.293860
1284.455832 336.412832
1367.920116 342.157424
1446.767295 347.603638
895.491748 425.452322
1001.742702 429.102872
1101.506629 432.509375
1195.321966 435.814086
1283.711774 438.885639
1367.125059 441.642159
1445.979085 444.446367
894.950794 541.120061
1001.213531 541.071404
1100.863281 541.083509
1194.633215 541.110674
1282.964227 541.163717
1366.322560 541.129100
1445.181583 541.215755
894.421822 656.558106
1000.560801 652.858191
1100.146385 649.485270
1193.819590 646.339001
1282.216843 643.276066
1365.523992 640.488862
1444.273467 637.750364
893.968527 771.875099
999.999037 764.611756
1099.488238 757.866975
1193.165446 751.490891
1281.406835 745.360604
1364.796760 739.636275
1443.549848 734.307437
893.450554 886.963654
999.307464 876.112037
1098.886379 865.845661
1192.470462 856.378129
1280.714458 847.251015
1363.967796 838.710787
1442.728105 830.751264
857.672286 86.659794
956.787678 99.927466
1050.207617 112.313740
1138.584208 124.206257
1222.166532 135.421713
1301.506674 145.988476
1376.791334 156.084371
868.161997 180.449365
969.080487 191.170785
1064.205126 201.286676
1153.948032 210.835175
1238.789960 219.919148
1319.076927 228.491245
1395.217735 236.544407
879.114756 278.503115
981.899065 286.479109
1078.664391 293.986988
1169.899608 301.149983
1255.954166 307.903321
1337.328621 314.131775
1414.497358 320.207569
890.608066 381.124257
995.406271 386.038798
1093.825447 390.718590
1186.436351 395.110725
1273.761295 399.336324
1356.296028 403.269988
1434.417823 407.033897
902.648487 488.526442
1009.377552 490.121071
1109.468399 491.760787
1203.610624 493.320432
1292.386657 494.630617
1376.045677 496.016953
1455.100136 497.259975
915.364596 601.135963
1024.060324 599.176553
1126.042602 597.441525
1221.692497 595.764788
1311.752581 594.135926
1396.665408 592.599013
1476.760508 591.226300
928.557029 719.304184
1039.353882 713.447238
1143.307208 707.843187
1240.597492 702.802770
1332.015374 697.878538
1418.026078 693.286098
1499.142525 689.045130
662.189950 375.475564
785.300570 376.647163
906.608798 377.864395
1026.384607 379.123711
1144.360998 380.374135
1260.672375 381.440498
1375.334828 382.588810
668.153895 487.229805
786.993889 487.659065
904.062742 488.114450
1019.645963 488.516347
1133.522168 488.866170
1245.964447 489.211859
1356.770138 489.668176
673.901042 591.466496
788.534814 591.156488
901.681728 590.799002
1013.312383 590.470212
1123.532254 590.243481
1232.258782 589.796286
1339.489565 589.535564
679.153172 688.677485
790.015485 687.751029
899.386391 686.764787
1007.450256 685.914381
1114.128137 684.983490
1219.381127 683.996788
1323.284786 683.133358
684.158636 779.546086
791.443732 778.115955
897.354002 776.596236
1001.913988 775.165531
1105.340725 773.718110
1207.320913 772.365088
1308.083346 770.927446
688.819266 864.907833
792.816634 862.946777
895.378648 860.982542
996.841854 859.060352
1097.021473 857.112531
1196.064704 855.275025
1293.879209 853.477347
693.242968 945.108561
793.949674 942.654794
893.579048 940.206181
991.999545 937.949699
1089.233592 935.605070
1185.421734 933.285675
1280.468519 931.177135
686.215229 68.428080
794.639033 71.770971
901.642797 75.011626
1007.373916 78.334177
1111.786173 81.529526
1215.006055 84.712858
1316.940444 87.892942
683.450958 167.144715
793.556424 169.933789
902.225721 172.630042
1009.632205 175.365816
1115.642926 178.016985
1220.357901 180.685903
1323.709655 183.306372
680.585153 269.135774
792.412943 271.259510
902.803172 273.376102
1011.914803 275.482088
1119.568181 277.561364
1225.802128 279.567088
1330.740279 281.667766
677.624216 374.343476
791.308250 375.764688
903.465974 377.251672
1014.221635 378.691388
1123.543262 380.149525
1231.411526 381.607972
1337.933541 383.021373
674.629103 483.044221
790.149523 483.734430
904.038128 484.562259
1016.599337 485.305529
1127.683627 486.041362
1237.219978 486.824024
1345.288031 487.583642
671.553245 595.319127
788.844985 595.333327
904.787980 595.392832
1019.093577 595.406424
1131.914946 595.451780
1243.261494 595.480876
1353.047525 595.548762
668.316865 711.431353
787.588396 710.594536
905.470589 709.807507
1021.724200 709.114644
1136.340540 708.385816
1249.357929 707.667539
1360.909414 706.991427
588.062408 378.070205
698.215013 376.675033
810.637750 375.341780
925.731049 373.909004
1043.313568 372.480225
1163.525482 371.007385
1286.323932 369.437386
597.093400 488.659572
705.432548 488.494770
815.990428 488.397420
928.991387 488.221970
1044.399153 487.933303
1162.414663 487.749388
1282.878035 487.555824
605.942749 595.526636
712.461371 596.415719
821.119438 597.327001
932.132574 598.286614
1045.560957 599.214112
1161.393101 600.163908
1279.641245 601.220611
614.443095 698.605158
719.268309 700.506423
826.040123 702.509780
935.177098 704.557238
1046.613772 706.540179
1160.343689 708.609222
1276.449522 710.752718
622.726042 798.258166
725.827846 801.116439
830.908747 804.070846
938.136994 807.039330
1047.637421 810.108043
1159.366113 813.263156
1273.334946 816.450050
630.693643 894.726191
732.142399 898.472214
835.512878 902.283664
940.969788 906.182667
1048.609744 910.192570
1158.462937 914.303511
1270.433392 918.500936
638.456951 987.991446
738.266332 992.538731
840.017732 997.143755
943.812784 1001.986707
1049.565993 1006.854995
1157.503701 1011.812405
1267.602403 1017.001101
675.007928 142.435181
769.649697 139.282854
865.910130 136.048546
964.057605 132.875821
1064.028178 129.541765
1166.064110 126.135958
1269.889098 122.706922
661.727953 221.761246
758.881072 219.273318
857.855967 216.691405
958.813485 214.142808
1061.796735 211.505152
1166.711276 208.846695
1273.618850 206.159052
647.582348 305.761706
747.486693 303.967280
849.292389 302.196065
953.262715 300.374005
1059.274979 298.558069
1167.349281 296.606996
1277.634263 294.810161
632.638552 394.781900
735.485230 393.796893
840.329967 392.912087
947.322363 391.904599
1056.565809 390.956325
1168.050559 390.039350
1281.826695 389.063148
616.838035 489.397490
722.681520 489.336235
830.597878 489.464668
941.061389 489.420867
1053.679807 489.433004
1168.790272 489.497831
1286.248609 489.606190
600.007285 590.032198
708.930345 591.083923
820.494196 592.267000
934.283089 593.376458
1050.608536 594.586552
1169.615911 595.770103
1291.128355 597.027037
581.993667 697.293657
694.500956 699.562047
809.507845 701.945530
927.140579 704.398466
1047.318219 706.853696
1170.442177 709.400575
1296.214309 712.021593
295.708426 375.401819
427.630868 380.747458
550.928076 385.648623
666.532550 390.382670
775.146495 394.853127
877.381394 398.892551
973.822112 402.784665
297.696975 492.202723
426.356043 493.581585
546.738208 494.957664
659.776338 496.171174
766.118014 497.358325
866.414076 498.366001
961.045722 499.416778
299.811089 603.157524
425.124532 601.031079
542.727767 598.962581
653.359365 597.096521
757.553023 595.328285
855.908615 593.536290
948.856383 591.945299
301.639330 708.760629
424.071379 703.358089
538.889054 698.259011
647.169042 693.555270
749.305714 689.090714
845.779269 684.758802
937.123456 680.790872
303.514032 809.193065
422.925558 800.984836
535.323464 793.125502
641.218340 785.822025
741.469263 778.826908
836.087519 772.322490
925.821355 766.028171
305.252699 905.200121
421.978769 894.303532
531.815918 883.961657
635.690040 874.241979
733.868765 864.943751
826.876522 856.213702
915.088325 847.966856
306.930053 996.771895
420.845723 983.456071
528.531247 970.756558
630.270517 958.869218
726.638901 947.556335
817.909357 936.826220
904.682864 926.727436
305.814083 154.748864
427.335596 166.769048
541.471916 177.928035
649.050394 188.623074
750.575632 198.698199
846.567422 208.148683
937.434341 217.133072
305.061488 264.593704
427.502525 273.260236
542.457528 281.411721
650.697884 289.090047
752.831530 296.375659
849.333033 303.212832
940.652991 309.691688
304.372291 376.043844
427.591549 381.323679
543.352917 386.257066
652.358362 390.992748
755.084989 395.385348
852.127861 399.460666
943.968486 403.399369
303.560653 489.290722
427.800918 490.968448
544.316995 492.583558
653.993710 494.146531
757.357345 495.661678
854.943579 496.964306
947.286112 498.308275
302.837561 604.083739
427.929920 602.169152
545.220967 600.432387
655.599109 598.826891
759.659074 597.216622
857.785488 595.800148
950.582338 594.361509
302.138291 720.727074
428.088548 715.128169
546.237873 709.858756
657.403542 704.944490
762.006821 700.228357
860.744433 695.843755
954.043599 691.679220
301.425778 839.091480
428.236276 829.708496
547.328172 820.702594
659.116065 812.461390
764.463087 804.558664
863.631494 797.154571
957.441600 790.208073
312.305984 93.760450
426.958719 106.856435
534.998459 119.053676
637.203268 130.801334
733.914334 141.862955
825.663932 152.307463
912.716291 162.254908
310.831284 187.380477
427.907573 197.907176
538.229968 207.852805
642.341268 217.251045
740.817610 226.173892
834.063135 234.609648
922.469716 242.594314
309.234570 285.148676
428.849746 292.996456
541.439618 300.353676
647.720810 307.339195
747.956208 313.940024
842.797311 320.072762
932.699801 326.012052
307.481604 387.526546
429.948528 392.320976
544.917464 396.831333
653.216374 401.095401
755.355812 405.218473
851.885463 409.026128
943.316555 412.667978
305.734410 494.693296
430.960728 496.198310
548.378988 497.680217
658.919494 499.076462
763.078175 500.337392
861.332479 501.591895
954.209911 502.718928
303.998972 607.032676
432.050442 604.953630
552.221795 603.092749
665.015727 601.313300
771.147201 599.544148
871.279330 597.956751
965.735114 596.434883
302.063343 724.907163
433.189176 718.920022
556.174619 713.176662
671.361245 708.017903
779.583608 703.045664
881.433729 698.375825
977.569443 693.994275
175.852566 350.200386
306.730411 353.266525
433.355414 356.255268
556.135965 359.187922
675.102459 362.051130
790.402570 364.719614
902.279713 367.331104
193.608597 462.899607
319.841811 464.171508
442.041979 465.459064
560.524662 466.579755
675.459944 467.674398
787.093066 468.719306
895.402565 469.780107
210.437097 568.121255
332.034086 567.737643
450.056556 567.336796
564.626499 566.928919
675.887366 566.593473
783.987005 566.136235
888.992696 565.794471
225.979411 666.435489
343.552573 664.575523
457.529761 662.759330
568.435593 661.077154
676.260973 659.385273
781.006713 657.674698
882.920773 656.122051
240.666482 758.376686
354.296609 755.384215
464.702135 752.330575
572.000126 749.443049
676.640184 746.566107
778.212443 743.906042
877.199559 741.185583
254.423445 844.868687
364.423741 840.752937
471.312222 836.674072
575.502874 832.735372
676.925153 828.826721
775.697758 825.076541
871.914793 821.444526
267.427684 926.158115
373.896424 921.042522
477.650588 916.002536
578.728363 911.181870
677.263356 906.390962
773.208097 901.726797
866.847506 897.262909
91.057088 24.055518
229.291479 33.773791
360.743308 41.553538
489.332911 50.249744
613.322906 58.132396
733.570907 65.812325
849.837803 73.110347
97.666675 153.156601
233.114951 159.655990
364.061368 166.039916
490.851352 172.158619
613.699116 178.074166
732.762898 183.810747
848.110997 189.452486
103.670558 279.122876
237.469808 283.540077
367.052458 287.828223
492.652898 291.997813
614.295901 296.028640
732.199578 299.844670
846.495294 303.649102
109.235943 402.601216
241.859177 404.942970
370.040022 407.250899
494.333726 409.487557
614.816120 411.673593
731.568808 413.718111
844.887233 415.802045
114.892186 523.517417
246.026459 523.980277
373.007690 524.412028
495.983054 524.818951
615.357222 525.148707
730.999966 525.581979
843.233600 525.897952
120.482537 642.192539
250.190503 640.740962
375.891786 639.366938
497.699227 638.008003
615.885588 636.589846
730.525187 635.289309
841.722936 634.046270
125.979261 758.456266
254.283983 755.170410
378.765215 751.946285
499.363846 748.968964
616.426859 745.902280
729.967032 742.986161
840.162743 740.270376
135.992260 207.826586
284.065871 216.763460
424.160403 225.201375
557.191159 233.272641
683.418295 240.988824
803.384155 248.156381
917.621798 255.035496
150.917013 337.001717
293.341074 342.266504
428.318784 347.351270
556.507556 352.007906
678.448503 356.483131
794.627466 360.689417
905.328135 364.749617
165.084221 456.997263
301.944640 459.042416
432.075972 460.911816
555.892593 462.718844
673.884910 464.452349
786.452846 466.009506
893.859175 467.513554
178.076938 568.618973
310.074591 567.795673
435.520347 566.989347
555.318401 566.276989
669.600739 565.569059
778.710624 564.758237
883.081980 564.161283
190.262883 672.533297
317.573889 669.380215
438.954893 666.181885
554.681745 663.252771
665.600608 660.372794
771.411114 657.700766
872.871788 655.059333
201.730228 769.881101
324.689589 764.518017
441.978983 759.343233
554.269234 754.419737
661.730862 749.611481
764.700712 745.131932
863.364027 740.840880
212.505854 860.997533
331.236099 853.726753
444.954250 846.738019
553.785467 840.162837
658.180870 833.736672
758.201556 827.580439
854.299566 821.780582
116.706297 278.180854
241.192432 280.428009
363.703940 282.596958
484.666559 284.893992
603.957878 287.048007
721.694033 289.171071
837.735386 291.309390
110.261813 394.848438
235.839466 396.255403
359.443531 397.715048
481.391612 399.193027
601.733216 400.565058
720.360991 401.946352
837.271759 403.317391
103.816657 513.497763
230.348217 514.096588
355.062333 514.750032
478.150806 515.381326
599.410476 515.945805
718.948171 516.450416
836.834466 517.081999
97.155700 634.160238
225.002233 633.858935
350.760485 633.606421
474.766514 633.387461
597.011668 633.121024
717.536935 632.854664
836.400483 632.679436
90.451310 756.761864
219.354804 755.582162
346.208699 754.523408
471.293357 753.389586
594.578613 752.219362
716.116956 751.171058
835.833039 750.147817
83.777213 881.575943
213.682156 879.418169
341.679537 877.450288
467.793594 875.443108
592.160738 873.387320
714.723597 871.422471
835.449661 869.497354
76.666875 1008.457814
207.872558 1005.288998
337.111937 1002.283600
464.315165 999.519043
589.660931 996.535570
713.260741 993.633915
834.984091 990.835076
242.132277 168.806148
363.626047 177.466245
479.586480 185.584110
590.515959 193.567877
696.719536 201.103746
798.595208 208.329464
896.262265 215.248406
232.522874 262.327624
357.934658 268.980112
477.630007 275.363915
591.899420 281.477026
701.230660 287.366315
805.821432 292.928694
905.992303 298.241499
222.167573 361.948216
351.867187 366.472827
475.411627 370.755870
593.407079 374.876090
705.909998 378.793860
813.460582 382.454477
916.407291 386.092023
211.071952 468.542930
345.532967 470.480350
473.257861 472.351896
594.870711 474.093780
710.838560 475.897285
821.552240 477.498686
927.404237 479.111457
199.266893 582.646171
338.536448 581.622228
470.660349 580.831575
596.449393 580.013222
716.144712 579.177176
830.161542 578.476129
938.947594 577.792174
186.671853 705.060695
331.065002 700.756673
468.225666 696.836195
598.188800 693.025180
721.824596 689.373454
839.369464 685.994118
951.416097 682.725306
172.950408 836.783114
323.143993 828.762581
465.494129 821.063629
600.081372 813.894438
727.826805 807.007849
849.106834 800.558782
964.517647 794.436197
997.006480 411.991464
1089.980504 408.352639
1188.870971 404.707691
1294.585893 400.643196
1407.436443 396.436497
1528.406910 391.785710
1658.335492 386.781407
1008.694724 504.481008
1100.140725 503.891907
1197.215179 503.288079
1300.810332 502.580832
1411.252811 501.784887
1529.513501 500.995798
1656.302650 500.182349
1019.960437 593.534065
1109.852610 595.516507
1205.268696 597.682370
1306.736670 599.981347
1415.025857 602.507271
1530.613770 605.072892
1654.461220 607.974377
1030.777268 678.906237
1119.187351 683.378988
1212.906517 688.238923
1312.541622 693.365152
1418.606987 698.710498
1531.667141 704.576851
1652.577784 710.757950
1041.256965 761.110727
1128.239505 767.914055
1220.341938 775.145793
1318.095044 782.728200
1422.023085 790.905500
1532.715132 799.612206
1650.838378 808.923460
1051.258446 840.282227
1136.828392 849.207836
1227.367589 858.629953
1323.322815 868.590839
1425.245572 879.266738
1533.628099 890.608964
1649.121446 902.698545
1060.953168 916.525027
1145.143751 927.289332
1234.118189 938.769121
1328.430161 950.987786
1428.304043 963.953048
1534.469136 977.629638
1647.529111 992.313167
1039.308086 235.719903
1127.752403 227.336882
1221.473748 218.558921
1321.183425 209.238206
1427.165101 199.303156
1540.314819 188.727210
1661.221140 177.382495
1035.544251 325.154192
1124.370872 319.486872
1218.525666 313.405147
1318.702182 307.021746
1425.317368 300.127530
1539.112374 292.873511
1660.741258 285.147206
1031.729002 415.794789
1120.941623 412.673034
1215.587849 409.450523
1316.236169 405.987416
1423.487121 402.389428
1537.877445 398.400921
1660.367530 394.347428
1027.863060 507.278315
1117.489000 506.879480
1212.587882 506.599574
1313.743925 506.272058
1421.561738 505.832466
1536.669936 505.472032
1659.930625 504.993881
1024.036471 599.849014
1114.056682 602.245968
1209.543673 604.925175
1311.271011 607.638550
1419.622808 610.626910
1535.469087 613.757439
1659.489020 617.225526
1020.081700 693.491408
1110.422090 698.794062
1206.490169 704.459099
1308.605790 710.363336
1417.658817 716.822395
1534.217549 723.691510
1659.034487 731.081963
1016.115664 788.177219
1106.877180 796.283611
1203.384198 805.025428
1306.140541 814.378263
1415.715156 824.306332
1533.001685 834.984278
1658.606885 846.483120
1069.172894 182.684184
1154.258701 173.334834
1244.166969 163.539900
1339.535559 153.205249
1440.580561 142.194473
1548.144843 130.508369
1662.626532 118.053859
1059.269515 260.856080
1145.540140 253.696984
1236.857143 246.017473
1333.751469 237.990778
1436.678152 229.342692
1546.184740 220.253611
1662.906166 210.599480
1048.972601 341.917414
1136.524190 336.895086
1229.292047 331.653063
1327.798364 326.029245
1432.566128 320.113991
1544.120485 313.676219
1663.348680 307.032247
1038.338154 425.804856
1127.202757 423.117665
1221.460045 420.448236
1321.593300 417.513811
1428.239577 414.380170
1542.025402 411.163494
1663.709476 407.563988
1027.364243 512.805459
1117.563329 512.709392
1213.204813 512.753251
1315.210756 512.641702
1423.778671 512.652414
1539.914930 512.602837
1664.142105 512.677237
1015.932580 602.976762
1107.363225 605.696229
1204.781456 608.686556
1308.374041 611.712182
1419.101480 615.121070
1537.568348 618.642651
1664.506361 622.494883
1004.067681 696.554578
1097.008562 702.237623
1195.920410 708.347156
1301.487296 714.887922
1414.215513 721.832930
1535.194628 729.320130
1664.985709 737.377656
1102.616598 153.720771
1190.606998 145.969119
1282.400864 137.954739
1378.402743 129.614534
1478.666693 120.891971
1583.812637 111.759075
1693.978359 102.162351
1094.053319 225.951660
1183.989017 219.698418
1277.959898 213.099583
1376.329081 206.278988
1479.294687 199.085350
1587.146030 191.650828
1700.393835 183.799636
1084.990243 301.936830
1177.018847 297.173729
1273.339075 292.268517
1374.183243 287.094428
1479.843452 281.725269
1590.793027 275.986969
1707.444049 270.133959
1075.498878 381.707509
1169.749884 378.627083
1268.432826 375.572644
1371.861415 372.268034
1480.459605 368.840323
1594.546757 365.316263
1714.746681 361.501338
1065.580991 465.709729
1162.077831 464.548613
1263.087738 463.523641
1369.463275 462.298389
1481.095334 461.085891
1598.675357 459.783884
1722.507163 458.507198
1055.090212 554.172434
1153.825806 555.214021
1257.721027 556.430099
1366.772082 557.556823
1481.749175 558.886140
1602.910541 560.187610
1730.764148 561.627504
1043.921167 647.526564
1145.252231 650.920122
1251.837869 654.560986
1364.194415 658.442889
1482.436646 662.511743
1607.457949 666.828428
1739.611792 671.385973
1148.417316 257.578747
1239.278885 252.005749
1334.108814 246.235804
1433.406626 240.272644
1537.192136 233.983548
1646.237723 227.387152
1760.569389 220.453513
1140.732656 333.984079
1233.671576 330.059996
1330.848337 325.904879
1432.698585 321.653287
1539.379820 317.112897
1651.367045 312.437618
1769.054187 307.491864
1132.588288 414.353893
1227.807974 412.104631
1327.456335 409.852544
1431.987627 407.463197
1541.609889 405.010664
1656.818489 402.301495
1778.191325 399.654912
1124.127618 498.862098
1221.649139 498.524452
1323.887281 498.347968
1431.189203 498.053862
1543.896257 497.817919
1662.610642 497.623233
1787.733115 497.288284
1115.198683 587.880673
1215.183903 589.683497
1319.966141 591.817767
1430.407656 593.875386
1546.361302 596.174446
1668.886435 598.517206
1797.911946 601.091997
1105.783526 681.757432
1208.167003 686.059415
1316.012170 690.671445
1429.391722 695.386793
1548.954634 700.568314
1675.369625 705.920911
1808.812228 711.569621
1095.758125 780.919632
1200.908165 787.881197
1311.671905 795.261019
1428.604647 803.113478
1551.726585 811.431399
1682.236764 820.157917
1820.392140 829.472875
1151.682607 377.901052
1257.052588 375.529953
1366.057244 373.204435
1479.110393 370.783709
1596.200845 368.315729
1717.796056 365.677241
1844.003049 363.000136
1151.250603 479.504239
1256.459670 479.019542
1365.456539 478.462004
1478.345622 477.963546
1595.252733 477.389538
1716.714728 476.833348
1842.853638 476.376644
1150.781437 581.064494
1255.857656 582.307314
1364.799857 583.592404
1477.507336 584.914796
1594.367408 586.395065
1715.652765 587.731140
1841.774370 589.370047
1150.361022 682.319631
1255.385108 685.281653
1364.097172 688.439301
1476.713165 691.681919
1593.461054 695.020974
1714.543611 698.493928
1840.236784 702.081863
1149.987291 783.408541
1254.853189 788.120759
1363.424029 793.063730
1475.936628 798.168294
1592.520179 803.541599
1713.550742 809.019638
1839.030895 814.815777
1149.553866 884.311280
1254.286585 890.810457
1362.806054 897.546813
1475.096755 904.574637
1591.517495 911.880252
1712.444805 919.392481
1837.839946 927.262346
1149.144291 984.934433
1253.718594 993.163187
1362.083757 1001.746390
1474.371014 1010.718617
1590.533090 1019.671983
1711.299044 1029.291191
1836.965442 1039.738074
1079.425418 257.396156
1185.889397 250.193573
1298.000459 242.789685
1416.546334 234.876867
1541.604839 226.584416
1673.929900 217.716191
1814.297898 208.333695
1089.415421 358.402002
1192.997426 354.162429
1301.817563 349.640481
1416.614261 344.847218
1537.539279 339.739874
1665.379467 334.421302
1800.637723 328.808176
1098.970381 453.881597
1199.708735 452.007048
1305.519882 450.028299
1416.719170 447.932631
1533.889096 445.856531
1657.435950 443.509817
1787.988090 441.138108
1107.908701 543.877082
1206.013858 544.198142
1308.844834 544.618855
1416.916430 545.062475
1530.506730 545.405419
1649.991894 545.833228
1776.050337 546.258338
1116.489289 629.005283
1212.042161 631.351030
1312.137665 633.782443
1417.062320 636.291507
1527.306219 639.015166
1643.082242 641.831760
1764.948817 644.773610
1124.498947 709.753886
1217.696170 713.890473
1315.116942 718.111128
1417.156670 722.542998
1524.130213 727.295999
1636.519341 732.190098
1754.476426 737.376320
1132.175955 786.343697
1223.004483 791.937943
1317.937184 797.809752
1417.313026 804.045422
1521.250391 810.569169
1630.290769 817.320460
1744.727886 824.513863
1140.847894 87.983679
1249.495384 80.235195
1362.089029 72.318815
1479.170741 64.100281
1600.181966 55.546612
1726.340747 46.663087
1857.464176 36.830389
1141.548846 195.202292
1249.267921 189.558139
1360.891177 183.617455
1476.741611 177.530271
1596.767239 171.168939
1721.529932 164.610248
1850.878983 157.824267
1142.202631 300.820486
1249.026085 296.977654
1359.759506 293.060470
1474.450337 288.942657
1593.333656 284.836023
1716.826882 280.356393
1845.244501 275.925116
1142.873730 404.485211
1248.790386 402.496311
1358.484336 400.536127
1472.149922 398.491689
1589.941335 396.308835
1712.243808 394.083585
1839.145877 391.743557
1143.636162 506.428053
1248.638243 506.267534
1357.352607 506.104249
1469.940254 505.931447
1586.662727 505.852301
1707.799760 505.649899
1833.454802 505.478845
1144.262583 606.737296
1248.340250 608.333932
1356.161848 609.901986
1467.695368 611.617257
1583.304936 613.466432
1703.326694 615.253825
1827.827633 617.184943
1144.931321 705.317969
1248.122686 708.494322
1354.956839 711.835738
1465.609221 715.400411
1580.118156 719.071047
1698.891849 722.747065
1822.209573 726.758597
