504.774602 401.930395
584.262576 397.757386
668.981546 393.446899
759.607381 388.818618
856.531252 383.923047
960.715059 378.588811
1072.854661 372.811430
527.056275 497.048675
605.582596 496.076488
689.101911 495.037173
778.286335 493.951231
873.594612 492.655848
975.892461 491.369534
1085.682530 489.990678
548.547301 588.452580
626.021496 590.227023
708.432127 592.179175
796.175076 594.219540
889.956274 596.454549
990.288140 598.714893
1097.919215 601.239408
569.115349 676.047604
645.617219 680.441894
726.845213 685.190859
813.306003 690.259184
905.554499 695.552495
1004.104870 701.185109
1109.530649 707.128757
588.905638 760.280514
664.499750 767.095342
744.645297 774.339634
829.771857 782.016903
920.475203 790.220704
1017.253234 798.863956
1120.635480 807.938171
607.917808 841.365726
682.541408 850.393172
761.572462 859.970414
845.459423 870.058660
934.726935 880.817984
1029.809614 892.079167
1131.198759 903.733808
626.229045 919.367616
699.929187 930.352799
777.850151 942.029458
860.576795 954.430927
948.408528 967.585136
1041.843431 981.026014
1141.335033 994.924275
633.788902 160.964187
708.090471 150.661189
786.759537 139.823859
870.241887 128.365820
958.879477 116.112490
1053.411475 103.112765
1154.077084 89.276623
615.925168 240.317639
691.049739 232.231973
770.644857 223.644338
855.173483 214.546288
945.225956 204.775300
1041.203812 194.483930
1143.595703 183.484364
597.384086 322.726110
673.398001 316.853534
753.974503 310.694183
839.662779 304.113870
930.976628 297.177805
1028.405532 289.656815
1132.652287 281.787296
578.248364 407.988975
655.059892 404.574292
736.664486 401.062121
823.467175 397.322155
916.144158 393.274900
1015.198216 389.011441
1121.254218 384.335412
558.418597 496.541834
636.102925 495.770379
718.572977 495.138283
806.693475 494.287616
900.672016 493.488606
1001.372445 492.548609
1109.190043 491.676497
537.765466 588.400311
616.187224 590.546252
699.880316 592.951035
789.086127 595.378566
884.527835 598.119480
986.796050 600.876177
1096.657528 603.846115
516.276185 683.799396
595.719993 689.043495
680.416109 694.685320
770.885662 700.776726
867.658029 707.216426
971.692068 714.099263
1083.496489 721.411118
916.321141 305.608091
1027.169535 313.376416
1130.712983 320.678283
1227.840570 327.587705
1319.103442 334.091263
1405.131672 340.040450
1486.196190 345.851630
906.876750 426.121425
1016.130127 429.774824
1118.356321 433.356150
1214.340931 436.646829
1304.528637 439.785161
1389.617994 442.721030
1469.825831 445.516600
897.824944 542.380685
1005.444317 542.355321
1106.377508 542.233495
1201.153889 542.275181
1290.353214 542.282435
1374.567454 542.143409
1454.036324 542.222388
888.953005 654.759743
995.154911 651.115261
1094.707538 647.659837
1188.397392 644.529769
1276.581136 641.581407
1359.862797 638.732268
1438.667844 636.187751
880.476505 763.251460
985.150551 756.355705
1083.470659 749.748773
1175.929411 743.692079
1263.266596 737.916164
1345.647332 732.573644
1423.702435 727.419473
872.273403 868.309998
975.517117 858.296488
1072.547517 848.640818
1163.968803 839.682325
1250.271542 831.352346
1331.880318 823.534353
1409.167313 816.166820
864.328396 969.855385
966.003209 956.953266
1062.019591 944.123897
1152.301447 932.400175
1237.617915 921.694702
1318.294276 911.602860
1394.830209 902.147571
857.044489 86.236481
956.411102 99.675591
1050.024032 112.244520
1138.535004 124.302713
1222.263822 135.650413
1301.701978 146.341845
1377.089314 156.531618
867.468782 180.047795
968.608431 190.888019
1063.918418 201.188409
1153.826670 210.895227
1238.787314 220.100859
1319.178135 228.794936
1395.424389 236.959166
878.311011 278.047149
981.333958 286.184660
1078.270633 293.847090
1169.664540 301.146916
1255.828957 308.046303
1337.319661 314.399183
1414.598790 320.552254
889.713246 380.618568
994.723188 385.715709
1093.338074 390.521925
1186.083790 395.088803
1273.514476 399.430621
1356.142759 403.494161
1434.411271 407.386765
901.670486 487.955879
1008.607727 489.742523
1108.882681 491.514417
1203.156011 493.201812
1292.010245 494.676786
1375.775433 496.194008
1454.926143 497.571921
914.223553 600.508490
1023.172376 598.692142
1125.359780 597.046249
1221.079974 595.527247
1311.233330 594.078927
1396.236959 592.706154
1476.415235 591.447819
927.320565 718.593516
1038.358066 712.829814
1142.443486 707.313709
1239.812118 702.386223
1331.338605 697.639602
1417.427716 693.217240
1498.628615 689.097896
685.868292 68.232302
794.253686 71.600346
901.281639 74.913649
1006.886273 78.480396
1111.426327 81.543391
1214.648826 84.739779
1316.538576 87.979836
682.954369 166.877811
793.077015 169.694614
901.797093 172.453331
1009.255006 175.191673
1115.238408 177.926620
1219.922382 180.638279
1323.202632 183.308146
680.035709 268.774579
791.903018 270.951224
902.302109 273.096187
1011.446143 275.238485
1119.071595 277.386871
1225.259722 279.431853
1330.126732 281.546982
677.024347 373.901790
790.716381 375.365574
902.914226 376.877042
1013.674059 378.378662
1122.974821 379.867557
1230.742181 381.362480
1337.229741 382.807860
673.984343 482.495101
789.524867 483.242588
903.418529 484.084117
1015.983052 484.856618
1127.038222 485.630641
1236.468025 486.454674
1344.427129 487.259049
670.823031 594.642793
788.149708 594.709224
904.108825 594.794503
1018.402711 594.814488
1131.175089 594.866808
1242.378593 594.932021
1352.033300 595.040626
667.480815 710.630088
786.809138 709.831696
904.681429 709.083935
1020.926406 708.361121
1135.497939 707.535555
1248.355370 706.858253
1359.766466 706.241598
587.072457 377.484122
697.272867 376.046688
809.751502 374.654798
924.828427 373.176684
1042.409659 371.700680
1162.580642 370.206255
1285.326362 368.574989
596.257997 488.225719
704.598788 488.008493
815.211192 487.847459
928.215559 487.627063
1043.617076 487.293689
1161.592192 487.054369
1281.894155 486.831584
605.217348 595.217519
711.763919 596.073599
820.452465 596.923514
931.476522 597.853198
1044.880065 598.671597
1160.628381 599.540576
1278.723189 600.564357
613.837215 698.412303
718.666982 700.270749
825.466815 702.231168
934.616604 704.214190
1046.027116 706.086823
1159.654872 707.996800
1275.601308 710.097796
622.200031 798.182992
725.343167 800.989642
830.435058 803.892583
937.654635 806.804645
1047.132958 809.680977
1158.736912 812.562794
1272.523195 815.715508
630.275029 894.764588
731.749306 898.443633
835.122199 902.212449
940.602863 906.012130
1048.205589 909.554935
1157.877605 913.069117
1269.501299 917.278613
638.107702 988.116196
737.930670 992.596955
839.688328 997.145565
943.446264 1001.870026
1049.240302 1005.833786
1156.997549 1009.746375
1266.463743 1014.739486
293.547389 374.085043
426.197906 379.662768
550.064679 384.800609
666.167412 389.734647
775.240368 394.363259
877.911441 398.553986
974.701391 402.608374
295.803257 491.427286
425.062339 492.978169
545.999890 494.512478
659.564521 495.908170
766.340113 497.238166
867.017929 498.404995
961.980288 499.581079
298.071332 602.805643
423.991066 600.850665
542.136373 598.911961
653.253896 597.202350
757.855356 595.534020
856.583032 593.870434
949.857358 592.391543
300.069516 708.819358
423.068253 703.550597
538.403156 698.588333
647.164150 693.979948
749.676361 689.607679
846.492041 685.368160
938.172177 681.501519
302.117377 809.631535
422.060749 801.532210
534.968181 793.782674
641.306437 786.536182
741.908602 779.633274
836.861791 773.208659
926.926964 766.975971
303.968581 905.990536
421.207185 895.145912
531.562025 884.902190
635.838605 875.230027
734.390188 866.018528
827.718312 857.342275
916.225296 849.160763
305.864921 997.861571
420.225567 984.588813
528.385198 971.963315
630.494222 960.115861
727.231559 948.847416
818.831034 938.170508
905.886327 928.083628
304.229619 153.487989
426.207934 165.750032
540.696475 177.127002
648.588183 188.017149
750.423236 198.251189
846.692526 207.862421
937.789539 216.990790
303.525140 263.531806
426.355399 272.376612
541.668371 280.738317
650.273342 288.592661
752.682488 296.029918
849.443874 303.028390
940.998721 309.662046
302.805098 375.104063
426.453907 380.584263
542.564964 385.684976
651.925394 390.597438
754.930954 395.135434
852.238245 399.356713
944.319005 403.433439
301.979871 488.486413
426.624228 490.345297
543.527719 492.131243
653.541703 493.868478
757.191429 495.497771
855.022247 496.937470
947.629185 498.404433
301.267865 603.401975
426.742339 601.679402
544.437414 600.100801
655.153548 598.621268
759.485887 597.152647
857.863041 595.862151
950.902704 594.530349
300.496405 720.161384
426.882714 714.732169
545.460462 709.608237
656.918501 704.810096
761.815646 700.251200
860.800786 695.989200
954.333371 691.912930
299.764709 838.663120
427.004403 829.406199
546.486309 820.556056
658.601839 812.394804
764.253100 804.617254
863.680089 797.337492
957.705384 790.471770
311.044025 93.211626
426.031921 106.518925
534.355451 118.909507
636.784810 130.786578
733.742730 142.007732
825.693694 152.591423
912.916855 162.665973
309.565862 186.859835
426.927828 197.552251
537.522093 207.678243
641.902852 217.231461
740.584243 226.295562
834.028059 234.865182
922.617879 242.981682
307.856374 284.610562
427.810134 292.650342
540.651237 300.153820
647.211293 307.289337
747.661061 314.032772
842.702204 320.299081
932.795063 326.359648
306.006941 386.959881
428.788003 391.940749
544.054074 396.604409
652.626817 401.049050
754.993285 405.280518
851.707357 409.215939
943.364724 412.978397
304.189775 494.086310
429.723821 495.798496
547.445635 497.439195
658.256086 498.972644
762.649587 500.374896
861.094263 501.763396
954.169984 502.990334
302.267576 606.393877
430.693717 604.509583
551.223424 602.790180
664.255967 601.147687
770.620588 599.551751
870.952917 598.099728
965.599066 596.664484
300.247957 724.233917
431.740561 718.399150
555.023729 712.848067
670.482815 707.804508
778.979869 702.961061
881.028402 698.419347
977.356906 694.144585
85.202665 20.504228
227.501543 32.750413
358.690048 40.453477
489.163915 50.107806
612.171879 56.697776
732.782331 64.631251
849.199678 71.985225
94.929992 151.191463
230.782667 157.892585
362.194170 164.450907
489.365047 170.725104
612.532468 176.776293
731.883055 182.664896
847.488682 188.403399
101.109318 277.561506
235.327512 282.104833
365.329057 286.510809
491.279499 290.838074
613.247394 294.970170
731.407859 298.890975
845.958014 302.807119
106.838794 401.346057
239.806790 403.774597
368.399144 406.205786
493.050733 408.550713
613.841467 410.849463
730.843038 412.977380
844.422840 415.154460
112.647404 522.501573
244.114031 523.056615
371.477505 523.598274
494.791092 524.099938
614.454177 524.524115
730.335353 525.039633
842.838253 525.432528
118.256286 641.423392
248.337905 640.040841
374.427494 638.763252
496.583421 637.472419
615.037614 636.155896
729.928310 634.923383
841.356533 633.749046
123.841028 757.934368
252.518577 754.671413
377.398806 751.526939
498.297913 748.619086
615.659852 745.619504
729.445136 742.773700
839.841354 740.107068
132.153153 205.500650
281.171234 214.725047
421.992329 223.421023
555.624943 231.730588
682.437657 239.623654
802.948553 246.967575
917.643818 254.027493
147.641064 335.482623
290.761201 340.914728
426.389513 346.154206
555.229338 351.015705
677.705908 355.662977
794.370270 360.041533
905.469998 364.239198
162.131513 456.046970
299.676854 458.258797
430.448958 460.270796
554.840843 462.264652
673.328707 464.093670
786.337507 465.775864
894.130124 467.424849
175.447633 568.200426
308.077248 567.513859
434.106710 566.862917
554.471819 566.240824
669.189583 565.635212
778.706945 564.919807
883.450482 564.438377
187.935517 672.609104
315.841804 669.539330
437.789072 666.462919
554.027165 663.610827
665.329501 660.830441
771.527674 658.233266
873.378416 655.653594
199.640708 770.379086
323.169454 765.049596
441.004394 759.979827
553.743439 755.114704
661.609721 750.384907
764.946861 745.955523
863.934548 741.743119
210.650953 861.860786
329.904072 854.615462
444.148776 847.697779
553.395738 841.174203
658.189570 834.793363
758.578770 828.696519
854.957745 822.936034
115.168147 277.132226
239.847653 279.440768
362.579487 281.675595
483.639983 284.033660
603.078938 286.253164
720.903459 288.426755
837.015142 290.618579
108.788659 393.816040
234.495675 395.292535
358.294780 396.800301
480.366404 398.343104
600.830535 399.781099
719.552891 401.209808
836.537687 402.628260
102.396600 512.510298
229.000929 513.129538
353.902880 513.825100
477.123910 514.522296
598.510554 515.143633
718.103075 515.683322
836.092075 516.366739
95.507013 633.142546
223.614360 632.893285
349.548409 632.670663
473.713023 632.509317
596.082924 632.289441
716.690232 632.058105
835.630916 631.906312
89.363675 755.584592
217.980357 754.585697
344.996374 753.563622
470.203561 752.481431
593.618771 751.348349
715.227774 750.320584
835.022105 749.328203
82.203226 880.438459
212.250313 878.402919
340.418624 876.467892
466.677226 874.482070
591.140503 872.478517
713.796570 870.534419
834.601790 868.618162
75.358401 1007.271707
206.432132 1004.486749
335.818089 1001.327906
463.237480 998.448596
588.695056 995.478279
712.289079 992.663648
834.068598 989.840884
240.904219 168.532339
362.661254 177.360105
478.801642 185.617611
589.858960 193.705838
696.244339 201.369089
798.228482 208.692223
895.989598 215.713010
231.202987 261.950489
356.827740 268.747781
476.705732 275.288652
591.146748 281.529380
700.607652 287.505380
805.315777 293.179446
905.619234 298.601455
220.670259 361.465611
350.630188 366.128779
474.336559 370.529268
592.518901 374.774096
705.172244 378.814959
812.837439 382.583818
915.909125 386.312293
209.403255 467.892353
344.107203 469.987179
472.041505 471.962032
593.833860 473.880124
709.956199 475.766552
820.776346 477.481654
926.786381 479.176214
197.475277 581.796938
336.969477 580.953012
469.283252 580.298093
595.258601 579.597136
715.115678 578.888404
829.261811 578.307650
938.153393 577.711964
184.614728 703.997175
329.290951 699.889830
466.709072 696.092835
596.839407 692.406811
720.614040 688.908507
838.278501 685.659468
950.453655 682.460330
170.668087 835.550148
321.182851 827.627837
463.719649 820.130744
598.514141 813.065655
726.452902 806.293148
847.833976 799.962206
963.380987 793.941081
996.911624 412.354375
1089.699374 408.607784
1188.374728 404.799336
1293.768663 400.608895
1406.302096 396.267138
1526.989796 391.479516
1656.717726 386.289641
1008.707301 504.886071
1099.951880 504.136386
1196.788418 503.417104
1300.068477 502.578552
1410.197784 501.672335
1528.181632 500.753082
1654.601378 499.790652
1020.056597 593.959268
1109.764515 595.777734
1204.932539 597.814809
1306.067225 600.014344
1414.013591 602.405764
1529.265212 604.842972
1652.735096 607.623624
1030.974300 679.348700
1119.159599 683.594341
1212.617613 688.327511
1311.937929 693.324027
1417.662191 698.584345
1530.375209 704.298160
1650.866796 710.358278
1041.509006 761.551034
1128.303924 768.052583
1220.107609 775.151727
1317.515751 782.627854
1421.088317 790.700049
1531.372411 799.239775
1649.119693 808.459575
1051.620171 840.594565
1136.950329 849.100869
1227.103127 858.410048
1322.691179 868.253073
1424.126042 878.748281
1531.953025 889.894989
1647.017961 901.991780
1061.379326 916.500834
1145.284592 926.654430
1233.835762 938.010598
1327.617184 950.050875
1426.569349 962.501742
1531.777849 975.999478
1644.173217 990.764179
1040.116557 236.510552
1128.295048 228.074443
1221.763246 219.169445
1321.112380 209.729576
1426.710876 199.684594
1539.381199 189.009439
1659.873877 177.506477
1036.342553 325.803179
1124.896716 320.045929
1218.770669 313.867166
1318.580294 307.354904
1424.811886 300.348394
1538.250328 292.930846
1659.454948 285.038104
1032.521205 416.295175
1121.467690 413.082812
1215.789501 409.739135
1316.047617 406.164963
1422.896176 402.443208
1536.881773 398.320182
1658.936367 394.114365
1028.661307 507.603366
1117.993797 507.080388
1212.765790 506.670663
1313.490584 506.227475
1420.907495 505.675180
1535.567380 505.164109
1658.358018 504.535733
1024.805559 600.007556
1114.568986 602.204291
1209.670314 604.728048
1310.944783 607.327292
1418.882782 610.209119
1534.220845 613.180856
1657.698165 616.507866
1020.857376 693.454331
1110.908592 698.478910
1206.540206 703.992316
1308.246186 709.760060
1416.810317 716.070195
1532.808060 722.715048
1657.031093 729.954878
1016.829946 787.940863
1107.328409 795.649072
1203.406291 804.199431
1305.663371 813.355747
1414.708608 823.111246
1531.320897 833.589141
1656.304627 844.877789
1070.404497 184.069440
1155.206803 174.684380
1244.832711 164.798022
1339.827211 154.371023
1440.462026 143.297999
1547.517518 131.551146
1661.576085 118.956846
1060.453588 262.029623
1146.430471 254.800268
1237.450662 247.068415
1333.955770 238.933517
1436.449691 230.189570
1545.496872 220.989383
1661.687442 211.203460
1050.130679 342.890674
1137.382095 337.806673
1229.797299 332.464797
1327.888302 326.731195
1432.247640 320.721036
1543.377684 314.148758
1662.142326 307.345079
1039.476149 426.534901
1128.011025 423.771999
1221.908767 420.967826
1321.586911 417.962258
1427.810593 414.710673
1541.121736 411.367477
1662.324599 407.613510
1028.455979 513.282887
1118.360977 513.047533
1213.577634 512.959471
1315.083560 512.753443
1423.200907 512.653361
1538.809934 512.480843
1662.444709 512.411964
1017.004557 603.169532
1108.112018 605.699784
1205.053161 608.548031
1308.177035 611.451958
1418.366473 614.721202
1536.205039 618.057006
1662.545685 621.758223
1005.062680 696.468909
1097.692417 701.876838
1196.117990 707.819102
1301.164328 714.172077
1413.343788 720.954127
1533.630683 728.251402
1662.745191 736.099895
1149.244113 258.946545
1239.804418 253.312576
1334.334450 247.470687
1433.271865 241.380835
1536.644793 235.062303
1645.217482 228.395153
1759.162438 221.336071
1141.492031 335.106141
1234.088765 331.112264
1330.930536 326.916330
1432.428163 322.564326
1538.740676 317.931752
1650.358600 313.152553
1767.847502 308.075444
1133.268274 415.225642
1228.131672 412.919760
1327.394606 410.587369
1431.510282 408.109059
1540.726143 405.581423
1655.520160 402.804570
1776.594169 400.036202
1124.745956 499.419530
1221.859963 499.027536
1323.695942 498.738579
1430.528868 498.390795
1542.793255 498.060491
1661.009913 497.790630
1785.795078 497.395443
1115.735974 588.086632
1215.309389 589.799645
1319.607344 591.820758
1429.534481 593.799019
1545.006042 596.026898
1666.987648 598.273000
1795.474077 600.859847
1106.242845 681.547477
1208.184797 685.727841
1315.484093 690.221947
1428.336655 694.858448
1547.305539 699.904087
1673.054159 705.129524
1805.863860 710.756255
1096.091320 780.246358
1200.782623 787.020784
1310.927631 794.278207
1427.244411 801.977428
1549.706831 810.111784
1679.504328 818.747406
1816.805478 828.033030
1151.517328 377.911646
1256.674799 375.466905
1365.461330 373.056287
1478.299006 370.534283
1595.169739 368.001355
1716.634843 365.283364
1842.683177 362.629934
1151.098182 479.412210
1256.033794 478.864323
1364.802792 478.257561
1477.465365 477.664645
1594.126541 477.039146
1715.439958 476.403937
1841.440180 475.926938
1150.630256 580.853873
1255.439549 582.035175
1364.098940 583.263158
1476.548395 584.513302
1593.078953 585.926789
1714.183919 587.234360
1839.733232 588.913358
1150.203897 681.936263
1254.932726 684.840088
1363.358699 687.933610
1475.680835 691.105016
1592.079403 694.385600
1712.898083 697.823468
1838.225135 701.521357
1149.800158 782.808812
1254.386965 787.441674
1362.614838 792.326886
1474.749208 797.342722
1590.986118 802.673824
1711.738570 808.099074
1836.667592 814.021210
1149.367609 883.146860
1253.682295 889.572682
1361.697910 896.271833
1473.375102 903.140193
1589.334921 910.474789
1709.953179 918.065624
1833.917783 926.073658
1148.907396 982.876988
1252.891561 990.864006
1360.306233 998.970915
1471.180882 1007.479115
1587.061778 1017.216018
1707.043230 1027.048564
1829.568443 1037.170011
1078.765832 257.464901
1185.109842 250.164601
1297.098619 242.611078
1415.440065 234.552064
1540.270815 226.118774
1672.390411 217.120101
1812.756785 207.496727
1088.950743 358.649233
1192.350640 354.286513
1301.008566 349.656900
1415.662389 344.733096
1536.455782 339.507598
1664.247101 334.052711
1799.635705 328.268610
1098.631991 454.233693
1199.217412 452.283367
1304.851183 450.216602
1415.875179 448.042901
1532.859576 445.829540
1656.279047 443.387950
1786.833850 440.941900
1107.731994 544.329335
1205.629605 544.566109
1308.286959 544.913980
1416.169975 545.267090
1529.561424 545.540727
1648.872206 545.883685
1774.868631 546.277354
1116.397882 629.541552
1211.793153 631.783835
1311.677191 634.141180
1416.393591 636.592311
1526.423120 639.251608
1641.983302 641.991890
1763.775772 644.937139
1124.541633 710.320328
1217.542212 714.346900
1314.710894 718.518655
1416.567293 722.897990
1523.317038 727.554253
1635.447461 732.349642
1753.275769 737.542384
1132.283985 786.894260
1222.918976 792.400048
1317.633853 798.211068
1416.754064 804.375443
1520.425334 810.815217
1629.238198 817.537895
1743.497086 824.684539
1140.491431 87.901383
1248.973820 80.124490
1361.282156 72.308940
1478.356717 63.869894
1598.860094 54.910913
1724.422650 45.720183
1856.769041 35.938992
1141.263510 195.130402
1248.796540 189.387144
1360.237352 183.374987
1475.867607 177.172060
1595.683490 170.722446
1720.262591 164.034773
1849.622357 157.163949
1141.934691 300.742734
1248.595194 296.830934
1359.138551 292.820742
1473.659943 288.625009
1592.349354 284.380659
1715.739387 279.807584
1844.262705 275.241208
1142.661974 404.411668
1248.348346 402.355053
1357.872919 400.325293
1471.354170 398.189810
1588.977551 395.931549
1711.143905 393.617778
1838.221838 391.283843
1143.441604 506.329940
1248.250710 506.105326
1356.738986 505.881195
1469.110142 505.640472
1585.618474 505.511630
1706.598169 505.226838
1832.246203 505.144152
1144.121586 606.570385
1247.971659 608.090440
1355.522099 609.630771
1466.828360 611.281477
1582.203821 613.077085
1701.999597 614.778272
1826.299154 616.832558
1144.783854 705.063433
1247.734866 708.170866
1354.312712 711.468186
1464.701456 714.960900
1578.944628 718.565372
1697.482010 722.224844
1820.470312 726.278314
