504.899608 401.810446
584.516662 397.739846
669.361102 393.593929
760.174170 389.104903
857.295734 384.344805
961.735292 379.154152
1074.140087 373.564530
527.057993 496.860509
605.719841 495.996307
689.357781 495.106217
778.723417 494.153088
874.218854 492.972044
976.741714 491.845301
1086.863813 490.681889
548.421803 588.193235
626.019486 590.069755
708.551427 592.148445
796.475735 594.311660
890.455332 596.712538
991.037422 599.132480
1098.947962 601.885660
568.868852 675.728044
645.513016 680.246665
726.868837 685.110448
813.498686 690.342470
905.931117 695.747425
1004.706372 701.568158
1110.422570 707.835496
588.578540 759.913439
664.277840 766.867628
744.577660 774.241845
829.884788 782.039139
920.762610 790.388495
1017.751049 799.262892
1121.386309 808.813716
607.492298 840.965401
682.234578 850.126904
761.435744 859.827844
845.449558 870.052423
934.900300 881.004865
1030.175989 892.695875
1131.826389 905.201191
625.717358 918.920152
699.524027 930.053589
777.578613 941.872530
860.468208 954.426919
948.444387 967.772306
1042.047534 981.969330
1141.859956 997.191254
631.860325 159.869755
706.355845 149.593949
785.206003 138.829810
868.916619 127.451983
957.832723 115.254489
1052.715824 102.295427
1153.743913 88.521911
613.978119 239.399082
689.292410 231.370763
769.081166 222.839798
853.872134 213.807110
944.244161 204.110286
1040.595218 193.919168
1143.374338 183.007010
595.443938 321.957253
671.657862 316.148466
752.437022 310.082570
838.398233 303.598014
930.018717 296.728409
1027.863027 289.324016
1132.524078 281.572526
576.291057 407.428778
653.325284 404.097221
735.133503 400.719354
822.223844 397.058847
915.205280 393.110609
1014.665078 388.983616
1121.148388 384.469961
556.465886 496.218331
634.334891 495.572833
717.062794 495.063875
805.493036 494.322198
899.752174 493.646993
1000.865210 492.848736
1109.166382 492.179799
535.793675 588.358942
614.415163 590.607799
698.400433 593.156980
787.864639 595.724598
883.647677 598.642882
986.359819 601.599805
1096.661369 604.854193
514.324819 684.038619
593.961418 689.418244
678.942281 695.206721
769.701951 701.492592
866.800811 708.135169
971.303120 715.237950
1083.560625 722.940406
916.462851 307.126669
1026.914614 314.681665
1130.144979 321.745573
1226.994159 328.489103
1317.978898 334.840600
1403.719848 340.656997
1484.509147 346.317768
906.918236 427.186678
1015.830910 430.681627
1117.752428 434.086144
1213.435571 437.214806
1303.382639 440.204987
1388.228140 442.986115
1468.230042 445.628817
897.822646 543.114330
1005.066131 542.911856
1105.707355 542.686724
1200.218016 542.566952
1289.222054 542.455361
1373.206407 542.173576
1452.487329 542.127065
888.889831 655.152398
994.744777 651.363718
1093.979179 647.863604
1187.425725 644.613048
1275.446160 641.550051
1358.546191 638.570291
1437.160433 635.883399
880.348503 763.346619
984.684017 756.315926
1082.677030 749.745489
1174.912102 743.635633
1262.119682 737.733360
1344.333134 732.268138
1422.221894 726.976928
872.111519 868.123060
974.989426 858.054610
1071.660588 848.604049
1162.930200 839.708949
1249.116013 831.191012
1330.607840 823.230681
1407.791653 815.709370
864.068921 969.456324
965.407119 956.519203
1061.042478 944.281925
1151.226740 932.887499
1236.520052 921.955367
1317.174509 911.614795
1393.681321 901.944467
857.586074 86.812386
956.716165 100.080292
1050.152762 112.464256
1138.540134 124.351625
1222.115764 135.589431
1301.438096 146.188684
1376.702938 156.279110
868.066244 180.575036
969.031357 191.282486
1064.208388 201.404435
1153.939282 210.965614
1238.758514 220.075106
1319.012479 228.656330
1395.126850 236.705508
879.022536 278.592751
981.847607 286.560878
1078.657004 294.073924
1169.878791 301.252215
1255.913689 308.023778
1337.254825 314.263545
1414.394834 320.350230
890.536381 381.192645
995.367763 386.099885
1093.812354 390.785553
1186.410238 395.188380
1273.715164 399.433048
1356.218427 403.375578
1434.311148 407.153649
902.577897 488.585986
1009.337971 490.168342
1109.445323 491.815579
1203.573963 493.386201
1292.324904 494.714870
1375.954967 496.109542
1454.980840 497.360979
915.299847 601.191571
1024.016544 599.224151
1126.006251 597.495254
1221.647786 595.819512
1311.680384 594.203761
1396.564685 592.676038
1476.631549 591.309609
928.496570 719.363225
1039.302602 713.502579
1143.252568 707.901411
1240.535407 702.856156
1331.929918 697.939752
1417.915777 693.350142
1499.008547 689.105294
686.128481 68.577508
794.554222 71.930988
901.557803 75.169265
1007.309707 78.489214
1111.737872 81.680869
1214.944062 84.875376
1316.857557 88.089166
683.359202 167.307089
793.459360 170.080876
902.135356 172.751775
1009.608593 175.486098
1115.633097 178.146322
1220.325873 180.845400
1323.644840 183.488837
680.496780 269.257050
792.317029 271.364663
902.712700 273.464327
1011.887753 275.567611
1119.557181 277.662906
1225.769281 279.692452
1330.668802 281.809923
677.554599 374.434887
791.233435 375.843928
903.395730 377.320250
1014.191869 378.756713
1123.528813 380.222455
1231.378400 381.699572
1337.864311 383.130789
674.557034 483.123280
790.076939 483.800343
903.967724 484.621519
1016.562176 485.354512
1127.659200 486.098796
1237.175973 486.898375
1345.206596 487.672637
671.475302 595.390108
788.769232 595.396048
904.722140 595.449292
1019.049555 595.453978
1131.879140 595.505993
1243.211023 595.537877
1352.960205 595.622489
668.233869 711.508303
787.515923 710.659552
905.407945 709.867979
1021.671395 709.168330
1136.286567 708.444195
1249.293266 707.721170
1360.813917 707.052949
587.991265 378.164424
698.144987 376.763635
810.561441 375.418624
925.665996 373.976660
1043.292646 372.548178
1163.505219 371.086922
1286.273055 369.543904
597.021757 488.744797
705.360216 488.569023
815.918472 488.461555
928.926029 488.276564
1044.368680 487.982401
1162.384334 487.811651
1282.819727 487.637657
605.866458 595.601658
712.382412 596.481999
821.046314 597.387835
932.069596 598.339015
1045.519845 599.263275
1161.353435 600.217447
1279.580704 601.281393
614.358307 698.686463
719.189667 700.576370
825.970768 702.572499
935.118453 704.613465
1046.562992 706.595151
1160.286845 708.666726
1276.378842 710.809044
622.638858 798.345407
725.751967 801.196086
830.842129 804.150947
938.075896 807.114036
1047.566667 810.181686
1159.283878 813.356430
1273.243543 816.538693
630.603177 894.834067
732.060035 898.577290
835.443835 902.392254
940.901829 906.291063
1048.499052 910.304974
1158.340121 914.434255
1270.315846 918.627315
638.328273 988.119582
738.143352 992.663321
839.905174 997.269489
943.688569 1002.130333
1049.431753 1007.028009
1157.372580 1011.991218
1267.463790 1017.141760
295.613401 375.562870
427.540711 380.878825
550.854117 385.744179
666.462617 390.473420
775.071293 394.929944
877.309309 398.962169
973.774689 402.843376
297.595766 492.347317
426.258259 493.705781
546.660445 495.048368
659.706214 496.251327
766.046436 497.424112
866.339231 498.427344
960.987058 499.465885
299.705142 603.294435
425.020045 601.148572
542.646735 599.050764
653.283532 597.169524
757.476434 595.391412
855.838358 593.596485
948.795536 591.995493
301.532300 708.891481
423.969460 703.470890
538.801639 698.355100
647.085427 693.632708
749.230054 689.155103
845.710638 684.818362
937.063671 680.847018
303.406951 809.329047
422.821946 801.107129
535.232547 793.231901
641.133274 785.904965
741.394732 778.903472
836.019182 772.394233
925.758693 766.095267
305.154158 905.359630
421.883490 894.444133
531.731309 884.087892
635.604045 874.339954
733.792923 865.037382
826.813007 856.307848
915.033055 848.056893
306.845813 996.942895
420.764421 983.610538
528.444637 970.900060
630.156717 958.996609
726.538340 947.681127
817.828171 936.945021
904.620442 926.839186
305.730440 154.965812
427.241972 166.962736
541.368720 178.100280
648.958814 188.778649
750.474447 198.838470
846.466712 208.270360
937.352076 217.237135
304.975883 264.779778
427.408315 273.425068
542.360604 281.549661
650.617550 289.209223
752.744799 296.477496
849.246594 303.299025
940.581102 309.767751
304.279813 376.204329
427.501005 381.457171
543.279110 386.351517
652.287880 391.084116
755.012249 395.464451
852.053132 399.531232
943.907644 403.460315
303.461137 489.433707
427.703237 491.092290
544.240458 492.672599
653.921417 494.227001
757.285716 495.728031
854.869832 497.025304
947.223334 498.359999
302.732339 604.218775
427.826222 602.287426
545.142329 600.520002
655.521775 598.899393
759.583056 597.280612
857.714808 595.860862
950.521706 594.411758
302.032028 720.859137
427.986463 715.245102
546.150432 709.956315
657.317789 705.022646
761.933364 700.293976
860.676724 695.905824
953.986421 691.733613
301.322471 839.229557
428.137242 829.833755
547.242983 820.809976
659.035091 812.546785
764.391588 804.638797
863.568802 797.233524
957.381415 790.277118
312.216160 93.999118
426.855176 107.070966
534.886276 119.246509
637.109560 130.978047
733.820377 142.033763
825.572388 152.456832
912.633498 162.376798
310.747844 187.586163
427.813850 198.091447
538.125716 208.018650
642.244877 217.400008
740.713298 226.305289
833.959653 234.724482
922.379137 242.691377
309.147487 285.329793
428.756167 293.154095
541.349241 300.481154
647.646382 307.452056
747.874912 314.034810
842.715242 320.154953
932.629639 326.084544
307.388703 387.683406
429.856763 392.450615
544.844012 396.924113
653.145261 401.187087
755.284055 405.296011
851.810430 409.095288
943.255674 412.725368
305.633226 494.836971
430.863674 496.321631
548.302984 497.770539
658.846754 499.155523
763.006477 500.402993
861.258063 501.652820
954.149472 502.768748
303.893238 607.166839
431.945256 605.070775
552.143507 603.177933
664.936160 601.383971
771.071690 599.607179
871.210014 598.016780
965.679218 596.483386
301.955987 725.038204
433.085623 719.037016
556.086868 713.273008
671.277092 708.093973
779.510842 703.109412
881.367554 698.437480
977.516740 694.046038
90.986294 24.173119
229.206406 33.954599
360.636920 41.775915
489.205510 50.396732
613.220377 58.272862
733.486100 65.961734
849.752251 73.269128
97.556023 153.266462
233.033496 159.856831
363.971594 166.244421
490.749861 172.340678
613.602203 178.238524
732.664283 183.961513
848.013920 189.580854
103.595886 279.281424
237.382909 283.724105
366.963058 287.998967
492.557066 292.139937
614.214752 296.149670
732.114293 299.948165
846.407455 303.736607
109.146047 402.749620
241.761984 405.107013
369.945599 407.392811
494.252019 409.592825
614.745424 411.766112
731.496934 413.796638
844.812405 415.870935
114.800009 523.654002
245.922301 524.125481
372.904850 524.542086
495.895079 524.922905
615.284947 525.228555
730.924963 525.649925
843.160525 525.958839
120.375934 642.325920
250.081283 640.879545
375.785192 639.488404
497.608416 638.108943
615.806917 636.665816
730.446445 635.355017
841.652950 634.107144
125.862912 758.599808
254.174153 755.308229
378.660058 752.068034
499.269546 749.078753
616.340954 745.986993
729.889774 743.060055
840.094568 740.337810
135.902785 207.976162
283.983063 216.962164
424.067386 225.381230
557.091506 233.426610
683.326174 241.121042
803.286721 248.270091
917.534092 255.129576
150.829027 337.171342
293.250948 342.435385
428.227633 347.488993
556.429838 352.109256
678.378251 356.576567
794.550090 360.768768
905.258866 364.819929
164.987761 457.147927
301.846771 459.189091
431.981908 461.035389
555.819298 462.811031
673.814055 464.533424
786.382113 466.077248
893.785158 467.574827
177.970377 568.760658
309.969235 567.932006
435.418028 567.107376
555.241151 566.363154
669.524959 565.640102
778.634668 564.821812
883.011293 564.220641
190.147628 672.671152
317.468475 669.509001
438.852137 666.295370
554.599480 663.341124
665.516863 660.445622
771.336887 657.762233
872.804274 655.117970
201.616138 770.019854
324.582997 764.647520
441.877331 759.462270
554.180513 754.520456
661.647204 749.690591
764.627058 745.202344
863.297287 740.906506
212.413521 861.139497
331.132309 853.864896
444.858034 846.863616
553.703058 840.271941
658.098537 833.823833
758.128525 827.663575
854.237941 821.863758
116.632207 278.344291
241.106941 280.615331
363.613966 282.768428
484.568502 285.039517
603.871581 287.174355
721.607113 289.278810
837.643801 291.401670
110.173364 394.996457
235.741434 396.420131
359.348733 397.859531
481.307550 399.303938
601.663174 400.657077
720.290459 402.028588
837.196731 403.388487
103.729355 513.634304
230.243348 514.244316
354.960687 514.882826
478.059833 515.492141
599.337876 516.026853
718.874070 516.520765
836.761380 517.143735
97.054835 634.296992
224.888719 634.000875
350.655372 633.731620
474.670449 633.494594
596.933258 633.198772
717.457780 632.921614
836.329619 632.739233
90.346530 756.907731
219.242408 755.720609
346.102304 754.650381
471.194428 753.503954
594.491496 752.309334
716.038070 751.245861
835.764275 750.216458
83.677655 881.757255
213.595191 879.571601
341.580749 877.594295
467.703121 875.576392
592.073065 873.495981
714.642376 871.519195
835.383567 869.596151
76.672031 1008.611517
207.831251 1005.447613
337.029778 1002.451802
464.236984 999.660934
589.545575 996.657744
713.135489 993.759703
834.878185 990.959352
242.051689 169.010133
363.538410 177.666061
479.487234 185.762580
590.416973 193.728638
696.620691 201.248986
798.492862 208.459013
896.164213 215.358623
232.439678 262.517606
357.847585 269.157084
477.529647 275.517963
591.811175 281.608555
701.147163 287.478406
805.733035 293.023653
905.908952 298.322955
222.072652 362.119594
351.773717 366.626507
475.323877 370.871548
593.335977 374.970339
705.839574 378.881470
813.385658 382.531549
916.339934 386.156824
210.970700 468.696049
345.434262 470.618330
473.168751 472.465356
594.799964 474.180127
710.766280 475.971426
821.479099 477.562029
927.337016 479.167281
199.157945 582.787333
338.431352 581.753844
470.563857 580.941597
596.374458 580.089589
716.066716 579.243713
830.088189 578.537407
938.884630 577.843006
186.554906 705.199251
330.959280 700.884046
468.127190 696.947169
598.105327 693.110716
721.745767 689.441927
839.300722 686.056151
951.359037 682.781002
172.844769 836.931945
323.041641 828.898166
465.399449 821.186497
599.997259 813.989053
727.748753 807.089998
849.042337 800.639649
964.459024 794.506139
996.967626 412.048596
1089.966701 408.417686
1188.844410 404.784054
1294.532128 400.743893
1407.339296 396.553515
1528.254669 391.933963
1658.112879 386.962719
1008.653132 504.525436
1100.119103 503.943876
1197.178385 503.353590
1300.745451 502.662004
1411.148959 501.879524
1529.361876 501.108192
1656.083144 500.319202
1019.915270 593.579971
1109.818386 595.570491
1205.225346 597.734942
1306.667235 600.046460
1414.917685 602.586398
1530.459138 605.158751
1654.249977 608.077645
1030.728349 678.960047
1119.137837 683.436353
1212.849593 688.291528
1312.462801 693.423838
1418.496104 698.775502
1531.516990 704.636397
1652.362718 710.827764
1041.199487 761.171302
1128.175478 767.984713
1220.270369 775.216754
1317.998678 782.802284
1421.890620 790.981804
1532.549673 799.668976
1650.621024 808.973672
1051.175481 840.366160
1136.724798 849.315811
1227.268248 858.740890
1323.200862 868.696804
1425.085682 879.352530
1533.435671 890.663404
1648.873709 902.738063
1060.833792 916.638737
1145.015527 927.426658
1234.000725 938.904523
1328.289804 951.106989
1428.125266 964.022420
1534.240649 977.675973
1647.232226 992.337234
1039.315184 235.822163
1127.748885 227.456875
1221.448520 218.707341
1321.122151 209.411138
1427.064005 199.505402
1540.160495 188.978815
1660.996563 177.672800
1035.528349 325.228023
1124.358668 319.573767
1218.495524 313.514870
1318.636281 307.154035
1425.206237 300.284849
1538.954436 293.064013
1660.519501 285.371208
1031.703819 415.852102
1120.924835 412.738675
1215.556043 409.533710
1316.173651 406.088956
1423.382035 402.509413
1537.721089 398.549443
1660.145355 394.524090
1027.827713 507.323775
1117.464181 506.932078
1212.548207 506.667020
1313.672424 506.355135
1421.452777 505.928376
1536.515531 505.585271
1659.709389 505.129007
1023.992646 599.894960
1114.021254 602.300237
1209.498463 604.978356
1311.197281 607.705165
1419.512064 610.705136
1535.314027 613.841726
1659.273288 617.326393
1020.030950 693.543211
1110.371533 698.852823
1206.430903 704.514249
1308.525846 710.421304
1417.546215 716.886307
1534.062542 723.748381
1658.817179 731.146883
1016.053280 788.240565
1106.805806 796.365586
1203.303691 805.110786
1306.039933 814.466336
1415.573068 824.391692
1532.824351 835.044481
1658.378702 846.528366
1069.177085 182.803101
1154.240559 173.470690
1244.126889 163.714757
1339.459005 153.400392
1440.474781 142.453057
1547.987863 130.809387
1662.409559 118.398561
1059.269450 260.951405
1145.525566 253.812615
1236.821789 246.161906
1333.680297 238.149560
1436.568793 229.532524
1546.026040 220.483494
1662.679879 210.861098
1048.959377 341.988154
1136.510151 336.977489
1229.261029 331.757406
1327.731530 326.153223
1432.453511 320.262759
1543.957698 313.859996
1663.123078 307.247850
1038.315007 425.860921
1127.184942 423.181725
1221.425018 420.530856
1321.527657 417.613495
1428.132902 414.498269
1541.869884 411.307965
1663.484386 407.736035
1027.328895 512.851120
1117.538508 512.761304
1213.165710 512.819459
1315.137535 512.722342
1423.669130 512.747354
1539.760320 512.713559
1663.919938 512.809669
1015.886507 603.022386
1107.326314 605.751371
1204.737309 608.738880
1308.302846 611.777174
1418.991480 615.197351
1537.412382 618.726065
1664.289573 622.593332
1004.016740 696.605332
1096.957699 702.295887
1195.861606 708.402163
1301.409512 714.945817
1414.102116 721.896605
1535.035928 729.378026
1664.763587 737.441605
1148.401477 257.695239
1239.242072 252.148530
1334.036091 246.390191
1433.295521 240.453913
1537.038720 234.201467
1646.024594 227.632295
1760.295451 220.699326
1140.718032 334.066508
1233.639495 330.164836
1330.779511 326.030225
1432.583991 321.801586
1539.222124 317.293739
1651.148788 312.648449
1768.745127 307.715965
1132.570351 414.421391
1227.773561 412.190000
1327.389594 409.953305
1431.880464 407.582511
1541.453299 405.157411
1656.596634 402.475242
1777.869141 399.837387
1124.103155 498.916823
1221.608502 498.594750
1323.811737 498.433732
1431.079044 498.152217
1543.738123 497.933164
1662.390193 497.760542
1787.397584 497.428104
1115.164958 587.935317
1215.139808 589.739014
1319.891108 591.887454
1430.294286 593.956445
1546.200761 596.265871
1668.666237 598.625216
1797.584837 601.196778
1105.733928 681.814979
1208.110154 686.111374
1315.931939 690.730786
1429.276566 695.450818
1548.796017 700.630147
1675.144633 705.993771
1808.501351 711.628845
1095.692164 780.994706
1200.833487 787.961572
1311.574783 795.342311
1428.463360 803.192339
1551.550491 811.484963
1681.998608 820.203853
1820.048180 829.475949
1151.664760 377.976647
1257.013601 375.629198
1365.978775 373.321016
1478.980058 370.929685
1596.015351 368.489246
1717.528822 365.874034
1843.623023 363.193494
1151.224283 479.564794
1256.410593 479.099033
1365.370714 478.555596
1478.218266 478.075021
1595.069598 477.523081
1716.449661 476.985765
1842.474826 476.511370
1150.745942 581.117661
1255.804996 582.366647
1364.709337 583.669620
1477.378909 585.001550
1594.184371 586.496706
1715.400333 587.847014
1841.410905 589.472618
1150.309122 682.374707
1255.322509 685.335187
1364.003156 688.503103
1476.586586 691.742601
1593.278108 695.089695
1714.300625 698.571012
1839.910216 702.141391
1149.915768 783.489450
1254.772190 788.195798
1363.310427 793.140494
1475.786795 798.237222
1592.331245 803.591828
1713.294985 809.061599
1838.673578 814.815849
1149.440424 884.434327
1254.176711 890.930450
1362.666217 897.649763
1474.915948 904.641943
1591.291186 911.922106
1712.132656 919.403461
1837.358018 927.168169
1149.013538 985.098914
1253.587011 993.307010
1361.928065 1001.833860
1474.169377 1010.750315
1590.266219 1019.694842
1710.923570 1029.255811
1836.336778 1039.514427
1079.426285 257.497322
1185.868633 250.319462
1297.945919 242.947599
1416.443710 235.055096
1541.448689 226.810839
1673.698233 217.980073
1814.015979 208.559462
1089.404315 358.474788
1192.974138 354.250631
1301.761719 349.754239
1416.511016 344.984148
1537.380059 339.912221
1665.151909 334.626111
1800.298021 329.020764
1098.952091 453.941392
1199.676351 452.078825
1305.455629 450.120765
1416.615643 448.037852
1533.736886 445.986051
1657.213175 443.667330
1787.657342 441.300986
1107.880876 543.929151
1205.974267 544.258075
1308.772836 544.695474
1416.807059 545.150481
1530.352594 545.506436
1649.780364 545.952865
1775.733337 546.383582
1116.449203 629.060238
1211.993921 631.402360
1312.065112 633.843875
1416.952683 636.362675
1527.154964 639.089965
1642.877214 641.923503
1764.658863 644.867222
1124.445544 709.811647
1217.635857 713.945452
1315.034756 718.170617
1417.042909 722.605108
1523.981138 727.350143
1636.310775 732.252398
1754.206435 737.429630
1132.105801 786.425595
1222.927339 792.016734
1317.838297 797.891262
1417.175816 804.127051
1521.083804 810.630488
1630.083526 817.369855
1744.448230 824.541180
1140.796256 88.128538
1249.426838 80.406486
1362.008220 72.527045
1479.079006 64.354464
1600.060959 55.818695
1726.180428 46.983148
1857.349500 37.049702
1141.536573 195.332511
1249.227701 189.724272
1360.811423 183.804791
1476.619638 177.775303
1596.581985 171.450805
1721.270373 164.914704
1850.639082 158.033961
1142.186077 300.916577
1248.985291 297.099830
1359.678080 293.200845
1474.319094 289.119572
1593.151096 285.043786
1716.562509 280.591808
1844.913629 276.134015
1142.854467 404.554361
1248.751092 402.588595
1358.405818 400.641909
1472.024546 398.624128
1589.761151 396.469244
1711.983067 394.267175
1838.776015 391.926297
1143.608637 506.484056
1248.589930 506.341529
1357.266754 506.191518
1469.814334 506.033958
1586.483445 505.975460
1707.543055 505.790619
1833.091527 505.611549
1144.224256 606.790771
1248.289037 608.388981
1356.074155 609.974120
1467.568489 611.696755
1583.126009 613.558040
1703.084631 615.359907
1827.477625 617.282063
1144.875902 705.374561
1248.057637 708.549477
1354.863727 711.896988
1465.483322 715.461397
1579.941142 719.131583
1698.653589 722.814044
1821.886936 726.807913
