-1.96934872253970 -1.97626818874365 0.43216012987639 
2.00515375535389 2.01162733222993 0.41293788828690 
2.08300362776795 2.13443371285560 -0.45787992148132 
-1.99538212408516 -2.03308210092778 -0.52465693464332 
2.01208930452533 2.07681290840243 -0.55399722581051 
-2.09525899518077 -2.09556761037801 -0.20823630725831 
-2.02237633859817 -2.20380679678505 -0.88552982594692 
-2.00912495182151 -2.09339435006259 -0.63921193532199 
2.03694792516894 2.12895656297121 0.64967620886536 
2.16071451174148 2.18749745060287 0.32750026924395 
-2.01790260233059 -2.14943551768394 -0.76035651512077 
2.13298139777039 2.13228410282044 -0.01427031945256 
1.92829488909602 1.81892501437924 -0.11471638853077 
-1.93377923266779 -1.84388064871179 -0.19285328622546 
2.02249340436747 2.13569654036250 -0.67046440884373 
2.03177624100237 2.24661742662260 -0.91766674124906 
2.02963044797870 2.19361992984337 -0.79286279003559 
-2.08984720782718 -2.09803515422649 0.22978752587424 
-1.90768438066545 -1.77649519885615 -0.09031919381543 
-2.10433224501413 -2.09539180906140 0.01135021345519
