-30.01909423649939 -23.78123384919887 88.63928098826348
-8.23879545508503 -23.84794140986356 68.34632277790651
-24.72031466066627 -34.76752050860178 85.96175758258882
-19.87717407339350 -13.51822225450687 64.68816619950273
-22.60885361409827 -30.27497607723586 88.53396136313417
-22.11659444954688 -14.41948704602267 69.44414462168182
-36.05102808335915 -10.18415561169631 61.96870320021186
-43.37202936038382 -14.76637226984842 64.11559451942465
-35.87352326824411 -21.64339042126542 63.89386070300441
-46.36446225828063 -30.52892978956212 63.55651198871504
-41.19456717042717 -20.27989122382740 57.22902607939142
-47.75853767106182 -19.16023839922110 69.28725279946264
-44.19062126325385 -25.43912584623918 74.27353708239566
1.24489609622202 -9.76443103405553 76.79556377130953
6.42160934751605 -32.35709802068381 95.74017158643819
5.33936219305822 -27.36172111210784 102.81776154799049
8.46246177621901 -24.54681861044472 96.68901310191585
5.94158923192171 -15.49679115218213 81.88841974490198
0.82077732176475 -21.48163992004111 77.46464480570485
7.21793011468778 -31.68686878146822 75.67447454230954
