555.570235 256.775538
633.076444 248.576520
715.477743 240.007342
803.342901 230.869041
897.099528 221.075033
997.592821 210.585772
1105.314270 199.330252
555.764888 351.913835
633.230560 346.762055
715.534705 341.264865
803.314741 335.495617
897.040302 329.196929
997.402616 322.524876
1105.013722 315.409797
555.990212 447.116608
633.390213 444.805943
715.646815 442.465251
803.338414 439.908407
897.016300 437.218536
997.213804 434.238701
1104.727423 431.177687
556.202610 542.014901
633.549091 542.607998
715.720543 543.404717
803.362768 544.216934
896.949363 544.963449
997.037924 545.855243
1104.385321 546.732875
556.474434 636.811610
633.751693 640.331251
715.876445 644.186178
803.454957 648.202914
896.872292 652.557657
996.892900 657.120251
1104.070708 662.126652
556.686410 731.456693
633.830461 737.899109
716.032713 744.805636
803.394688 752.140055
896.799787 759.988221
996.741647 768.299645
1103.745934 777.273934
556.934956 825.955476
634.065690 835.232835
716.102166 845.178656
803.520973 855.820091
896.746097 867.107179
996.601581 879.193665
1103.495308 892.219233
896.516359 193.662132
1002.930758 204.635866
1102.781481 214.876599
1196.685970 224.656094
1285.171653 233.866402
1368.725181 242.476077
1447.620084 250.641071
895.953831 309.649867
1002.348988 316.925070
1102.167528 323.808643
1196.009915 330.287843
1284.430952 336.413165
1367.896289 342.169734
1446.741551 347.610850
895.479417 425.462702
1001.709141 429.093790
1101.491054 432.482051
1195.293433 435.796615
1283.682881 438.874579
1367.098783 441.640348
1445.942841 444.442449
894.938013 541.119066
1001.182675 541.059254
1100.837516 541.059417
1194.599911 541.099424
1282.943476 541.151098
1366.295135 541.111118
1445.134956 541.202910
894.414083 656.552779
1000.534403 652.848984
1100.114452 649.464902
1193.789767 646.327973
1282.201553 643.265870
1365.500807 640.483291
1444.221848 637.742863
893.964652 771.871082
999.987509 764.603871
1099.457479 757.854360
1193.138016 751.487203
1281.388769 745.364059
1364.772823 739.640006
1443.493601 734.308120
893.441789 886.984715
999.294676 876.137995
1098.870638 865.860935
1192.452853 856.395466
1280.696729 847.269377
1363.953286 838.712786
1442.682070 830.745849
634.916813 63.047055
731.376060 59.074150
829.643579 54.980064
929.740997 50.964836
1031.811902 46.686879
1135.892672 42.280939
1242.126351 37.707007
623.729452 148.396569
722.223502 145.157726
822.555313 141.836163
924.902717 138.454657
1029.311039 134.952853
1135.819194 131.443569
1244.416292 127.917535
612.017808 237.659115
712.609773 235.181140
815.155251 232.695313
919.794123 230.125179
1026.609923 227.530304
1135.563509 224.804755
1246.733033 222.208085
599.793861 330.938762
702.601355 329.284429
807.474667 327.733795
914.426313 326.067754
1023.689775 324.405123
1135.223439 322.726219
1249.032046 321.021847
587.096312 428.576036
692.159115 427.882804
799.258677 427.373817
908.865939 426.672861
1020.640400 426.002066
1134.876669 425.319170
1251.395064 424.733707
573.747203 530.915570
681.042603 531.341218
790.874686 531.874966
902.886599 532.283596
1017.417424 532.786845
1134.470468 533.218180
1253.942070 533.786098
559.709865 638.212101
669.595089 639.773032
781.886228 641.421830
896.710304 643.171247
1013.998421 644.850207
1134.024126 646.627598
1256.627381 648.468627
662.223961 375.492795
785.300073 376.665120
906.595027 377.879941
1026.358571 379.116238
1144.340049 380.360043
1260.640628 381.434534
1375.307231 382.595384
668.176592 487.224315
786.989666 487.659328
904.048286 488.116288
1019.620080 488.497983
1133.498106 488.841930
1245.935869 489.197897
1356.744378 489.656221
673.916900 591.457609
788.522425 591.155988
901.668665 590.795169
1013.281069 590.459231
1123.499304 590.224282
1232.229962 589.788313
1339.467588 589.518496
679.163432 688.670120
790.005167 687.750986
899.381966 686.758658
1007.426866 685.902835
1114.096308 684.964487
1219.354300 683.987330
1323.269486 683.127299
684.156344 779.542154
791.433984 778.116053
897.351606 776.591302
1001.903348 775.157347
1105.310022 773.708365
1207.294195 772.366653
1308.065287 770.933905
688.802127 864.903459
792.800731 862.957773
895.369945 860.994045
996.832306 859.078031
1097.007802 857.122440
1196.046481 855.290404
1293.863809 853.495121
693.218894 945.128960
793.937640 942.688844
893.571538 940.246417
991.980051 938.002198
1089.218371 935.653727
1185.410756 933.340889
1280.455515 931.233532
675.061385 142.539743
769.678574 139.365030
865.916796 136.114970
964.037986 132.897404
1063.996460 129.553744
1166.046604 126.117838
1269.886471 122.679274
661.782041 221.822096
758.901787 219.323962
857.855579 216.731698
958.789503 214.159688
1061.771521 211.499599
1166.698393 208.836045
1273.616890 206.140895
647.630071 305.798946
747.502892 304.000920
849.290706 302.225704
953.243566 300.389056
1059.260906 298.553349
1167.330779 296.600472
1277.622167 294.805088
632.679901 394.794403
735.490369 393.810555
840.322716 392.927997
947.295246 391.915125
1056.544347 390.941233
1168.025407 390.025307
1281.793937 389.059169
616.874117 489.392374
722.688921 489.331026
830.589820 489.467098
941.036797 489.421219
1053.658803 489.406470
1168.761038 489.478573
1286.224318 489.592213
600.038801 590.018924
708.935769 591.078136
820.481025 592.266514
934.265734 593.371894
1050.578020 594.569509
1169.581979 595.756574
1291.109524 597.015219
582.024913 697.275661
694.506010 699.557087
809.497672 701.944841
927.132604 704.391443
1047.292733 706.839174
1170.410811 709.390428
1296.197773 712.020264
635.217101 372.888005
752.036894 372.803211
869.243373 372.749982
987.187231 372.736965
1105.525174 372.703016
1224.278423 372.614809
1343.507762 372.554390
641.112767 487.007378
755.889793 487.189883
871.023062 487.399012
986.719265 487.582749
1102.829870 487.695478
1219.427665 487.849597
1336.392390 488.072581
646.937912 597.138124
759.601186 597.505335
872.707827 597.860406
986.288886 598.210085
1100.345852 598.587090
1214.774029 598.869809
1329.659128 599.336920
652.504239 703.271510
763.219444 703.845251
874.279434 704.420501
985.876015 705.030855
1097.921820 705.554479
1210.302067 706.068212
1323.130513 706.658692
657.941275 805.746219
766.721581 806.486245
875.906067 807.240020
985.514072 807.966443
1095.585576 808.739074
1206.005651 809.498168
1316.782864 810.215410
663.204412 904.791870
770.135569 905.707677
877.376865 906.617113
985.139498 907.560756
1093.337066 908.439654
1201.897198 909.333369
1310.767669 910.282348
668.249856 1000.482435
773.408985 1001.526743
878.987928 1002.563276
984.908712 1003.695702
1091.173205 1004.696821
1197.850978 1005.758120
1304.922904 1006.894076
297.535293 440.995117
430.357354 444.066472
554.411973 446.891692
670.737474 449.661873
779.962292 452.266249
882.722303 454.567762
979.593580 456.806106
300.104376 552.258958
428.612054 551.631558
548.898322 551.138398
661.819028 550.542988
768.069986 550.029093
868.287384 549.465277
962.826635 549.001525
302.716824 656.380551
426.961757 652.518298
543.644194 648.834532
653.443643 645.434586
756.903868 642.216695
854.628228 639.059817
946.978731 636.184577
304.992713 754.012773
425.505598 747.267045
538.651344 740.859600
645.528172 734.920839
746.380685 729.306556
841.694665 723.898094
931.984978 718.840770
307.232834 845.604644
424.093204 836.414845
534.110569 827.626547
637.962950 819.451028
736.403078 811.588458
829.381155 804.271395
917.710774 797.214600
309.328051 932.023493
422.801769 920.544073
529.692688 909.677051
630.985492 899.445407
726.875961 889.657339
817.835088 880.443891
904.230681 871.715245
311.320415 1013.455232
421.426667 1000.000277
525.580542 987.195898
624.255349 975.222410
717.913398 963.751077
806.761438 952.868069
891.325173 942.602056
176.122149 350.267696
306.933558 353.328015
433.489200 356.301279
556.211340 359.223543
675.132218 362.072279
790.402576 364.740436
902.268947 367.347892
193.847904 462.920376
320.019882 464.177258
442.156359 465.455504
560.581887 466.584207
675.481957 467.670251
787.089288 468.720779
895.390434 469.783783
210.641979 568.108350
332.185262 567.722532
450.146164 567.328537
564.668923 566.921109
675.902421 566.584407
783.975647 566.134416
888.980241 565.792013
226.148180 666.406110
343.669435 664.555348
457.598633 662.742901
568.469202 661.060365
676.275388 659.377174
780.994813 657.675958
882.913638 656.117954
240.814332 758.341530
354.388381 755.366022
464.759518 752.307265
572.029872 749.427498
676.644472 746.561186
778.202217 743.905908
877.196779 741.181350
254.546360 844.825084
364.492034 840.722305
471.351221 836.650901
575.518093 832.723348
676.914203 828.820168
775.683361 825.079187
871.909354 821.445691
267.535504 926.095782
373.949239 920.992186
477.681791 915.971749
578.735506 911.180247
677.245545 906.393828
773.191947 901.743764
866.838379 897.286879
318.511625 218.306302
449.031787 228.916327
571.074809 238.709080
685.535246 248.056175
793.171854 256.869490
894.459308 264.992305
990.018672 272.718833
319.374178 340.286729
447.751433 346.700812
567.855239 352.788809
680.577196 358.414594
786.615122 363.758634
886.633375 368.705983
980.957236 373.444431
320.426145 458.108049
446.449614 460.684855
564.631383 463.022228
675.727184 465.294846
780.320886 467.435786
879.034325 469.306138
972.199199 471.200040
321.301370 571.970528
445.293963 570.854062
561.522092 569.794259
671.041007 568.871151
774.191547 567.980724
871.571389 567.004470
963.665045 566.267528
322.199942 681.887244
444.084051 677.415356
558.583769 673.167822
666.401663 669.280118
768.241645 665.499173
864.322914 661.989642
955.291372 658.598359
323.102747 788.363880
442.998593 780.734265
555.705892 773.486478
662.072507 766.733128
762.478930 760.246944
857.422037 754.199084
947.304865 748.444938
323.941709 891.319475
441.816019 880.703465
553.002528 870.596268
657.790106 861.254748
756.887776 852.260506
850.550585 843.784332
939.454336 835.832301
91.504347 24.256322
229.592788 33.997512
360.974518 41.811003
489.492695 50.402737
613.446118 58.236608
733.629338 65.894951
849.863716 73.167107
98.029738 153.302141
233.412581 159.814160
364.273983 166.183573
490.977231 172.269421
613.772353 178.164196
732.794592 183.881338
848.114738 189.501565
103.998330 279.224622
237.731831 283.634581
367.237427 287.906380
492.765426 292.055461
614.357597 296.070847
732.219820 299.879213
846.493764 303.676579
109.519273 402.649571
242.090516 404.985714
370.203371 407.274338
494.430086 409.511735
614.861767 411.685014
731.576516 413.725269
844.880633 415.814757
115.136537 523.523999
246.229415 523.975749
373.147134 524.401636
496.060107 524.815489
615.390643 525.140933
731.001542 525.576797
843.222531 525.899287
120.690388 642.172491
250.354682 640.716973
376.001066 639.349629
497.754662 637.995718
615.913518 636.575061
730.523828 635.287706
841.712566 634.045048
126.158988 758.417439
254.422541 755.140284
378.845875 751.927372
499.410325 748.946032
616.445963 745.892346
729.960229 742.984147
840.156525 740.266772
136.325493 207.956611
284.322510 216.880424
424.317796 225.289059
557.279169 233.337060
683.463046 241.041820
803.391933 248.195257
917.612343 255.063462
151.201229 337.075209
293.557581 342.334245
428.458046 347.402510
556.582818 352.045502
678.477516 356.505760
794.625691 360.711003
905.315954 364.767177
165.334057 457.021038
302.132664 459.053020
432.197346 460.910355
555.952979 462.725007
673.908189 464.449589
786.449320 466.011961
893.846710 467.518160
178.292943 568.607705
310.234486 567.779964
435.617588 566.980089
555.364402 566.269672
669.617671 565.558306
778.699939 564.756898
883.070335 564.160082
190.441284 672.501615
317.699986 669.358005
439.029525 666.164710
554.719769 663.234295
665.617556 660.363619
771.400833 657.701405
872.865737 655.055496
201.884916 769.839986
324.792680 764.498570
442.040144 759.319989
554.302190 754.401492
661.739117 749.605807
764.689576 745.131612
863.360121 740.836895
212.644322 860.946291
331.317681 853.691388
444.997934 846.711378
553.805710 840.148113
658.172243 833.729007
758.185745 827.582874
854.293367 821.782847
117.027296 278.280833
241.453644 280.521570
363.892458 282.678878
484.783670 284.953223
604.024471 287.093196
721.719751 289.208542
837.735154 291.339624
110.549429 394.899947
236.071173 396.301070
359.612746 397.743446
481.494236 399.220462
601.783931 400.582185
720.372239 401.956312
837.265261 403.331113
104.066933 513.509474
230.562269 514.096716
355.213432 514.741133
478.238498 515.377371
599.448800 515.940392
718.954257 516.444853
836.824370 517.083488
97.371627 634.146482
225.180761 633.833482
350.883958 633.587825
474.833636 633.375102
597.043170 633.106564
717.539543 632.851633
836.389257 632.677514
90.636560 756.731400
219.507904 755.545212
346.304208 754.502886
471.345783 753.367201
594.601618 752.205115
716.113672 751.168951
835.826471 750.144336
83.975612 881.516006
213.819056 879.365088
341.751670 877.408396
467.829634 875.414082
592.165624 873.382986
714.706097 871.425017
835.440485 869.510983
76.804982 1008.452375
207.983678 1005.273183
337.172136 1002.251463
464.341886 999.497502
589.641675 996.583203
713.209606 993.712317
834.974652 990.938264
242.423807 168.951163
363.831834 177.586990
479.714368 185.679295
590.589004 193.647214
696.761275 201.170138
798.603114 208.376783
896.258257 215.284673
232.792418 262.429969
358.128000 269.064998
477.750728 275.424132
591.972082 281.523326
701.263793 287.405701
805.826765 292.960034
905.986390 298.267131
222.411735 362.009947
352.045916 366.522654
475.520578 370.796901
593.464445 374.902713
705.926104 378.810528
813.456445 382.472943
916.391365 386.105349
211.299937 468.560926
345.697361 470.480295
473.356816 472.350859
594.915131 474.094202
710.850288 475.892697
821.545026 477.502665
927.383935 479.112442
199.468637 582.630657
338.679394 581.605887
470.738672 580.824475
596.483521 580.002148
716.148110 579.171522
830.149377 578.476211
938.928521 577.786819
186.845412 705.024613
331.178701 700.735303
468.287193 696.815822
598.216745 693.008871
721.823694 689.369234
839.361146 685.992979
951.403926 682.718002
173.105613 836.731353
323.233849 828.730725
465.537924 821.040290
600.093832 813.883150
727.814078 807.007433
849.099632 800.560530
964.510604 794.435036
1085.563311 462.982421
1193.401806 461.825352
1305.209193 460.779342
1421.366843 459.611926
1541.732169 458.511330
1666.836902 457.258273
1796.922389 455.959644
1090.918814 557.888862
1195.609157 558.562220
1303.957053 559.249687
1416.326863 559.922762
1532.645824 560.578994
1653.478942 561.338647
1778.786261 562.165749
1096.078750 647.381492
1197.657611 649.481158
1302.797211 651.659560
1411.542852 653.883461
1524.200664 656.319278
1640.982060 658.677755
1762.013054 661.289778
1100.866107 731.656814
1199.639296 735.081862
1301.630523 738.679992
1407.153811 742.386998
1516.278170 746.156726
1629.162126 750.108292
1746.205253 754.153070
1105.497896 811.231852
1201.527587 815.876392
1300.652800 820.651674
1403.008368 825.545966
1508.854725 830.699886
1618.224999 835.992067
1731.389159 841.441067
1109.794146 886.609397
1203.256867 892.302709
1299.615120 898.113081
1399.068168 904.119255
1501.726396 910.373623
1607.842733 916.862602
1717.402683 923.572025
1113.946688 957.974614
1204.893223 964.525472
1298.667021 971.303721
1395.384336 978.375743
1495.071140 985.613480
1598.057698 993.037569
1704.404613 1000.837092
1124.972828 140.282632
1216.672933 134.663366
1311.132789 128.978065
1408.666757 123.242176
1509.084717 117.203285
1612.932991 111.038177
1720.166139 104.634382
1120.648953 213.788365
1214.611867 209.259148
1311.573132 204.549782
1411.681539 199.829237
1514.997656 194.867273
1621.706320 189.847425
1732.048749 184.631209
1115.931767 291.310680
1212.385242 287.861256
1311.935890 284.394535
1414.843268 280.776973
1521.108961 277.099738
1631.024893 273.190569
1744.845059 269.348955
1111.031559 372.963509
1210.063220 370.746303
1312.415924 368.617091
1418.198665 366.293635
1527.596534 363.961820
1640.889108 361.619761
1758.232882 359.080254
1105.894922 459.226914
1207.621518 458.414418
1312.768864 457.748149
1421.768797 456.926409
1534.502096 456.145437
1651.398604 455.308103
1772.468060 454.514680
1100.488441 550.414038
1204.898868 551.253138
1313.371348 552.208833
1425.472388 553.041764
1541.785737 554.074567
1662.521295 555.052040
1787.755571 556.078148
1094.633421 647.031328
1202.203403 649.584480
1313.806510 652.285447
1429.579453 655.146611
1549.568349 658.117229
1674.365090 661.185671
1804.053571 664.368067
1086.462008 234.642952
1168.584972 227.075734
1255.163760 219.181187
1346.758588 210.913274
1443.599758 202.091751
1546.343083 192.784706
1655.344318 182.908807
1074.371059 306.188925
1158.013422 300.503941
1246.300518 294.455842
1339.897250 288.155667
1438.980527 281.391578
1544.130405 274.302660
1655.936529 266.786723
1061.680473 381.117915
1146.953321 377.339724
1237.080539 373.445880
1332.682379 369.228945
1434.060839 364.862034
1541.776143 360.125967
1656.653103 355.267612
1048.445634 459.455522
1135.382494 457.819577
1227.433760 456.240445
1325.045513 454.471571
1428.857440 452.606240
1539.380145 450.744455
1657.263294 448.617109
1034.624251 541.593472
1123.282641 542.320671
1217.140646 543.273865
1317.139502 544.163840
1423.408182 545.137571
1536.884714 546.177989
1657.964790 547.399894
1020.095381 627.669861
1110.378884 631.078742
1206.505793 634.796544
1308.616307 638.627995
1417.624647 642.862451
1534.098988 647.271323
1658.715639 652.074304
1004.795009 718.076953
1097.011623 724.330773
1195.173808 731.089396
1299.850965 738.328541
1411.491944 745.986726
1531.272598 754.258969
1659.610737 763.147072
1148.413504 257.574171
1239.271441 251.992036
1334.114525 246.236476
1433.404350 240.289999
1537.167733 234.029447
1646.164082 227.468112
1760.440075 220.575554
1140.711796 333.978010
1233.639825 330.055608
1330.828125 325.914354
1432.675568 321.664237
1539.340326 317.138177
1651.286521 312.486332
1768.913870 307.582004
1132.571927 414.331338
1227.774845 412.092488
1327.428341 409.851651
1431.954971 407.466043
1541.551215 405.023764
1656.725733 402.338631
1778.019182 399.720149
1124.103332 498.836693
1221.616643 498.510067
1323.864161 498.333594
1431.148763 498.044100
1543.838333 497.817234
1662.500623 497.646693
1787.537721 497.313460
1115.166300 587.860537
1215.153250 589.675047
1319.945098 591.803175
1430.361836 593.863678
1546.289815 596.162441
1668.774263 598.521796
1797.718067 601.093791
1105.752356 681.737974
1208.138937 686.049482
1315.996545 690.666653
1429.343373 695.385389
1548.885927 700.557996
1675.254302 705.915785
1808.611805 711.547604
1095.730811 780.911214
1200.882374 787.884055
1311.655383 795.272003
1428.562499 803.109128
1551.659875 811.421121
1682.116068 820.154344
1820.227479 829.425453
1151.661420 377.888083
1257.019507 375.523558
1366.030060 373.212823
1479.071568 370.795618
1596.135893 368.341184
1717.673602 365.739038
1843.770193 363.083493
1151.223817 479.482043
1256.431225 479.005537
1365.431058 478.452430
1478.300560 477.959018
1595.180360 477.400732
1716.565016 476.872342
1842.615455 476.398803
1150.746808 581.048641
1255.833286 582.297981
1364.773012 583.576915
1477.451042 584.901976
1594.288434 586.387121
1715.507301 587.744671
1841.573399 589.355766
1150.328905 682.303975
1255.364832 685.275360
1364.070117 688.438752
1476.653322 691.676217
1593.383170 695.010597
1714.402881 698.494207
1840.024375 702.045292
1149.957077 783.405227
1254.831016 788.129603
1363.398027 793.067411
1475.879151 798.158742
1592.445582 803.534061
1713.413000 809.012038
1838.832087 814.753622
1149.537604 884.336701
1254.270894 890.845388
1362.774754 897.570957
1475.031820 904.565919
1591.434378 911.872225
1712.315883 919.386658
1837.632552 927.155962
1149.136771 985.008109
1253.713401 993.251997
1362.065377 1001.769862
1474.287537 1010.680044
1590.448748 1019.682661
1711.171440 1029.301095
1836.631917 1039.568993
1079.419677 257.392111
1185.880109 250.182731
1298.003503 242.781787
1416.545619 234.897895
1541.577334 226.636654
1673.838602 217.812737
1814.115876 208.491331
1089.400865 358.392884
1192.968133 354.155575
1301.790004 349.643442
1416.589423 344.857776
1537.495217 339.761407
1665.290634 334.469951
1800.459321 328.897375
1098.955604 453.851018
1199.680473 451.988073
1305.493896 450.018595
1416.686704 447.929860
1533.834213 445.861995
1657.333673 443.543284
1787.794395 441.187655
1107.882226 543.854789
1205.980532 544.188517
1308.823275 544.602662
1416.876145 545.046995
1530.445106 545.396230
1649.891547 545.842011
1775.864781 546.273236
1116.457376 628.985651
1212.014206 631.340856
1312.122493 633.771484
1417.019148 636.286228
1527.238858 639.002765
1642.988855 641.829554
1764.771617 644.779156
1124.467983 709.737248
1217.670295 713.885405
1315.101052 718.109842
1417.110213 722.544904
1524.068666 727.285685
1636.425569 732.179458
1754.307600 737.366959
1132.143055 786.338000
1222.981479 791.944971
1317.919652 797.821290
1417.270730 804.042188
1521.189068 810.558628
1630.203132 817.315052
1744.582150 824.500364
1191.859841 73.530336
1304.214261 69.070207
1418.760234 64.748766
1535.861521 60.321157
1655.090737 55.536227
1777.161374 51.002885
1903.001512 45.893179
1190.901119 184.376745
1302.238608 181.212952
1415.730513 177.940498
1531.595931 174.616787
1649.749292 171.160742
1770.496253 167.746721
1892.618445 164.173822
1190.004195 293.410769
1300.254927 291.272127
1412.747501 289.106955
1527.461454 286.908897
1644.516297 284.768517
1764.042542 282.373585
1886.799777 280.479868
1189.064967 400.402000
1298.348138 399.319233
1409.755546 398.251353
1523.404752 397.235687
1639.345072 396.144784
1757.666476 395.039912
1877.874553 393.812697
1188.200281 505.463557
1296.464682 505.419208
1406.814210 505.461396
1519.386961 505.469684
1634.332557 505.552526
1751.502950 505.558475
1871.301811 505.318392
1187.267749 608.774844
1294.567820 609.802564
1403.949051 610.859553
1515.440180 611.908332
1629.246403 613.033740
1745.437076 614.117572
1864.076340 615.334790
1186.400984 710.230473
1292.663016 712.192610
1401.129136 714.199045
1511.661527 716.370103
1624.375773 718.521914
1739.340214 720.603650
1856.948693 722.954415
