559.060174 260.987546
635.338499 252.214661
716.802237 243.152439
803.898117 233.717651
896.961176 223.900088
996.595281 213.807695
1103.023888 203.395010
558.342463 354.350963
634.718353 348.658913
716.246551 342.691145
803.446707 336.577488
896.791199 330.158291
996.672413 323.651688
1103.435037 317.051929
557.897926 448.401559
634.302624 445.689805
715.861398 442.966828
803.178703 440.107845
896.645720 437.292114
996.630035 434.377461
1103.604838 431.601478
557.678346 542.617781
634.091199 542.952614
715.651834 543.522081
802.981190 544.149943
896.489253 544.823060
996.544348 545.725184
1103.527073 546.713928
557.735859 636.969308
634.143906 640.409319
715.708431 644.169187
803.006637 648.147006
896.341920 652.518374
996.343834 657.071234
1103.203838 662.028499
557.965994 731.265375
634.260532 737.776131
715.922308 744.751256
802.981298 752.154198
896.217662 760.019488
996.026596 768.246923
1102.641035 776.997624
558.469306 825.259199
634.731263 834.753977
716.154847 844.834630
803.198222 855.591271
896.145156 866.893200
995.688651 878.784297
1101.925639 891.381652
896.347962 197.120809
1001.883945 207.971239
1100.735184 218.438953
1193.339300 228.731796
1280.128347 238.646307
1361.471060 248.106665
1437.707743 257.254788
895.716080 310.849111
1001.594173 318.084168
1100.764832 325.243297
1193.583704 332.202441
1280.541138 338.977000
1362.001385 345.438014
1438.327311 351.704448
895.109046 425.573531
1001.147160 429.233173
1100.505411 432.839645
1193.530418 436.483122
1280.581175 440.001506
1362.128706 443.297604
1438.560792 446.686783
894.459471 540.981934
1000.655094 540.922147
1100.074621 541.003837
1193.154745 541.161064
1280.273993 541.446071
1361.852610 541.681641
1438.372400 542.103085
893.863067 656.520765
1000.000766 652.807223
1099.376079 649.355581
1192.409844 646.128292
1279.663637 643.029038
1361.213824 640.283179
1437.693743 637.587775
893.349827 771.900188
999.302719 764.578117
1098.503917 757.645934
1191.533714 751.062297
1278.632123 744.645220
1360.305517 738.684623
1436.794984 733.131037
892.832058 886.704776
998.418717 875.777097
1097.550218 865.258042
1190.364406 855.452158
1277.424740 845.867522
1358.939910 836.870524
1435.423960 828.400134
639.095866 72.370682
733.801798 67.617058
830.568553 63.127480
929.311493 59.139715
1029.852434 55.392719
1132.045180 52.140947
1235.541315 49.368529
627.166588 154.746914
724.130459 150.685921
823.283210 146.889398
924.530488 143.481174
1027.766945 140.393067
1132.636901 137.752180
1238.940476 135.583865
614.717750 241.687104
713.996461 238.395366
815.617530 235.397179
919.519489 232.691463
1025.425411 230.379837
1133.096371 228.355548
1242.304551 226.870723
601.873921 333.294055
703.483109 330.915669
807.619237 328.855540
914.113923 326.993381
1022.831244 325.515518
1133.445946 324.358666
1245.560774 323.524894
588.651097 429.831488
692.590511 428.578992
799.129705 427.623992
908.507918 426.747738
1020.004220 426.181705
1133.557221 425.838309
1248.642586 425.823129
574.992223 531.499681
681.188842 531.561715
790.520365 531.834752
902.444447 532.129671
1016.880309 532.656331
1133.445473 533.218029
1251.619024 534.027621
560.907906 638.371304
669.692788 639.805488
781.462077 641.371588
896.190470 643.135163
1013.452522 644.793085
1133.011847 646.493647
1254.301324 648.194164
663.174542 376.831484
785.363688 377.375187
906.276513 378.305225
1025.608734 379.670482
1142.781121 381.340791
1257.457418 383.101761
1369.464879 385.241947
668.576532 487.677650
786.736186 487.711061
903.649016 488.005135
1019.052329 488.453363
1132.455073 489.016108
1243.632681 489.724383
1352.257714 490.703075
674.031914 591.555010
788.131082 591.095841
901.192794 590.684496
1012.820232 590.349195
1122.662567 590.127234
1230.376574 589.765664
1335.706264 589.670926
679.234625 688.654043
789.583711 687.749039
898.864739 686.775315
1006.914071 685.887737
1113.261779 684.839257
1217.642480 683.689026
1319.853821 682.697064
684.326482 779.390377
791.090699 778.113857
896.819373 776.630029
1001.272609 775.123008
1104.324318 773.472822
1205.437641 771.827781
1304.672161 769.996746
689.103065 864.434726
792.540177 862.705714
894.813317 860.829512
996.043829 858.815118
1095.775450 856.601014
1193.958046 854.333498
1290.302250 851.974357
693.750627 944.108142
793.800657 941.944385
892.990740 939.617032
991.042269 937.232086
1087.732976 934.589439
1182.970045 931.808471
1276.529287 928.982363
677.704091 148.526156
771.017745 144.743502
866.206101 141.210017
963.265986 138.133865
1061.979464 135.316009
1162.285374 132.878336
1263.706075 130.884415
663.914056 225.737702
759.926019 222.572481
858.071977 219.632166
958.207781 217.112890
1060.199823 214.889968
1163.694081 213.017953
1268.475374 211.538744
649.263726 308.154605
748.182920 305.702873
849.330041 303.556927
952.799907 301.682881
1058.090525 300.152383
1164.991283 298.867955
1273.359219 298.054481
633.905008 396.083827
735.792772 394.530870
840.173472 393.286131
946.878009 392.190535
1055.688992 391.431320
1166.274479 390.992652
1278.287453 390.773944
617.774525 490.028900
722.711747 489.549311
830.264910 489.405805
940.623598 489.277219
1053.011837 489.383063
1167.390333 489.701273
1283.220863 490.274461
600.820576 590.246677
708.828403 591.095428
820.025230 592.152950
933.786497 593.240143
1050.003033 594.437800
1168.347548 595.640202
1288.267788 596.992316
582.960026 697.211396
694.475068 699.516334
809.049900 701.919163
926.576626 704.395412
1046.637910 706.756924
1169.026359 709.106567
1293.094384 711.383961
636.493047 374.430663
752.297451 373.685511
869.007521 373.249709
986.546738 373.239132
1104.221575 373.561773
1221.594594 374.138735
1338.401778 375.052308
641.770002 487.563185
755.736057 487.313040
870.627048 487.300006
986.183603 487.495500
1101.942140 487.788947
1217.446773 488.259635
1332.336927 489.000085
647.254640 597.262503
759.278899 597.449963
872.222923 597.740272
985.822984 598.074067
1099.598106 598.466906
1213.097608 598.793041
1326.065808 599.372237
652.778654 703.206125
762.872692 703.815014
873.744624 704.435123
985.326395 705.007667
1097.079856 705.408034
1208.587861 705.706053
1319.596493 706.048871
658.342247 805.446976
766.480008 806.373335
875.368815 807.199882
984.818437 807.856801
1094.491950 808.397429
1203.951110 808.749124
1312.964013 808.904433
663.818351 903.971006
770.011870 905.160707
876.844315 906.190926
984.283997 907.011023
1091.872169 907.544114
1199.335427 907.872409
1306.349090 908.005388
669.265790 998.585802
773.466701 999.995694
878.365233 1001.181527
983.773679 1002.200647
1089.277558 1002.788550
1194.632644 1003.105908
1299.647437 1003.159449
306.586032 444.456513
434.790564 446.273819
556.287381 448.200514
671.222463 450.300227
779.822578 452.451899
882.350535 454.555517
979.125873 456.788883
308.252626 553.920285
432.470571 552.656859
550.400644 551.698495
662.065550 550.763123
767.779466 550.016918
867.851955 549.339397
962.412489 548.850799
310.467168 656.669093
430.625873 652.725286
545.056572 648.955994
653.672085 645.474990
756.574628 642.183321
854.146854 639.018030
946.522608 636.129132
312.791367 753.073079
429.320641 746.717721
540.201472 740.601206
645.873719 734.816720
746.141736 729.307883
841.213004 723.959246
931.468061 718.908145
315.398035 843.398824
428.311890 835.044601
536.000555 826.840830
638.574257 819.051654
736.329105 811.439307
828.976819 804.262567
917.168484 797.245984
318.143766 928.308302
427.636382 918.135189
532.061273 908.179269
631.927686 898.574482
727.004466 889.154712
817.542466 880.158025
903.686497 871.525381
321.104979 1007.900466
427.123478 996.177185
528.607710 984.639056
625.651766 973.523668
718.312543 962.617778
806.588138 952.067966
890.768095 941.966605
192.639807 357.453779
316.676657 358.477109
438.758800 359.837054
558.714579 361.531054
676.081276 363.477651
790.505520 365.523062
901.960424 367.879910
207.870312 467.012303
327.996000 467.019284
446.205379 467.296790
562.286217 467.671534
675.900240 468.199122
786.894231 468.836160
895.033497 469.728201
222.942889 570.005618
339.044173 569.020978
453.478963 568.125975
565.948175 567.354004
676.046233 566.728478
783.619636 566.086989
888.524478 565.659153
237.385838 666.609674
349.898546 664.699597
460.586429 662.857278
569.572091 661.120251
676.357567 659.376075
780.607297 657.638463
882.441160 656.105699
251.469751 757.129531
360.390641 754.569818
467.712748 751.831415
573.182833 749.181204
676.805203 746.473208
777.886046 743.924526
876.702441 741.259626
265.014593 842.245883
370.537212 838.957767
474.455129 835.505695
576.843494 832.063567
677.233082 828.492108
775.478640 824.944744
871.429372 821.414780
278.179339 922.087009
380.319338 918.148631
481.126317 914.055172
580.371044 909.951803
677.797488 905.643475
773.111154 901.266869
866.381464 896.953537
329.929368 227.097700
455.457097 235.218250
574.443854 243.200544
687.113146 251.243192
793.695242 259.196222
894.289724 266.911451
989.282253 274.581153
328.776513 345.607515
452.679956 350.287449
570.202711 355.103940
681.466288 359.852325
786.753885 364.591199
886.368712 369.232012
980.443196 373.932879
328.417946 461.099833
450.379914 462.589792
566.288394 464.141856
676.153292 465.837392
780.147284 467.581404
878.658345 469.281114
971.738108 471.157990
328.524785 573.276057
448.676959 571.648620
562.796925 570.231890
671.189615 569.015256
773.851336 567.938058
871.127931 566.886779
963.220567 566.146411
329.191745 681.859112
447.333135 677.442365
559.785694 673.194614
666.543861 669.271434
767.871837 665.478046
863.823433 661.985902
954.826734 658.598783
330.289292 787.039710
446.458090 779.965274
557.052049 773.097766
662.331948 766.582000
762.202003 760.235241
856.911268 754.258082
946.762117 748.497821
331.783968 888.500592
445.838866 878.939257
554.747148 869.572680
658.308852 860.718105
756.767808 852.002242
850.101828 843.677798
938.815798 835.739407
123.079271 48.474660
249.669056 52.679560
374.529623 57.070032
497.506656 62.264472
617.981125 67.895270
735.728165 73.997437
850.385109 80.559996
124.226868 169.761014
250.437160 172.572121
374.801243 175.872257
497.075803 179.601604
617.057409 183.756550
734.280381 188.243590
848.413515 193.148919
126.583096 290.083670
251.892764 291.754987
375.526560 293.795092
497.224531 296.185080
616.476634 298.906287
732.976121 301.778086
846.478694 305.027049
129.545001 409.269796
254.147800 409.773537
376.875519 410.578197
497.688958 411.634550
616.150295 412.927100
731.823324 414.325890
844.616529 416.032366
133.404990 526.928188
256.973108 526.405543
378.782643 525.995287
498.602048 525.742801
616.143624 525.599764
730.864328 525.666000
842.805636 525.798286
137.929189 642.895877
260.395865 641.261236
381.146787 639.690878
499.930372 638.195557
616.451701 636.655898
730.282692 635.258607
841.207604 633.964390
143.163984 756.677997
264.395156 753.979718
384.003546 751.181654
501.646814 748.535080
617.053826 745.690986
729.775863 742.924424
839.631921 740.275204
158.230818 220.968134
297.371780 226.369875
431.589716 232.043586
560.970073 238.085653
685.112061 244.378520
803.844325 250.664139
917.283728 257.159964
169.475253 345.077131
304.005932 347.932535
433.924318 351.147867
559.101478 354.454479
679.398562 357.970043
794.711884 361.513725
905.013841 365.306378
181.022897 461.550207
310.849898 462.140826
436.514039 462.892604
557.760256 463.861272
674.325890 464.983446
786.240981 466.130006
893.460906 467.461944
192.329898 570.636935
317.884157 569.150673
439.278886 567.826804
556.739701 566.725105
669.793446 565.710759
778.355194 564.698111
882.602624 564.036284
203.500456 672.610762
324.853655 669.468413
442.426225 666.258727
555.986074 663.283003
665.742530 660.362863
771.024535 657.666445
872.371976 655.043993
214.485056 768.245558
331.820201 763.473267
445.485559 758.713485
555.655467 754.097563
661.979593 749.480372
764.389329 745.125208
862.847880 740.899285
225.225394 857.706104
338.586569 851.528825
448.723795 845.323670
555.444366 839.337228
658.642045 833.318314
758.044138 827.414809
853.821205 821.735323
138.686452 288.901736
255.438463 288.685533
372.360978 288.738408
489.490100 289.323805
606.363350 290.158686
722.625014 291.339000
837.801914 292.900710
130.576804 401.746865
248.532885 401.398323
366.740618 401.314181
485.100477 401.587361
603.297182 402.033758
720.689802 402.707082
837.049894 403.651326
123.148215 517.248647
242.141549 516.803288
361.497530 516.578787
481.144109 516.482374
600.397559 516.507868
718.877842 516.603283
836.380375 516.999824
116.222065 635.066203
236.450571 634.518906
356.852286 634.052986
477.452044 633.625769
597.776637 633.204141
717.340857 632.815157
835.842525 632.598800
110.132620 754.846648
231.171783 754.246711
352.569586 753.632068
474.149700 752.830506
595.421017 751.951344
715.981525 751.061469
835.303456 750.163952
104.607380 876.434795
226.443012 875.713219
348.807379 874.893435
471.207073 873.822101
593.377569 872.462448
714.797153 870.922267
834.988157 869.221263
100.218383 999.021702
222.346822 998.619075
345.725982 997.278881
468.832028 996.055830
591.619021 994.212101
713.678691 992.028583
834.539522 989.609238
258.717577 181.073956
374.136970 186.851919
485.944016 192.701877
594.133551 198.985756
698.618383 205.274780
799.346254 211.661497
896.187742 218.149623
247.637391 271.309790
367.031648 275.549787
482.766742 280.052128
594.565260 284.797782
702.445316 289.670095
806.162484 294.546956
905.800272 299.550750
236.122480 368.144382
359.827469 370.778576
479.545907 373.633863
595.303976 376.687444
706.524163 379.822822
813.429876 382.976375
916.065580 386.415507
224.316050 472.327447
352.654455 472.982732
476.618998 473.897806
596.131294 474.928214
710.993395 476.197694
821.297679 477.476663
927.002413 479.002491
212.293492 584.294893
345.251701 582.703211
473.567281 581.455757
597.340092 580.280365
716.016922 579.199013
829.712238 578.358154
938.498106 577.648868
200.138759 704.526225
337.847607 700.475852
471.032746 696.699975
598.956271 692.963397
721.621877 689.342573
838.854055 685.984738
950.875200 682.691157
187.698390 833.632193
330.707111 826.821202
468.681098 819.971622
601.048843 813.376166
727.762760 806.816112
848.608782 800.537083
963.813079 794.365604
1084.690503 463.136772
1191.644315 462.339579
1301.666784 461.839181
1414.713051 461.460003
1530.259121 461.338917
1648.230538 461.298246
1768.434440 461.482052
1090.208707 557.820840
1194.113160 558.577685
1300.830469 559.512648
1410.362466 560.516360
1522.286057 561.598222
1636.609038 562.854881
1752.897041 564.256359
1095.351151 647.276437
1196.196339 649.291389
1299.787573 651.382961
1405.907431 653.560457
1514.419401 655.915102
1625.133510 658.182408
1737.769152 660.647580
1100.002020 731.509266
1197.974623 734.684693
1298.446836 737.924386
1401.421817 741.257815
1506.654014 744.545703
1613.857958 747.842520
1722.960208 751.168506
1104.385537 810.886584
1199.537420 815.131774
1297.123335 819.342543
1396.968019 823.563906
1499.020748 827.836654
1602.911377 832.067103
1708.577990 836.222719
1108.332452 885.847148
1200.834210 891.017785
1295.544333 896.091781
1392.489741 901.169550
1491.432516 906.201171
1592.271835 911.216837
1694.684778 916.203678
1112.126979 956.575761
1201.929713 962.463619
1293.956435 968.301622
1388.110055 974.201596
1484.153738 979.966284
1581.939316 985.586614
1681.341569 991.243952
1122.100915 146.134667
1211.988362 141.717847
1303.924289 137.522506
1397.887108 133.676069
1493.639667 130.047443
1591.241283 126.743388
1690.375437 123.702134
1118.387184 217.478907
1210.790559 213.900466
1305.454041 210.488855
1402.214764 207.438143
1500.977132 204.594629
1601.500828 202.076132
1703.660595 199.807983
1114.234805 293.320594
1209.353217 290.645056
1306.795993 288.235588
1406.601198 286.044288
1508.343435 284.118642
1612.026675 282.312033
1717.489951 280.955220
1109.809297 373.841888
1207.690464 372.174996
1308.134356 370.851559
1410.898857 369.635400
1515.855768 368.671083
1622.849979 367.953303
1731.660987 367.394766
1104.986519 459.445563
1205.735572 458.975002
1309.109346 458.833456
1415.179681 458.768319
1523.412600 458.913922
1633.888701 459.221679
1746.155802 459.765781
1099.743829 550.343337
1203.314389 551.308196
1310.035852 552.514666
1419.249784 553.719235
1531.011474 555.163380
1645.095741 556.692437
1761.105329 558.350224
1093.907421 646.938480
1200.667053 649.382235
1310.576540 651.984428
1423.333333 654.783178
1538.632519 657.624342
1656.408014 660.569606
1776.250265 663.545074
1084.763231 237.598740
1165.752926 230.833684
1250.651290 224.006086
1339.696073 217.159365
1432.947706 210.194166
1530.614984 203.224175
1632.634667 196.267534
1073.177547 307.748033
1155.915888 302.622074
1242.785843 297.406490
1334.070054 292.260262
1429.845464 287.023891
1530.136964 281.821022
1635.157258 276.661475
1060.841334 381.721837
1145.434256 378.345619
1234.344455 375.036477
1327.955967 371.660732
1426.195065 368.439397
1529.268148 365.140247
1637.411335 362.074090
1047.869458 459.523548
1134.283529 458.117160
1225.306529 456.901769
1321.124923 455.671842
1422.015549 454.584243
1528.017593 453.671977
1639.294883 452.789584
1034.152297 541.479458
1122.430036 542.309476
1215.439793 543.377357
1313.784372 544.540192
1417.234133 545.891440
1526.270115 547.418983
1640.762989 549.235285
1019.635779 627.583698
1109.613004 630.967941
1204.968845 634.613327
1305.539919 638.416524
1411.793668 642.603079
1523.874250 646.960727
1641.777325 651.659434
1004.261914 718.084973
1096.191715 724.200411
1193.570590 730.701073
1296.692112 737.583412
1405.613468 744.794978
1520.843987 752.415053
1642.201213 760.377615
1146.113620 260.442117
1235.417685 255.819973
1327.955757 251.305392
1423.815185 246.995892
1522.817400 242.765588
1625.193305 238.679553
1730.615951 234.758896
1139.039813 335.487095
1230.638984 332.247407
1325.735536 329.091230
1424.336671 326.167302
1526.356147 323.287590
1631.736647 320.610066
1740.422416 318.087679
1131.355707 414.912440
1225.427628 413.169369
1323.156370 411.635176
1424.645743 410.208218
1529.640884 408.949096
1638.230673 407.726225
1750.434608 406.877545
1123.212963 498.920634
1219.731658 498.850195
1320.192278 499.105780
1424.526070 499.394620
1532.663484 499.896712
1644.697811 500.608443
1760.436598 501.382507
1114.416996 587.778864
1213.506363 589.637743
1316.621781 591.866594
1424.106809 594.113110
1535.458832 596.622536
1651.081463 599.255660
1770.385456 602.119750
1104.952109 681.609194
1206.493355 685.758765
1312.672515 690.153889
1423.067582 694.643240
1537.911430 699.425820
1657.143280 704.314244
1780.381755 709.366825
1094.751006 780.668960
1198.993745 787.264067
1308.007250 794.067719
1421.805032 801.194202
1539.987797 808.475605
1662.855046 815.908873
1790.157262 823.537869
1149.992945 378.937684
1253.845922 377.278082
1360.375747 375.932233
1469.438558 374.807740
1580.782232 373.895714
1694.240103 373.176028
1809.572305 372.722570
1149.971611 479.756206
1253.870514 479.638459
1360.576685 479.676899
1469.744210 479.952338
1581.163711 480.326409
1694.783098 480.891519
1810.195833 481.657348
1149.686794 580.990571
1253.595156 582.328660
1360.322128 583.809190
1469.491520 585.380683
1580.964740 587.168328
1694.567406 588.885911
1810.098198 590.907768
1149.207872 682.119582
1253.060499 684.882567
1359.627721 687.855666
1468.734677 690.870553
1580.174417 693.891173
1693.649135 696.967284
1809.031899 700.102189
1148.562594 782.976418
1252.185241 787.267391
1358.556089 791.622315
1467.526233 796.000051
1578.748339 800.428602
1692.110414 804.799396
1807.274898 809.156107
1147.663814 883.378104
1251.021202 889.203101
1357.128655 894.988293
1465.772194 900.766370
1576.707128 906.496091
1689.846019 912.135366
1804.804598 917.708413
1146.670700 983.039975
1249.590094 990.295963
1355.344413 997.474399
1463.687185 1004.719714
1574.239315 1011.712271
1686.851082 1018.376448
1801.570734 1025.612732
1077.801553 259.866378
1182.850299 253.589641
1292.638351 247.534424
1407.343857 241.548178
1526.638828 235.781337
1650.499265 230.121229
1778.984907 224.667539
1088.213614 359.355431
1190.671920 355.707757
1297.543299 352.130497
1409.000170 348.667237
1524.819168 345.292515
1645.048135 342.129061
1769.532010 339.196270
1098.037716 454.069856
1197.826393 452.573384
1301.899351 451.161238
1410.165942 449.890445
1522.626031 448.865546
1639.221195 447.841506
1759.883362 447.076283
1107.118674 543.801915
1204.376799 544.259734
1305.570797 544.944890
1410.870484 545.762049
1520.103245 546.616523
1633.182226 547.634231
1750.071883 548.797708
1115.659171 628.861071
1210.399040 631.159121
1308.943420 633.563047
1411.215993 636.090355
1517.311907 638.808877
1626.995719 641.637939
1740.255113 644.557736
1123.501850 709.558775
1215.855525 713.479992
1311.707685 717.431153
1411.165225 721.555506
1514.172018 725.851829
1620.721120 730.204302
1730.533364 734.733681
1130.948643 785.985736
1220.839214 791.213488
1314.158402 796.586611
1410.945452 802.203649
1510.996667 807.892569
1614.341356 813.638030
1720.900002 819.581175
1186.863648 82.809517
1296.027098 80.200820
1406.206539 78.185546
1517.243857 76.716649
1628.716398 75.687056
1740.450700 75.052358
1852.188069 75.124727
1187.198214 189.580149
1295.914387 187.820385
1405.641976 186.434817
1516.148598 185.532294
1627.073912 184.992679
1738.291771 184.851070
1849.431551 185.088274
1187.299067 295.938594
1295.387075 294.881261
1404.560977 294.174352
1514.455719 293.789517
1624.785864 293.787272
1735.326035 293.893285
1845.922408 294.460599
1187.078031 401.392083
1294.523649 401.009045
1402.964031 400.941453
1512.176367 401.149235
1621.831979 401.498455
1731.685883 402.070685
1841.516216 402.862956
1186.635959 505.687158
1293.277231 506.039336
1400.945373 506.591894
1509.335942 507.277336
1618.294697 508.130644
1727.391593 509.085984
1836.388883 510.139254
1185.857305 608.646507
1291.664873 609.743973
1398.457482 610.907980
1506.011328 612.110895
1614.060745 613.382144
1722.418983 614.657842
1830.646865 616.061343
1184.874110 709.941951
1289.681327 711.636268
1395.629098 713.341807
1502.276135 715.174155
1609.419353 716.878695
1716.723226 718.482753
1824.154814 720.217330
