-30.55092584977423 -13.94077895246751 79.33258898060562
-25.10374937968196 -31.44606429049256 93.04584385288800
-10.26461790344090 -13.85067460006579 63.72973871190314
-14.16144155545051 -31.25339584665982 78.00357920165384
-24.74381284777501 -34.80943652876653 85.82192184337620
-22.13509418286650 -14.45298004229888 69.33201588239889
-40.85279408008515 -13.81814338465896 64.16314354482755
-43.15976977387317 -26.46368225707285 72.48063562193090
-44.78817576403964 -30.93329288423406 78.19866174025904
-49.51026655681302 -27.15675178501099 63.44218155281892
-41.59237670767072 -23.85069654773686 58.26470453530099
-47.77544777057162 -19.19309578733910 69.16229118423630
-43.30890857534203 -23.71189571943463 70.92318657465773
-1.03144050039702 -13.47228180162447 81.42356658692468
2.09848571570184 -26.08613370061234 89.59071951726226
4.34674338797979 -30.43514435646367 95.13747205983915
7.18244357670935 -23.03092812073672 93.35667081419973
5.91978209755715 -15.53318383660262 81.76408598062969
1.25971293975918 -25.15079188886827 78.56456715765616
7.19643784011163 -31.72209311466379 75.55164519398912
