-1.90382661860414 -1.77726010976535 0.11078012501640 
-1.99925428600878 -2.15730288832062 0.78076296741184 
2.03742773069032 2.12932949356068 0.64924154919446 
1.93055425276497 1.81803140692905 0.08868496807951 
2.08471598592429 2.07589061278372 -0.12236518664006 
-2.05812559320206 -2.03582391553337 -0.09628175962734 
-2.01790419619793 -2.15035196821300 -0.76023511610114 
2.06639596588035 2.07283788417155 0.31306311026347 
1.96710108149774 1.88512843573327 -0.01263371475495 
-2.15810288907988 -2.20507824471371 -0.44446033837111 
-2.01807251033508 -2.14967826210947 -0.76052723422892 
2.13325540824038 2.13265479378597 -0.01383777941404 
1.92865027577495 1.81919307159664 -0.11351680466975 
-1.87563176568370 -1.70876880299248 0.01029852417323 
-1.96998148246264 -1.97720591339823 0.43247616146723 
2.03262651680672 2.24713313486682 -0.91777654018221 
2.03024343128663 2.19425254877378 -0.79247624393953 
-2.08988856326757 -2.09808092363348 0.22939130920231 
-1.90764445195501 -1.77647226742349 -0.09015494107866 
-2.05609062895949 -2.03684919229281 0.11797499438208
