508.178222 403.870734
586.426541 399.263530
670.298998 394.630906
760.426386 389.720266
857.173782 384.691446
961.238077 379.521447
1073.021260 374.252291
529.310036 497.778295
606.831917 496.552727
689.680015 495.326130
778.558980 494.141789
873.914340 492.824228
976.271091 491.674078
1086.028987 490.641459
550.015584 588.473760
626.660162 590.177679
708.549765 592.095782
796.147848 594.159958
890.038587 596.528819
990.560008 598.957677
1098.148564 601.692270
570.097407 675.636133
645.929496 680.116606
726.757015 685.008168
813.106644 690.273646
905.471404 695.685157
1004.158913 701.456866
1109.483754 707.589184
589.661958 759.553892
664.651221 766.615794
744.478124 774.072463
829.506013 781.942944
920.232364 790.304763
1017.031822 799.056231
1120.163773 808.302926
608.554546 840.260153
682.622936 849.599454
761.370456 859.420265
845.087536 869.724559
934.275064 880.619390
1029.202054 892.036745
1130.120076 904.059428
626.902040 917.756896
700.025726 929.067444
777.598994 940.978237
860.092121 953.560879
947.695400 966.727586
1040.762143 980.478704
1139.539768 994.975797
635.177500 165.717062
708.596278 155.070368
786.502484 144.077946
869.269382 132.785891
957.156326 121.000276
1050.686425 108.894309
1149.841537 96.515345
616.800791 243.290813
691.150650 234.772363
770.147478 225.883792
854.210656 216.756092
943.846388 207.260329
1039.133517 197.563444
1140.505773 187.628295
597.797078 324.415917
673.056361 318.116219
753.154166 311.638419
838.600122 304.906514
929.751554 298.038317
1026.882851 290.925955
1130.491683 283.816923
578.308330 408.888949
654.385139 405.093787
735.511173 401.323904
822.217172 397.382720
914.940371 393.346568
1014.033323 389.346209
1119.779740 385.236967
558.253390 497.011495
635.153641 496.020439
717.223492 495.205502
805.311145 494.257042
899.423409 493.481334
1000.377338 492.716045
1108.244129 492.216908
537.570829 588.659951
615.171330 590.740621
698.469663 593.136368
787.564937 595.585568
883.233114 598.472835
985.892100 601.441860
1095.897107 604.685361
516.360992 683.915213
594.884738 689.297483
679.113778 695.089069
769.426296 701.417066
866.360091 708.106494
970.770463 715.187766
1082.701884 722.709476
916.154264 308.320260
1025.969255 315.940287
1128.426334 323.335282
1224.046554 330.613396
1313.329662 337.643131
1396.714290 344.286894
1474.596729 350.813718
906.571114 427.275084
1015.202005 430.798549
1116.657037 434.431047
1211.382627 437.925705
1299.909131 441.397796
1382.713618 444.708050
1460.093928 447.970328
897.394417 542.952156
1004.573499 542.745786
1104.918024 542.595844
1198.729173 542.609838
1286.478630 542.705872
1368.634904 542.711626
1445.512455 542.973390
888.426834 655.081913
994.244766 651.275625
1093.269194 647.715713
1186.125819 644.380686
1273.077326 641.287549
1354.519755 638.308703
1430.920204 635.681162
879.853012 763.333786
984.099436 756.284193
1081.879259 749.539625
1173.556145 743.226306
1259.758791 737.093900
1340.446170 731.406489
1416.293656 725.941257
871.616921 867.841025
974.274237 857.772815
1070.659255 848.126592
1161.350957 838.938480
1246.531568 830.038053
1326.601039 821.678583
1401.884251 813.762394
863.639311 968.477874
964.597760 955.580665
1059.798521 943.169151
1149.282866 931.481054
1233.559596 920.105761
1312.798963 909.253783
1387.442681 899.020083
858.111502 93.553340
955.981164 106.320501
1048.272258 118.608139
1135.339219 130.751754
1217.397921 142.436918
1294.859617 153.699813
1367.927522 164.677465
868.340488 184.317913
968.332768 194.711115
1062.542235 204.895331
1151.189714 214.839142
1234.634216 224.503896
1313.129800 233.812175
1387.067177 242.746183
879.022802 280.182182
981.232984 288.043303
1077.306212 295.738058
1167.627217 303.315881
1252.349398 310.643586
1331.960751 317.598923
1406.849281 324.479643
890.290649 381.518479
994.779334 386.404706
1092.722062 391.310661
1184.507197 396.079850
1270.566583 400.799426
1351.289113 405.317733
1427.069564 409.780016
902.191226 488.407348
1008.789945 490.013855
1108.541024 491.793670
1201.901275 493.574755
1289.341670 495.236811
1371.101407 497.056855
1447.689846 498.764409
914.781610 600.997661
1023.453816 599.023860
1125.098616 597.298453
1219.966035 595.654182
1308.587583 594.125113
1391.462689 592.762820
1468.929336 591.561710
927.904735 719.322112
1038.626976 713.364750
1142.125159 707.585262
1238.479688 702.365515
1328.357740 697.264844
1412.141285 692.570000
1490.407448 688.191533
689.383881 77.089322
796.006750 79.499479
901.528496 82.331090
1005.815579 85.715792
1108.595805 89.468809
1209.681650 93.667111
1308.792398 98.259291
685.771473 172.445117
794.461674 174.355166
902.085459 176.674221
1008.404777 179.478177
1113.158575 182.665861
1216.064645 186.210276
1316.909288 190.094527
682.121825 271.955839
792.892603 273.337346
902.588412 275.131578
1011.023771 277.320575
1117.687807 279.862603
1222.416505 282.622874
1325.040671 285.799095
678.514134 375.608981
791.361773 376.441674
903.141024 377.669083
1013.526206 379.167240
1122.161263 380.994436
1228.750444 383.025957
1333.122529 385.275286
675.013240 483.472279
789.876268 483.793827
903.616599 484.448993
1016.047852 485.214318
1126.612322 486.151045
1234.986594 487.288774
1341.015729 488.576102
671.671948 595.405813
788.395302 595.250372
904.265136 595.263329
1018.560872 595.275073
1130.954172 595.314871
1241.202446 595.395306
1348.922181 595.628628
668.453403 711.369087
787.143338 710.602622
904.884049 709.811291
1021.063662 709.051104
1135.232125 708.165261
1247.093176 707.205991
1356.465453 706.258766
589.939238 379.916500
698.832772 377.817568
810.587383 375.982581
925.278732 374.380528
1042.361985 373.129160
1161.550623 372.184868
1282.421196 371.509749
598.237014 489.400251
705.526840 488.786010
815.642333 488.385205
928.493910 488.112063
1043.705724 487.912768
1160.985472 487.962176
1279.833304 488.229660
606.671468 595.732017
712.315260 596.429984
820.641932 597.228464
931.632725 598.163716
1044.919737 599.088513
1160.145204 600.046959
1276.928645 601.166543
615.053605 698.537878
719.075647 700.458909
825.515349 702.517650
934.608088 704.553702
1045.901292 706.447131
1159.014558 708.328390
1273.694120 710.232891
623.410822 797.903563
725.738525 800.953958
830.442380 804.015886
937.496373 806.975414
1046.724487 809.880573
1157.723894 812.691859
1270.227379 815.341451
631.583500 893.849598
732.186946 897.891900
835.087893 901.865705
940.223245 905.757422
1047.404029 909.484882
1156.329138 913.100810
1266.696535 916.488705
639.685473 986.208485
738.500522 991.111948
839.594267 995.918862
942.861408 1000.695978
1048.001032 1005.191596
1154.772004 1009.466196
1262.998886 1013.592856
233.308808 446.510891
360.771382 447.466970
483.904565 448.627605
602.716891 450.015070
716.827139 451.522352
826.322547 453.056256
931.299092 454.769937
242.607259 554.519416
365.967406 553.461831
485.182130 552.660520
600.259348 551.898646
710.938250 551.245237
817.345091 550.691932
919.456351 550.321533
252.045594 655.826798
371.210565 652.992334
486.634822 650.228252
598.200501 647.609336
705.663734 645.147645
808.966957 642.704501
908.283981 640.488661
261.158791 750.773267
376.558041 746.310787
488.240458 741.926405
596.424140 737.710278
700.800455 733.575057
801.142505 729.537464
897.743216 725.653899
270.196208 839.617176
381.788738 833.874440
490.130633 828.048500
594.906847 822.408070
696.298819 816.788320
793.818692 811.343470
887.805215 805.945939
278.977081 923.091075
387.052351 916.100617
491.927126 909.078351
593.722607 902.173247
692.048913 895.221321
787.020698 888.428196
878.498399 881.804523
287.550001 1001.294221
392.185408 993.209715
493.920865 985.117124
592.649434 977.149529
688.215459 969.129922
780.500394 961.177908
869.630951 953.442943
258.112760 216.315302
376.649133 221.585523
491.460550 227.006504
602.472988 232.786607
709.517789 238.606695
812.508196 244.481471
911.442751 250.541348
255.867094 326.747849
374.779203 330.030107
489.959991 333.569223
601.256605 337.212540
708.563235 341.046531
811.765067 344.851910
910.912774 348.917863
254.351388 438.040414
373.426073 439.328303
488.800357 440.791264
600.376920 442.443837
707.725341 444.189120
811.068641 445.947845
910.404612 447.960587
253.343260 549.864491
372.643025 549.109996
488.054393 548.517687
599.664897 548.065314
707.087736 547.798370
810.477036 547.502836
909.894601 547.476101
253.069388 661.782009
372.238461 659.021897
487.604051 656.374720
599.163716 653.904100
706.675103 651.499706
809.959235 649.258416
909.306810 647.091038
253.368989 773.682018
372.300202 768.914101
487.563680 764.240058
599.038365 759.686126
706.433360 755.128861
809.673415 750.827241
908.866760 746.578480
254.233827 885.085086
372.847320 878.320502
487.963860 871.534385
599.144429 864.996220
706.340199 858.375378
809.334541 851.929626
908.318503 845.652863
287.582066 114.094475
395.690418 120.740642
500.645562 127.468429
602.372620 134.555517
700.801993 141.721818
795.811012 149.009812
887.361775 156.353481
279.514208 202.416819
390.484977 207.656142
498.180488 213.142517
602.409956 218.842924
703.222205 224.634909
800.341702 230.499457
893.888834 236.457144
271.380059 295.640603
385.292472 299.410396
495.736830 303.416544
602.696052 307.592723
705.824558 311.837221
805.169540 316.090442
900.747885 320.613315
263.322892 394.023425
380.314631 396.101545
493.558978 398.430045
603.040683 400.843046
708.597489 403.453819
810.237522 406.097693
907.978801 408.928216
255.418340 497.760290
375.376514 497.997675
491.444831 498.509903
603.687332 499.071186
711.687349 499.752666
815.582197 500.598569
915.432962 501.515686
247.692956 606.988622
370.577359 605.228893
489.732775 603.685186
604.617403 602.214240
715.158446 600.826671
821.406083 599.594554
923.346844 598.510015
240.027606 721.865082
366.134629 717.954360
488.239473 713.990163
605.904913 710.327578
719.022521 706.668378
827.406481 703.241056
931.410841 699.859523
108.385344 104.421673
238.275896 107.839218
366.226487 111.769265
492.097808 116.256534
615.438993 121.188519
735.907353 126.613708
853.204304 132.543819
115.555156 228.893088
243.584431 231.093298
369.728498 233.773014
493.703281 236.776530
615.384088 240.200238
734.219432 243.942568
849.870959 248.092967
123.602597 350.251724
249.495530 351.330311
373.729050 352.696363
495.925855 354.334671
615.688113 356.293549
732.679271 358.393059
846.631858 360.794568
132.002494 468.230114
255.979222 468.098350
378.093577 468.260082
498.398275 468.603439
616.250699 469.110272
731.337707 469.711493
843.592978 470.604381
140.965549 582.414649
262.852182 581.315505
382.986042 580.242308
501.150067 579.335192
617.102494 578.501528
730.242735 577.817964
840.684228 577.222497
150.417409 692.909755
270.091732 690.774449
388.084120 688.637647
504.217538 686.582175
618.147389 684.410276
729.515862 682.392559
838.046057 680.484397
160.094407 799.431298
277.554653 796.367623
393.497687 793.117000
507.537133 789.996941
619.445262 786.698191
728.832535 783.411734
835.504300 780.247381
158.230818 220.968134
297.371780 226.369875
431.589716 232.043586
560.970073 238.085653
685.112061 244.378520
803.844325 250.664139
917.283728 257.159964
169.475253 345.077131
304.005932 347.932535
433.924318 351.147867
559.101478 354.454479
679.398562 357.970043
794.711884 361.513725
905.013841 365.306378
181.022897 461.550207
310.849898 462.140826
436.514039 462.892604
557.760256 463.861272
674.325890 464.983446
786.240981 466.130006
893.460906 467.461944
192.329898 570.636935
317.884157 569.150673
439.278886 567.826804
556.739701 566.725105
669.793446 565.710759
778.355194 564.698111
882.602624 564.036284
203.500456 672.610762
324.853655 669.468413
442.426225 666.258727
555.986074 663.283003
665.742530 660.362863
771.024535 657.666445
872.371976 655.043993
214.485056 768.245558
331.820201 763.473267
445.485559 758.713485
555.655467 754.097563
661.979593 749.480372
764.389329 745.125208
862.847880 740.899285
225.225394 857.706104
338.586569 851.528825
448.723795 845.323670
555.444366 839.337228
658.642045 833.318314
758.044138 827.414809
853.821205 821.735323
138.686452 288.901736
255.438463 288.685533
372.360978 288.738408
489.490100 289.323805
606.363350 290.158686
722.625014 291.339000
837.801914 292.900710
130.576804 401.746865
248.532885 401.398323
366.740618 401.314181
485.100477 401.587361
603.297182 402.033758
720.689802 402.707082
837.049894 403.651326
123.148215 517.248647
242.141549 516.803288
361.497530 516.578787
481.144109 516.482374
600.397559 516.507868
718.877842 516.603283
836.380375 516.999824
116.222065 635.066203
236.450571 634.518906
356.852286 634.052986
477.452044 633.625769
597.776637 633.204141
717.340857 632.815157
835.842525 632.598800
110.132620 754.846648
231.171783 754.246711
352.569586 753.632068
474.149700 752.830506
595.421017 751.951344
715.981525 751.061469
835.303456 750.163952
104.607380 876.434795
226.443012 875.713219
348.807379 874.893435
471.207073 873.822101
593.377569 872.462448
714.797153 870.922267
834.988157 869.221263
100.218383 999.021702
222.346822 998.619075
345.725982 997.278881
468.832028 996.055830
591.619021 994.212101
713.678691 992.028583
834.539522 989.609238
258.717577 181.073956
374.136970 186.851919
485.944016 192.701877
594.133551 198.985756
698.618383 205.274780
799.346254 211.661497
896.187742 218.149623
247.637391 271.309790
367.031648 275.549787
482.766742 280.052128
594.565260 284.797782
702.445316 289.670095
806.162484 294.546956
905.800272 299.550750
236.122480 368.144382
359.827469 370.778576
479.545907 373.633863
595.303976 376.687444
706.524163 379.822822
813.429876 382.976375
916.065580 386.415507
224.316050 472.327447
352.654455 472.982732
476.618998 473.897806
596.131294 474.928214
710.993395 476.197694
821.297679 477.476663
927.002413 479.002491
212.293492 584.294893
345.251701 582.703211
473.567281 581.455757
597.340092 580.280365
716.016922 579.199013
829.712238 578.358154
938.498106 577.648868
200.138759 704.526225
337.847607 700.475852
471.032746 696.699975
598.956271 692.963397
721.621877 689.342573
838.854055 685.984738
950.875200 682.691157
187.698390 833.632193
330.707111 826.821202
468.681098 819.971622
601.048843 813.376166
727.762760 806.816112
848.608782 800.537083
963.813079 794.365604
993.272146 464.810345
1086.600492 462.944546
1185.473618 461.291363
1290.408723 459.584353
1401.330920 458.035482
1518.585983 456.543940
1642.468060 455.165922
1008.779048 553.088279
1100.148053 553.987835
1196.716608 555.019525
1298.946664 556.213278
1406.900011 557.462172
1520.891075 558.976886
1641.047846 560.750971
1023.533811 637.146240
1112.851866 640.374753
1207.199788 643.785409
1306.766421 647.408965
1411.864062 651.390399
1522.582372 655.455183
1639.126039 659.941484
1037.432906 716.898214
1124.755500 722.243342
1216.811903 727.911902
1313.939569 733.844839
1416.222820 739.998163
1523.799257 746.481879
1636.795708 753.265665
1050.623392 792.617149
1135.983471 799.906008
1225.912799 807.472437
1320.535672 815.326486
1420.073245 823.594297
1524.591966 832.181343
1634.198564 841.073939
1062.990826 864.595619
1146.496855 873.579727
1234.236360 882.860374
1326.484018 892.477399
1423.372823 902.533263
1524.996591 912.934016
1631.375022 923.706602
1074.819006 932.970970
1156.408326 943.371799
1242.048359 954.154767
1332.031313 965.416255
1426.352743 977.050509
1525.081535 988.990603
1628.420679 1001.416072
1024.044107 272.460567
1112.954767 265.450489
1206.778028 258.384500
1305.941206 251.268625
1410.426821 244.036023
1520.518073 236.776644
1636.381933 229.462417
1024.140188 364.061739
1113.223414 359.741413
1207.256625 355.334756
1306.653852 350.972508
1411.461656 346.498090
1521.805134 342.120464
1637.996103 337.846594
1024.151745 456.383208
1113.382709 454.590153
1207.569392 452.912347
1307.045445 451.230961
1411.990229 449.743642
1522.501756 448.207957
1638.917579 446.972650
1024.117979 548.882076
1113.342388 549.720385
1207.569245 550.801207
1307.079981 551.999303
1412.076705 553.291554
1522.654156 554.858261
1639.125386 556.546663
1024.047329 641.511678
1113.166939 645.026230
1207.343806 648.775105
1306.821531 652.726359
1411.710332 657.019202
1522.340592 661.513056
1638.660520 666.337802
1023.778126 734.030993
1112.715989 740.219517
1206.849466 746.727083
1306.094542 753.452302
1410.916123 760.627173
1521.394818 768.093312
1637.566273 775.949892
1023.453657 826.205557
1112.269258 834.915732
1206.112710 844.080822
1305.222347 853.762283
1409.727743 863.773682
1519.887932 874.156417
1635.801277 885.088517
1083.352157 170.482780
1165.203423 161.946409
1251.104862 153.247554
1341.243051 144.503590
1435.626431 135.575968
1534.562870 126.645927
1638.000969 117.624281
1071.649598 239.568228
1155.349422 232.622186
1243.321686 225.466960
1335.740151 218.333976
1432.819006 211.045503
1534.538194 203.801549
1641.046658 196.547766
1059.230255 312.579771
1144.851525 307.273799
1234.943569 301.984151
1329.826872 296.613595
1429.493666 291.256023
1534.122132 285.809443
1643.966617 280.584427
1046.104389 389.519019
1133.666462 386.121514
1225.982281 382.889326
1323.232007 379.526503
1425.669586 376.286772
1533.396304 373.172128
1646.530824 370.023293
1032.251864 470.721530
1121.767569 469.513004
1216.180511 468.526740
1316.095369 467.484302
1421.257551 466.680670
1532.171582 465.935205
1648.769517 465.441618
1017.554063 556.276616
1108.884399 557.590973
1205.767100 559.134626
1308.046022 560.747978
1416.194462 562.676799
1530.305562 564.727356
1650.530864 567.054611
1001.945820 646.405718
1095.368888 650.434089
1194.432919 654.732990
1299.415471 659.411531
1410.371815 664.397493
1527.871318 669.631113
1651.745845 675.216273
1146.113620 260.442117
1235.417685 255.819973
1327.955757 251.305392
1423.815185 246.995892
1522.817400 242.765588
1625.193305 238.679553
1730.615951 234.758896
1139.039813 335.487095
1230.638984 332.247407
1325.735536 329.091230
1424.336671 326.167302
1526.356147 323.287590
1631.736647 320.610066
1740.422416 318.087679
1131.355707 414.912440
1225.427628 413.169369
1323.156370 411.635176
1424.645743 410.208218
1529.640884 408.949096
1638.230673 407.726225
1750.434608 406.877545
1123.212963 498.920634
1219.731658 498.850195
1320.192278 499.105780
1424.526070 499.394620
1532.663484 499.896712
1644.697811 500.608443
1760.436598 501.382507
1114.416996 587.778864
1213.506363 589.637743
1316.621781 591.866594
1424.106809 594.113110
1535.458832 596.622536
1651.081463 599.255660
1770.385456 602.119750
1104.952109 681.609194
1206.493355 685.758765
1312.672515 690.153889
1423.067582 694.643240
1537.911430 699.425820
1657.143280 704.314244
1780.381755 709.366825
1094.751006 780.668960
1198.993745 787.264067
1308.007250 794.067719
1421.805032 801.194202
1539.987797 808.475605
1662.855046 815.908873
1790.157262 823.537869
1149.992945 378.937684
1253.845922 377.278082
1360.375747 375.932233
1469.438558 374.807740
1580.782232 373.895714
1694.240103 373.176028
1809.572305 372.722570
1149.971611 479.756206
1253.870514 479.638459
1360.576685 479.676899
1469.744210 479.952338
1581.163711 480.326409
1694.783098 480.891519
1810.195833 481.657348
1149.686794 580.990571
1253.595156 582.328660
1360.322128 583.809190
1469.491520 585.380683
1580.964740 587.168328
1694.567406 588.885911
1810.098198 590.907768
1149.207872 682.119582
1253.060499 684.882567
1359.627721 687.855666
1468.734677 690.870553
1580.174417 693.891173
1693.649135 696.967284
1809.031899 700.102189
1148.562594 782.976418
1252.185241 787.267391
1358.556089 791.622315
1467.526233 796.000051
1578.748339 800.428602
1692.110414 804.799396
1807.274898 809.156107
1147.663814 883.378104
1251.021202 889.203101
1357.128655 894.988293
1465.772194 900.766370
1576.707128 906.496091
1689.846019 912.135366
1804.804598 917.708413
1146.670700 983.039975
1249.590094 990.295963
1355.344413 997.474399
1463.687185 1004.719714
1574.239315 1011.712271
1686.851082 1018.376448
1801.570734 1025.612732
1077.801553 259.866378
1182.850299 253.589641
1292.638351 247.534424
1407.343857 241.548178
1526.638828 235.781337
1650.499265 230.121229
1778.984907 224.667539
1088.213614 359.355431
1190.671920 355.707757
1297.543299 352.130497
1409.000170 348.667237
1524.819168 345.292515
1645.048135 342.129061
1769.532010 339.196270
1098.037716 454.069856
1197.826393 452.573384
1301.899351 451.161238
1410.165942 449.890445
1522.626031 448.865546
1639.221195 447.841506
1759.883362 447.076283
1107.118674 543.801915
1204.376799 544.259734
1305.570797 544.944890
1410.870484 545.762049
1520.103245 546.616523
1633.182226 547.634231
1750.071883 548.797708
1115.659171 628.861071
1210.399040 631.159121
1308.943420 633.563047
1411.215993 636.090355
1517.311907 638.808877
1626.995719 641.637939
1740.255113 644.557736
1123.501850 709.558775
1215.855525 713.479992
1311.707685 717.431153
1411.165225 721.555506
1514.172018 725.851829
1620.721120 730.204302
1730.533364 734.733681
1130.948643 785.985736
1220.839214 791.213488
1314.158402 796.586611
1410.945452 802.203649
1510.996667 807.892569
1614.341356 813.638030
1720.900002 819.581175
1137.093808 96.021628
1243.143018 89.950383
1352.026783 84.289327
1463.637411 79.036819
1577.623710 74.190813
1693.902709 69.637315
1812.047752 65.674527
1138.755365 199.628825
1244.388824 195.203552
1352.885770 191.035610
1464.038063 187.257868
1577.494227 183.794751
1693.171868 180.713189
1810.762506 177.984841
1140.185214 302.883277
1245.288886 299.945024
1353.314017 297.334186
1463.857614 294.943065
1576.697436 292.943645
1691.708732 291.051573
1808.761749 289.600575
1141.412899 405.193364
1245.880450 403.806144
1353.204509 402.721031
1463.089119 401.817270
1575.250111 401.050192
1689.584617 400.542642
1805.746554 400.247051
1142.489466 506.513117
1246.258274 506.671584
1352.807087 506.953462
1461.862726 507.404424
1573.241495 508.083361
1686.770587 508.854449
1802.058818 509.733051
1143.209624 606.589702
1246.181486 608.216242
1351.910803 609.879848
1460.073658 611.734943
1570.577881 613.711821
1683.225561 615.695337
1797.677065 617.810290
1143.761630 705.110745
1245.857680 708.054102
1350.651826 711.100205
1457.936661 714.344234
1567.481077 717.555245
1679.022470 720.741253
1792.471446 724.057698
