505.001983 401.726836
584.598789 397.663019
669.427049 393.523230
760.234064 389.045185
857.354021 384.274972
961.794446 379.094148
1074.178264 373.502575
527.157171 496.764707
605.797240 495.911758
689.429610 495.029594
778.792497 494.086652
874.282525 492.899046
976.804623 491.780311
1086.909860 490.615203
548.520296 588.093907
626.108098 589.980361
708.632644 592.066396
796.552786 594.234612
890.527087 596.632404
991.099375 599.066078
1098.998129 601.818042
568.977622 675.628962
645.613552 680.150291
726.957252 685.025388
813.580478 690.261764
906.011070 695.664176
1004.769944 701.501014
1110.472227 707.755546
588.693520 759.797114
664.382935 766.756467
744.672294 774.140694
829.974249 781.940408
920.844454 790.291020
1017.819480 799.167716
1121.451288 808.694941
607.603162 840.837409
682.337626 850.004285
761.528266 859.709708
845.541904 869.929574
934.994967 880.865114
1030.262341 892.533373
1131.913104 905.030921
625.835859 918.775892
699.631438 929.900113
777.671725 941.713991
860.563621 954.257355
948.539833 967.586807
1042.146299 981.760497
1141.956447 996.971174
631.929303 159.780367
706.406184 149.518887
785.243199 138.734524
868.956306 127.346903
957.894133 115.135991
1052.787236 102.165124
1153.835590 88.395525
614.061720 239.299937
689.359313 231.280510
769.132559 222.750959
853.925166 213.720046
944.305398 204.022138
1040.625895 193.810975
1143.424349 182.890377
595.518820 321.880895
671.719733 316.073715
752.495354 310.017313
838.457158 303.525293
930.087674 296.654351
1027.908248 289.242431
1132.575995 281.484338
576.374423 407.350160
653.393783 404.023895
735.194459 400.657626
822.280097 396.993503
915.266899 393.046521
1014.711547 388.928379
1121.186564 384.403691
556.553690 496.127331
634.409000 495.490692
717.132138 494.991736
805.560632 494.252896
899.816978 493.573675
1000.923887 492.783680
1109.211688 492.111639
535.898107 588.258661
614.506337 590.518380
698.482054 593.074656
787.942445 595.646926
883.719085 598.562013
986.424455 601.530810
1096.711344 604.786699
514.460405 683.923161
594.071264 689.316099
679.035169 695.111988
769.790314 701.407546
866.880441 708.049822
971.374925 715.163895
1083.613950 722.861291
916.525942 307.053852
1026.958262 314.610023
1130.190599 321.668596
1227.056901 328.399087
1318.065286 334.736425
1403.834514 340.550150
1484.658120 346.188065
906.980059 427.119867
1015.880929 430.623897
1117.792248 434.018274
1213.493067 437.135983
1303.464489 440.117065
1388.332222 442.892981
1468.361394 445.526790
897.889984 543.038177
1005.125892 542.846470
1105.755693 542.618831
1200.275622 542.493918
1289.293876 542.372663
1373.301732 542.084746
1452.613637 542.035280
888.966295 655.070299
994.808954 651.293901
1094.029016 647.792907
1187.477946 644.544370
1275.512560 641.476036
1358.630151 638.489553
1437.265759 635.802279
880.431063 763.251894
984.754434 756.238512
1082.731776 749.659091
1174.965243 743.545025
1262.184455 737.650895
1344.415769 732.186428
1422.324447 726.900759
872.204259 867.998706
975.072837 857.928035
1071.736373 848.465566
1163.004025 839.573985
1249.192055 831.069466
1330.693930 823.109151
1407.894266 815.597461
864.167563 969.278835
965.508144 956.330709
1061.136162 944.090812
1151.317962 932.706634
1236.611618 921.784981
1317.271109 911.465652
1393.785664 901.812961
857.620084 86.684263
956.773756 99.950868
1050.222654 112.336203
1138.618037 124.224655
1222.212071 135.454766
1301.554110 146.040126
1376.837568 156.120074
868.115935 180.486350
969.080882 191.189028
1064.236687 201.296999
1153.990479 210.853364
1238.836508 219.950943
1319.116064 228.527061
1395.252081 236.567824
879.085409 278.515872
981.908129 286.482832
1078.698145 293.992423
1169.935052 301.164576
1255.985421 307.922588
1337.349773 314.154141
1414.519179 320.236405
890.595094 381.126080
995.417446 386.047063
1093.848442 390.722886
1186.460375 395.116125
1273.786883 399.345780
1356.314608 403.282472
1434.429950 407.056043
902.641988 488.513720
1009.394289 490.103074
1109.491325 491.746672
1203.630771 493.309710
1292.398948 494.627708
1376.054194 496.018422
1455.109291 497.267570
915.371742 601.113511
1024.073322 599.159220
1126.055949 597.428073
1221.705680 595.748388
1311.755363 594.122047
1396.661631 592.593279
1476.760869 591.219573
928.573938 719.279776
1039.359602 713.429164
1143.303754 707.820646
1240.596536 702.779205
1332.009294 697.861602
1418.015749 693.273382
1499.138109 689.033879
686.170251 68.513293
794.587359 71.813252
901.595384 75.028497
1007.382752 78.346720
1111.816462 81.548584
1215.056002 84.742623
1317.005603 87.940755
683.420212 167.225402
793.502613 169.990583
902.188816 172.663219
1009.651049 175.378323
1115.679284 178.030465
1220.402561 180.715142
1323.752784 183.345825
680.562285 269.173293
792.374455 271.285783
902.778428 273.387245
1011.938700 275.486098
1119.606647 277.573213
1225.841001 279.589555
1330.769447 281.692333
677.618737 374.367589
791.290288 375.782126
903.455926 377.253878
1014.238170 378.700557
1123.567462 380.155073
1231.436752 381.618542
1337.953836 383.036037
674.628268 483.046347
790.143140 483.732174
904.031988 484.549946
1016.616656 485.290289
1127.706857 486.028399
1237.239270 486.818367
1345.296616 487.583226
671.560650 595.304056
788.848087 595.318151
904.793450 595.371345
1019.105686 595.388079
1131.929087 595.438159
1243.273059 595.463854
1353.044701 595.539070
668.331716 711.409069
787.602173 710.574158
905.486641 709.783576
1021.732885 709.098324
1136.337198 708.363090
1249.355944 707.643130
1360.900130 706.974696
588.072401 378.090394
698.206821 376.698955
810.619656 375.355525
925.724914 373.912467
1043.334110 372.488596
1163.551628 371.014345
1286.348134 369.449934
597.101269 488.659930
705.431584 488.495544
815.983985 488.391921
928.990917 488.205880
1044.419230 487.917905
1162.436853 487.737125
1282.893551 487.552645
605.958873 595.510747
712.465248 596.400401
821.121013 597.309223
932.140000 598.263730
1045.573388 599.198248
1161.404744 600.149884
1279.648466 601.205204
614.464539 698.585634
719.280029 700.486852
826.052151 702.488005
935.194547 704.533553
1046.617353 706.524391
1160.339282 708.585055
1276.446604 710.729876
622.750694 798.226970
725.848816 801.088710
830.933179 804.048883
938.156069 807.015040
1047.631878 810.073915
1159.350109 813.235474
1273.320113 816.421127
630.718171 894.691775
732.155710 898.440501
835.534802 902.253522
940.995114 906.136592
1048.590073 910.131087
1158.430009 914.260679
1270.408793 918.466519
638.452669 987.936037
738.254692 992.479878
840.012254 997.082388
943.794802 1001.929938
1049.533600 1006.804504
1157.469034 1011.765494
1267.561845 1016.935250
220.493783 442.253673
353.874378 444.602755
480.622654 446.831206
601.472783 449.017505
716.666386 451.098392
826.628488 452.965992
931.761481 454.772396
231.236080 552.473488
360.019212 552.124687
482.501116 551.856837
599.402503 551.483467
711.017779 551.131553
817.781173 550.766930
919.919463 550.448178
241.542719 655.473149
365.734786 652.728554
484.226406 650.059809
597.459722 647.530833
705.806524 645.133911
809.460907 642.725297
908.825591 640.508771
251.004424 751.863241
371.182686 746.986969
485.813617 742.283179
595.635536 737.858163
700.849043 733.601129
801.583236 729.481548
898.316364 725.566595
260.001345 842.100256
376.193655 835.489345
487.437536 829.043048
593.883376 822.926924
696.201211 817.000395
794.173530 811.384098
888.370593 805.904121
268.451932 927.120062
381.017083 918.846559
488.817750 910.847889
592.368293 903.223118
691.741211 895.818270
787.249992 888.767332
879.057741 881.996221
276.370564 1007.080289
385.418363 997.357492
490.208460 987.928108
590.824902 979.012533
687.596184 970.370291
780.552021 962.039317
870.144642 954.086290
242.422152 205.554689
366.978108 213.529844
485.793129 221.056290
599.347566 228.395918
707.944578 235.354552
811.950752 241.948978
911.608721 248.341310
242.349216 319.756689
366.876039 325.048730
485.637021 330.127829
599.119308 334.905960
707.686483 339.566742
811.605485 343.940401
911.141314 348.237251
242.451791 433.847052
366.778205 436.478746
485.448042 438.946279
598.939178 441.379929
707.375126 443.692336
811.216314 445.815110
910.743104 447.958101
242.394895 547.843074
366.813489 547.779738
485.338602 547.685878
598.715053 547.655806
707.064469 547.700652
810.811706 547.591252
910.294803 547.606591
242.502718 661.544234
366.712666 658.840989
485.145847 656.245514
598.365136 653.855011
706.760799 651.490518
810.392813 649.279004
909.759664 647.103568
242.655813 775.193820
366.620257 769.865064
484.996801 764.774227
598.181181 759.917109
706.461675 755.194931
810.090963 750.785918
909.391943 746.514122
242.809863 888.590148
366.546313 880.656913
484.953090 872.965829
597.985672 865.768240
706.176829 858.759666
809.651201 852.099317
908.912755 845.746759
270.953518 99.507741
384.695950 109.177464
493.641283 118.308497
598.085269 127.244058
698.381094 135.739374
794.698144 143.921573
887.273974 151.764562
264.746890 191.626207
381.164452 199.446752
492.547327 206.933939
599.189628 214.120418
701.515898 221.014794
799.645213 227.642865
893.905287 233.992656
258.211770 288.012525
377.382781 293.865422
491.268067 299.452473
600.341805 304.828585
704.778456 309.961326
804.901658 314.804116
900.963583 319.599767
251.329468 388.974508
373.532357 392.612498
490.032319 396.094957
601.460533 399.405683
708.116965 402.693965
810.294375 405.763001
908.302532 408.745553
244.230135 494.800608
369.362645 496.027507
488.597646 497.288143
602.611615 498.438318
711.612651 499.542558
815.898234 500.644638
915.829770 501.645989
236.799929 605.889513
364.950166 604.519376
487.267385 603.255464
603.878107 602.010546
715.302680 600.808964
821.869700 599.684709
923.825854 598.623004
228.838509 722.587428
360.396567 718.381744
485.814444 714.205604
605.215016 710.400230
719.191249 706.685752
827.900315 703.207107
931.980234 699.839835
78.353853 83.534612
218.347254 91.432525
353.565045 98.983468
484.524849 106.395394
611.214018 113.488541
733.886968 120.296882
852.716447 126.997529
90.029298 215.001504
227.393956 220.566330
359.978780 226.008069
488.260347 231.114552
612.582867 236.088370
733.010644 240.946587
849.650818 245.720480
101.829492 341.539421
236.055815 344.927981
366.082308 348.202677
491.987815 351.301214
613.970257 354.368787
732.170158 357.266296
846.733365 360.100614
112.786195 463.302273
244.504349 464.575121
371.886233 465.884055
495.496183 467.142907
615.220342 468.333749
731.274390 469.440656
843.903723 470.593806
123.456545 580.350833
252.576750 579.858154
377.622726 579.297861
498.793673 578.789799
616.450554 578.251256
730.442734 577.809449
841.129592 577.298949
133.847855 693.263594
260.408601 690.971727
383.081113 688.740436
502.089369 686.620254
617.586271 684.424854
729.742867 682.390244
838.536309 680.466455
143.835266 801.993945
267.938154 798.103060
388.437239 794.254063
505.277214 790.643110
618.747311 786.987897
728.946027 783.484947
835.995002 780.218025
136.111611 207.896572
284.159129 216.852241
424.221797 225.279544
557.198658 233.324613
683.389955 241.032953
803.341130 248.185645
917.598645 255.049164
151.012573 337.064424
293.421128 342.325935
428.369328 347.395112
556.521382 352.035433
678.441498 356.509659
794.607463 360.707698
905.318868 364.753746
165.178507 457.015171
302.013983 459.057481
432.118619 460.914530
555.908600 462.722050
673.883207 464.457949
786.446105 466.009638
893.849634 467.504184
178.172318 568.618815
310.140480 567.802996
435.563815 566.986979
555.338487 566.263279
669.606751 565.555216
778.710481 564.746754
883.079345 564.142577
190.328568 672.527533
317.641630 669.370926
439.007414 666.172310
554.714854 663.237361
665.611991 660.354212
771.419827 657.683175
872.882016 655.037701
201.819010 769.849854
324.769949 764.501791
442.040497 759.320150
554.308905 754.394482
661.749465 749.583544
764.718507 745.109157
863.378818 740.818215
212.608569 860.931532
331.314168 853.699584
445.008150 846.711584
553.826770 840.130514
658.204544 833.702748
758.223186 827.554899
854.328694 821.758065
116.827343 278.257553
241.292033 280.507146
363.776820 282.673040
484.704250 284.946058
603.954427 287.086240
721.666937 289.204745
837.703282 291.326180
110.351592 394.888353
235.921308 396.293681
359.510172 397.744214
481.420503 399.209264
601.740850 400.581656
720.352165 401.964819
837.255087 403.321291
103.947389 513.501887
230.437903 514.107353
355.121920 514.759823
478.183492 515.375266
599.418096 515.940929
718.947200 516.445899
836.827629 517.071771
97.246683 634.158817
225.078310 633.853813
350.825882 633.604889
474.807797 633.379608
597.032756 633.103944
717.543744 632.838277
836.406004 632.658573
90.537128 756.765009
219.440392 755.554575
346.283294 754.508265
471.349606 753.366902
594.607316 752.194378
716.135451 751.146056
835.849681 750.125271
83.879095 881.527261
213.781291 879.341704
341.756543 877.414299
467.848207 875.408800
592.192813 873.354102
714.743688 871.392888
835.477012 869.471830
76.831509 1008.337427
207.990384 1005.163944
337.216468 1002.202895
464.392592 999.430056
589.681586 996.463609
713.251832 993.576986
834.981180 990.773875
242.227997 168.899761
363.699796 177.562133
479.623635 185.658230
590.508967 193.625010
696.680934 201.162259
798.541143 208.369171
896.220501 215.275167
232.624563 262.410816
358.008386 269.059545
477.672707 275.419590
591.896930 281.516824
701.208236 287.399051
805.790074 292.948168
905.974644 298.250305
222.250621 362.000344
351.933213 366.518096
475.442799 370.782217
593.416219 374.897612
705.901434 378.818183
813.442390 382.467223
916.400455 386.093664
211.159605 468.559265
345.596576 470.491444
473.291735 472.349753
594.878747 474.096256
710.835507 475.899560
821.543827 477.494237
927.402843 479.095992
199.351947 582.647967
338.599239 581.629008
470.696261 580.824645
596.463390 579.998299
716.146016 579.163524
830.160100 578.459890
938.953944 577.769124
186.744113 705.048003
331.134083 700.743347
468.277514 696.818419
598.213977 693.005972
721.835341 689.354258
839.380549 685.973361
951.433966 682.703165
173.039983 836.733458
323.224954 828.734705
465.548536 821.038290
600.112601 813.862685
727.848365 806.980208
849.131700 800.535831
964.533547 794.411383
993.852743 464.855042
1087.520674 462.802596
1187.204545 460.835070
1293.823350 458.609356
1407.643672 456.287514
1529.713190 453.764595
1660.925195 450.997496
1009.303116 553.216979
1100.982379 554.068990
1198.293267 554.995277
1302.103402 555.958303
1412.816799 556.863783
1531.356053 557.961958
1658.417519 559.188167
1024.066836 637.224232
1113.715324 640.496505
1208.843883 643.996080
1309.936434 647.675810
1417.800502 651.711051
1532.889701 655.875840
1656.101489 660.515741
1038.057239 716.955834
1125.819664 722.438067
1218.726016 728.341074
1317.453765 734.619551
1422.482210 741.182000
1534.355987 748.272263
1653.839294 755.778004
1051.448963 792.768986
1137.339737 800.321466
1228.212928 808.308541
1324.558626 816.732879
1426.901394 825.771731
1535.769348 835.363801
1651.755907 845.555770
1064.077218 865.020379
1148.239242 874.393220
1237.110499 884.267009
1331.204753 894.675148
1431.002345 905.837672
1537.022048 917.680952
1649.753370 930.225612
1076.205317 933.875306
1158.637454 944.779878
1245.596121 956.355297
1337.617962 968.684522
1434.943459 981.734305
1538.180215 995.464310
1647.943458 1010.166137
1025.087111 270.479917
1114.894927 262.879563
1210.129791 254.931223
1311.611036 246.493556
1419.644741 237.450045
1535.080566 227.821061
1658.672459 217.468116
1024.890973 363.388213
1114.621531 358.704070
1209.792890 353.675615
1311.173068 348.372979
1419.142808 342.618790
1534.416432 336.569569
1657.877456 330.177405
1024.746460 456.352955
1114.407440 454.335061
1209.549041 452.297220
1310.728133 450.056545
1418.647462 447.776665
1533.791234 445.205274
1657.173800 442.646786
1024.620018 549.010312
1114.201102 549.790527
1209.252377 550.736321
1310.339628 551.706101
1418.135375 552.644874
1533.149437 553.782979
1656.395504 554.862916
1024.569743 641.584910
1114.017208 645.140403
1208.955914 648.994065
1309.967650 653.027327
1417.610595 657.395659
1532.625271 662.010033
1655.600388 667.022600
1024.422376 734.078814
1113.720531 740.413277
1208.702150 747.202577
1309.519215 754.311429
1417.108149 762.018508
1531.974400 770.196986
1654.823409 778.997550
1024.270924 826.362383
1113.561582 835.377945
1208.360747 845.041355
1309.209222 855.412490
1416.559056 866.379752
1531.299539 878.065458
1654.095893 890.723147
1085.522016 165.710328
1168.760271 156.170001
1256.640944 146.152550
1349.659502 135.592308
1448.065933 124.362903
1552.650135 112.463475
1663.741406 99.821061
1073.244539 236.721712
1158.080142 229.045325
1247.739855 220.812513
1342.731936 212.185447
1443.498846 202.945307
1550.568208 193.234098
1664.497549 182.931762
1060.366828 311.148905
1146.849090 305.301015
1238.386462 299.189110
1335.498796 292.662312
1438.634939 285.761220
1548.372338 278.323705
1665.504449 270.613312
1046.874871 389.047334
1135.098197 385.273678
1228.605906 381.470133
1327.853639 377.280429
1433.494917 372.880775
1546.104682 368.302960
1666.424015 363.268042
1032.852372 470.707072
1122.818438 469.305382
1218.201935 467.994099
1319.881969 466.429645
1428.079438 464.884336
1543.774618 463.182827
1667.446761 461.461397
1018.068675 556.391585
1109.709710 557.645522
1207.423611 559.078179
1311.291806 560.474730
1422.353794 562.123599
1541.134013 563.753424
1668.450060 565.555040
1002.462851 646.437352
1096.132059 650.522310
1195.922989 654.933126
1302.460039 659.698082
1416.247532 664.816980
1538.451597 670.222241
1669.626040 676.135292
1148.458738 257.597135
1239.321279 252.034667
1334.144181 246.263585
1433.430767 240.306249
1537.218394 234.025823
1646.249751 227.441615
1760.589115 220.517919
1140.761608 333.994625
1233.702148 330.076110
1330.868232 325.924561
1432.716913 321.681209
1539.399746 317.135666
1651.380458 312.472743
1769.048692 307.544777
1132.610834 414.354482
1227.833050 412.109246
1327.477656 409.862811
1432.000036 407.482345
1541.626710 405.025957
1656.827150 402.320596
1778.177400 399.685671
1124.150787 498.847220
1221.669983 498.516083
1323.895871 498.345718
1431.199310 498.059402
1543.900472 497.825901
1662.613375 497.625899
1787.707810 497.299424
1115.214055 587.867271
1215.197456 589.668460
1319.967846 591.805184
1430.404505 593.871113
1546.361087 596.162386
1668.880827 598.502689
1797.880407 601.092320
1105.784021 681.738952
1208.166820 686.036586
1316.007985 690.654035
1429.379705 695.374891
1548.955715 700.554324
1675.370857 705.901410
1808.792217 711.543445
1095.749661 780.892128
1200.897085 787.853997
1311.655371 795.234125
1428.571226 803.088976
1551.702335 811.391433
1682.212886 820.118393
1820.365051 829.414963
1151.707940 377.907673
1257.078099 375.541448
1366.076634 373.223465
1479.125121 370.807743
1596.218221 368.333576
1717.796846 365.707653
1843.981676 363.043914
1151.274989 479.492231
1256.478263 479.016780
1365.468267 478.464278
1478.354888 477.974554
1595.258796 477.398684
1716.710001 476.841200
1842.824712 476.392208
1150.796829 581.050100
1255.868315 582.291658
1364.798333 583.585200
1477.508922 584.909891
1594.367266 586.381315
1715.642700 587.726012
1841.739794 589.368920
1150.360079 682.298205
1255.385900 685.259702
1364.089370 688.424476
1476.707148 691.669662
1593.465702 695.005401
1714.539788 698.477553
1840.210716 702.052644
1149.974507 783.380147
1254.841897 788.091578
1363.401739 793.038014
1475.907149 798.140343
1592.499486 803.502903
1713.520358 808.980073
1838.998234 814.753793
1149.522249 884.276969
1254.264239 890.781250
1362.764477 897.513518
1475.048108 904.523418
1591.474756 911.818420
1712.393753 919.314253
1837.732288 927.129266
1149.108038 984.884648
1253.683843 993.103927
1362.036440 1001.663277
1474.310972 1010.616345
1590.448805 1019.559466
1711.192488 1029.140622
1836.761350 1039.508267
1079.464596 257.404650
1185.933175 250.215557
1298.039991 242.822546
1416.571386 234.910836
1541.627382 226.630669
1673.939041 217.777402
1814.335923 208.403487
1089.440470 358.411080
1193.026045 354.174322
1301.841231 349.657711
1416.631135 344.872826
1537.558554 339.762564
1665.390984 334.454738
1800.625185 328.857485
1098.993061 453.871607
1199.731348 452.001044
1305.537804 450.031942
1416.728999 447.943512
1533.901431 445.869637
1657.440741 443.521773
1787.969229 441.159986
1107.929007 543.861805
1206.032731 544.184169
1308.849995 544.609527
1416.919238 545.061581
1530.506863 545.403609
1649.990314 545.826851
1776.023767 546.265180
1116.498012 628.991541
1212.049580 631.335012
1312.139104 633.767241
1417.052271 636.283174
1527.308259 639.001553
1643.084354 641.812844
1764.929693 644.767864
1124.495792 709.730451
1217.693283 713.864089
1315.111101 718.091142
1417.144624 722.528347
1524.124625 727.279636
1636.515653 732.170794
1754.462736 737.353129
1132.163718 786.314917
1222.991767 791.909164
1317.918974 797.781850
1417.280484 804.020241
1521.220732 810.532020
1630.266218 817.279085
1744.690994 824.467750
1140.882658 88.000451
1249.552993 80.268152
1362.161112 72.372634
1479.231870 64.197719
1600.239262 55.647267
1726.365912 46.809374
1857.469945 36.992566
1141.588782 195.218044
1249.314646 189.592681
1360.934533 183.656574
1476.773848 177.583406
1596.799221 171.234021
1721.544874 164.703142
1850.930855 157.908879
1142.237297 300.833120
1249.059377 296.998724
1359.784859 293.083949
1474.470086 288.975118
1593.352340 284.870467
1716.829512 280.410493
1845.259945 275.983621
1142.895694 404.486327
1248.814110 402.504067
1358.502528 400.549813
1472.164052 398.512692
1589.959361 396.324002
1712.245735 394.107624
1839.122706 391.779213
1143.659044 506.414194
1248.655014 506.260158
1357.360215 506.103576
1469.948060 505.937760
1586.663431 505.856288
1707.793311 505.651823
1833.428390 505.489685
1144.274301 606.722832
1248.350384 608.316816
1356.158180 609.891941
1467.693046 611.609280
1583.307474 613.450376
1703.317305 615.240721
1827.795193 617.181962
1144.927760 705.294488
1248.120419 708.470132
1354.949225 711.817300
1465.599325 715.385985
1580.117738 719.053806
1698.881318 722.726605
1822.182221 726.726339
