-40.18585733131930 -14.20999397456215 82.49668287383197
-33.50971764786438 -31.66057165692904 95.59518809887506
-13.77576176605727 -17.61963428581083 63.78423412413845
-18.74090940220129 -31.54102732049005 75.88966823997947
-28.12411868793231 -32.66124426164310 76.94239810428020
-32.43145837243143 -14.69309342903902 71.67828869243327
-43.69348766683110 -13.89087574410707 62.26931282923065
-47.00320520661106 -26.67622444552942 70.19587208933686
-49.27032335403396 -31.12185604675187 75.65189329133891
-49.62942511810359 -18.96086281207269 67.50907056711222
-44.29434863417386 -23.98838364922484 56.36362281563697
-49.53739565314849 -28.51839111808587 64.37636672777190
-47.64443671440235 -23.89196168537142 68.42957963590869
-10.80793400440608 -13.95939691036723 85.02652113228383
-6.95902675925023 -26.41112215422867 92.74599767188174
-4.21926214975291 -30.82933515728729 98.19373686274982
-1.37802042055381 -23.32052119208750 96.43358328160842
-1.47771688531430 -15.96608624286875 81.74280648451703
-8.54886823955248 -25.56778985890864 82.18478222484120
-0.15805413134231 -32.15305950119929 75.51270175405293
