-1.91214120868348 -1.78362004811102 0.09137175286717 
-2.01429013230732 -2.16053239665618 0.76282346844570 
2.03070461404398 2.11585462234340 0.66770924336251 
1.93063363788673 1.80454227320909 0.10666379963262 
2.08504974421847 2.06402809223257 -0.10126274226708 
-2.06685372743251 -2.04023193744483 -0.11821592798793 
2.03804173271204 2.17065576098291 0.78883882021599 
1.97993062868013 1.93595952208411 0.31934098203359 
1.92947452668864 1.80484629915305 0.10708049888115 
2.05510444469903 2.04344405890545 0.07000897416876 
2.03847802986204 2.17032436880954 0.78948049602577 
2.12692940223826 2.16104506415398 0.29956127995070 
1.92951743447769 1.80460858423816 0.10682685948421 
-1.91185634709760 -1.78369870969395 0.08988855507193 
-1.99647661597327 -2.04434227373570 0.52574765062172 
-2.01441544311990 -2.16145396238551 0.76117969235850 
-2.01454303384388 -2.16196683385541 0.76183411531735 
-2.10147299928277 -2.10200815854508 0.20742538126446 
-1.91206939276121 -1.78362097312323 0.08966814703213 
-2.11634344438305 -2.10176036869865 -0.01048470537222
