415.026881 387.195195
491.808388 382.812537
573.497804 378.370242
660.837263 373.633530
753.988291 368.586292
853.910182 363.111354
961.221535 357.230514
439.872189 482.313387
515.836179 481.053799
596.435759 479.790137
682.386378 478.483610
774.065595 476.973786
872.247810 475.378924
977.492698 473.744905
463.907712 573.779566
538.840413 575.091314
618.411927 576.696010
703.035973 578.417621
793.303936 580.348357
889.696461 582.236022
992.882288 584.373168
486.728018 661.183006
560.871277 665.145172
639.380386 669.469613
722.823945 674.158670
811.633804 678.960651
906.381370 684.126913
1007.536466 689.610797
508.829914 745.182503
582.065577 751.611401
659.551378 758.275947
741.767644 765.447921
829.188142 773.102931
922.240707 781.133476
1021.501184 789.809450
530.000458 826.103258
602.334960 834.481831
678.795697 843.438521
759.752733 852.996518
845.899288 863.170607
937.376020 873.890341
1034.747492 885.396836
550.164999 903.840229
621.747090 914.238117
697.274080 925.115310
777.206386 936.868524
861.892343 949.364542
951.809228 962.511018
1047.481641 976.638168
552.122893 144.580887
624.192579 134.303814
700.384826 123.507547
781.168969 112.116481
866.801530 99.925812
957.886842 87.083537
1054.844872 73.338986
533.016000 224.329370
605.829121 216.161627
682.907829 207.477057
764.634730 198.416744
851.568767 188.706087
944.069968 178.416492
1042.574447 167.468758
513.163983 307.114998
586.812763 301.039444
664.806507 294.814940
747.610108 288.143159
835.709522 281.119803
929.579006 273.520582
1029.756739 265.650131
492.642107 392.696704
567.092368 389.080846
646.004342 385.453702
729.843033 381.465413
819.224405 377.298603
914.560309 372.886011
1016.401430 368.089155
471.386771 481.574624
546.588767 480.631245
626.363872 479.736942
711.430999 478.631760
801.956063 477.613668
898.869288 476.362769
1002.417768 475.181416
449.257915 573.928331
525.176191 575.692572
606.074140 577.755275
692.070872 579.884673
783.987382 582.302650
882.329837 584.678273
987.720704 587.308075
426.327767 669.722513
503.063490 674.550246
584.868799 679.726449
672.129013 685.368646
765.209167 691.498139
865.199984 697.881759
972.342598 704.756123
805.113587 291.340115
919.254947 298.767521
1025.703668 305.658309
1125.326977 312.258301
1218.707171 318.406143
1306.488182 324.031185
1389.096852 329.437923
798.281302 411.176865
910.730310 414.395222
1015.692090 417.494494
1114.016174 420.371003
1206.250501 423.069395
1293.072496 425.602275
1374.784108 427.968761
791.795153 526.827238
902.425897 526.169193
1005.947210 525.450014
1103.039014 524.996567
1194.230748 524.549936
1280.083396 523.981307
1361.005137 523.606616
785.370649 638.468966
894.432616 634.211319
996.464885 630.235180
1092.360482 626.461542
1182.511763 622.941030
1267.420564 619.551795
1347.578281 616.477284
779.215797 746.274930
886.682772 738.692172
987.369394 731.517562
1081.931837 724.795572
1171.143485 718.420876
1255.133884 712.489021
1334.489705 706.758510
773.384583 850.655806
879.255105 839.869237
978.472993 829.779243
1071.997956 820.234327
1160.078396 811.156028
1243.264830 802.654866
1321.846333 794.689355
767.637639 951.576058
871.884160 937.802554
969.941758 924.810044
1062.263311 912.776583
1149.393038 901.221852
1231.615252 890.326972
1309.486490 880.083422
759.940550 71.324257
862.112859 84.654715
958.193938 97.133339
1048.911689 109.059576
1134.561584 120.326668
1215.592026 130.956861
1292.323419 140.988312
768.502595 165.088501
872.591712 175.777799
970.428140 185.854507
1062.484904 195.352264
1149.384280 204.368344
1231.482081 212.866318
1309.113774 220.909092
777.423297 262.939272
883.443144 270.824651
982.955875 278.185229
1076.578830 285.188057
1164.721890 291.764523
1247.925929 297.888728
1326.634526 303.837739
786.794725 365.285987
894.872310 369.963904
996.112124 374.380298
1091.213253 378.577770
1180.670901 382.594761
1265.041103 386.297311
1344.732552 389.852439
796.560098 472.331556
906.722747 473.563036
1009.696990 474.807671
1106.407898 476.054180
1197.284709 477.111466
1282.823158 478.232104
1363.479466 479.152008
806.986450 584.469917
919.150769 582.020173
1024.063946 579.832791
1122.363806 577.738853
1214.610534 575.662339
1301.452070 573.849416
1383.168445 572.107140
817.693749 702.056141
932.050089 695.578150
1039.043301 689.384361
1138.978096 683.802352
1232.662657 678.415036
1320.639544 673.390037
1403.460949 668.711177
588.352773 52.775766
697.537769 56.369755
805.163355 59.733416
911.267200 63.178766
1015.863487 66.484466
1118.968473 69.806714
1220.507329 73.146243
584.064866 151.655846
695.186943 154.517294
804.547019 157.233714
912.307630 159.935449
1018.497642 162.618338
1123.067655 165.289476
1226.002243 167.917098
580.017097 253.685533
692.824080 255.754015
803.878890 257.750143
913.357935 259.725338
1021.138401 261.671121
1127.223305 263.597594
1231.697657 265.609607
575.833540 358.917342
690.471244 360.112630
803.300226 361.359705
914.413942 362.550433
1023.840388 363.745771
1131.520437 364.957712
1237.523834 366.172112
571.532202 467.522520
688.008516 467.918485
802.586554 468.385657
915.500460 468.686549
1026.593670 469.020860
1135.942464 469.497009
1243.459777 469.850042
567.157054 579.756051
685.404207 579.294914
801.941805 578.812461
916.600590 578.256958
1029.449901 577.748510
1140.521910 577.278521
1249.756460 576.815671
562.460874 695.711520
682.777254 694.246115
801.216143 692.734035
917.817324 691.329388
1032.419971 689.922655
1145.150490 688.520118
1256.143622 687.204134
485.012774 362.745972
594.431001 361.104342
705.749786 359.435130
819.439310 357.825837
935.277054 356.163464
1053.384684 354.394017
1173.770179 352.592841
496.702686 473.377856
604.338430 472.846512
713.730884 472.323390
825.317050 471.732093
939.063621 471.040740
1054.991699 470.410275
1173.044924 469.862450
508.125512 580.301539
613.803158 580.593147
721.409279 581.031480
830.992393 581.403833
942.727669 581.867145
1056.536252 582.171658
1172.386962 582.685496
518.970759 683.258553
622.987524 684.537236
728.755780 685.920839
836.521004 687.302085
946.268781 688.578782
1057.973958 689.948003
1171.717844 691.369827
529.579996 782.710735
631.880246 784.927403
735.916422 787.094295
841.768486 789.281400
949.635570 791.508676
1059.364521 793.856657
1171.048604 796.161338
539.877434 879.115380
640.471687 881.920764
742.753724 884.903724
846.895656 887.924942
952.854485 890.988653
1060.748767 894.136855
1170.522063 897.348575
549.712857 972.105885
648.721522 975.700230
749.400270 979.314151
851.894529 983.129973
956.026136 987.074265
1061.990107 990.916513
1169.933414 994.958463
180.424168 360.492948
317.919488 365.702012
445.970258 370.382856
565.867223 374.931688
678.100785 379.213003
783.482632 383.083472
882.655878 386.733875
186.332656 477.794802
320.289375 478.876133
445.218009 479.828418
562.233953 480.717584
672.016092 481.632008
775.285950 482.403736
872.486025 483.098164
192.217119 589.301900
322.464384 586.636036
444.403156 584.012064
558.792063 581.659232
666.265295 579.540703
767.397869 577.356030
862.788932 575.370059
197.558401 695.152377
324.647932 689.083559
443.548714 683.454532
555.429618 678.157431
660.682895 673.140528
759.829842 668.370790
853.516256 663.932490
202.832242 795.731760
326.727432 786.863178
442.911945 778.311877
552.083491 770.247855
655.376550 762.689342
752.538302 755.660930
844.539568 748.849519
207.987519 891.958494
328.848247 880.233811
442.283529 869.119006
549.221888 858.575486
650.228461 848.642722
745.683178 839.309626
836.039078 830.479719
212.838731 983.582101
330.652715 969.400942
441.683592 955.776081
546.325868 943.139096
645.393579 931.075582
739.021746 919.642733
827.806520 908.895643
199.151096 138.915967
325.540855 151.074581
443.954151 162.319538
555.295336 173.119824
660.142900 183.266358
758.973232 192.705390
852.347450 201.652006
198.223667 249.285262
325.524365 257.953741
444.822137 266.038984
556.792140 273.624209
662.221510 280.891219
761.592096 287.622185
855.394308 293.995320
197.370457 361.213220
325.485374 366.323268
445.539082 370.994599
558.308720 375.517215
664.316530 379.757810
764.191498 383.677744
858.510900 387.445094
196.322724 474.856781
325.488592 476.203394
446.310780 477.420464
559.741598 478.670891
666.411303 479.910084
766.837728 480.971867
861.625647 482.016399
195.435183 589.977313
325.442411 587.656719
447.082687 585.384340
561.129201 583.255198
668.560745 581.248801
769.477816 579.483108
864.713441 577.673102
194.649361 706.924803
325.443187 700.667081
447.952325 694.773609
562.748529 689.231658
670.680395 684.014750
772.244971 679.151055
867.997158 674.527259
193.741504 825.447829
325.419765 815.298937
448.830510 805.481990
564.326636 796.531712
672.889822 788.022455
774.898198 780.031308
871.194222 772.512530
211.809606 77.655781
330.837606 91.003444
442.808750 103.392089
548.427177 115.299856
648.156435 126.454515
742.533990 136.993912
831.907825 146.975114
208.423736 171.767706
330.040258 182.435626
444.402361 192.421010
552.034763 201.860723
653.601398 210.830590
749.542015 219.225222
840.325291 227.169576
204.957729 270.024330
329.271970 277.871172
445.958702 285.105917
555.866869 292.010716
659.259649 298.489485
756.845481 304.547725
849.155197 310.371739
201.201794 372.778526
328.515421 377.385906
447.727124 381.694936
559.673306 385.780320
665.087534 389.661340
764.429436 393.308893
858.300954 396.740629
197.392844 480.304949
327.616724 481.480918
449.396960 482.608064
563.699837 483.654320
671.204133 484.597473
772.273292 485.611372
867.645410 486.402727
193.498023 592.986670
326.666608 590.412909
451.316387 588.006009
567.995150 585.720184
677.554320 583.572466
780.556941 581.592625
877.557743 579.664736
189.210323 711.119813
325.703390 704.445647
453.283889 697.983679
572.499657 692.211316
684.180512 686.705887
788.998414 681.550921
887.768243 676.639411
103.029518 269.793067
235.030283 275.278555
362.289135 280.544465
485.357715 285.788159
604.307914 290.728505
719.418026 295.547695
830.728704 300.185243
94.641213 386.661613
228.433154 390.184940
357.366527 393.609039
481.905021 396.845241
602.371598 399.994680
718.742590 403.046481
831.236786 406.006669
86.375234 506.502102
221.656118 508.033268
352.310305 509.333186
478.475987 510.581937
600.313331 511.802771
717.993393 512.910865
831.842526 514.178278
77.598979 629.371147
214.869114 628.591054
347.211642 627.742299
474.855919 626.880228
598.126908 626.147564
717.302299 625.468693
832.374449 624.801114
68.800181 755.215568
207.858718 752.118017
341.871169 749.055308
471.144019 746.113356
595.973190 743.205544
716.509290 740.636464
832.848602 737.852134
60.138389 884.353923
200.648529 878.854035
336.583678 873.406181
467.418017 868.195755
593.735531 863.090196
715.696943 858.336297
833.529484 853.562793
51.366317 1016.484082
193.302542 1008.626992
331.139583 1000.671590
463.674975 993.291617
591.477874 985.916529
714.838059 978.847374
833.999378 971.994913
88.791205 117.842306
242.427325 132.673417
384.814337 146.363317
517.268957 159.208581
640.648519 171.189755
755.778979 182.220493
863.635225 192.511870
97.759300 253.005281
247.194847 262.491710
385.749143 271.348990
514.694064 279.441939
635.067963 287.109403
747.653939 294.184262
853.183676 300.806188
106.693403 380.970001
251.603608 385.597896
386.451998 389.738854
512.201873 393.705505
629.746159 397.494111
739.846621 400.894718
843.197400 404.123090
114.960912 502.044112
255.872850 502.248357
387.048324 502.435056
509.765703 502.575957
624.632869 502.706952
732.378184 502.761990
833.688244 502.933246
122.820188 616.578572
259.854487 612.950551
387.785372 609.425462
507.311036 606.103886
619.782409 603.022213
725.148046 600.191172
824.502755 597.416695
130.403002 725.485615
263.779736 718.246403
388.353970 711.426353
505.254396 704.986801
615.081211 698.932033
718.455620 693.264359
815.884536 687.999688
137.613632 828.822548
267.301180 818.437213
389.043870 808.464924
503.173886 799.356289
610.657836 790.629625
711.841715 782.430823
807.494852 774.765076
74.677820 66.848628
210.714865 76.380870
341.869622 85.256885
468.676152 94.041112
591.036970 102.488503
709.230425 110.587389
823.494797 118.449301
77.446046 191.756905
212.691645 198.986351
343.123508 205.817317
469.038892 212.345999
590.683441 218.679583
708.222298 224.809410
821.814278 230.752055
80.360434 315.368943
214.588648 320.169595
344.257307 324.759563
469.488973 329.202290
590.407041 333.551756
707.260841 337.696895
820.257263 341.734830
83.004756 437.350404
216.577524 439.848023
345.362390 442.363706
469.775241 444.735216
590.028708 447.134438
706.267303 449.405954
818.630978 451.592926
85.831982 557.587189
218.471799 558.192480
346.474036 558.637567
470.051797 558.963080
589.688417 559.378843
705.190672 559.879646
816.963536 560.212908
88.686793 676.719350
220.330804 675.102547
347.569417 673.526128
470.427895 671.950538
589.296473 670.412353
704.258801 668.984722
815.425595 667.687410
91.259625 794.185266
222.178976 790.538414
348.713149 786.877959
470.830720 783.570046
588.980791 780.130139
703.179804 776.885669
813.803323 773.854173
163.419654 172.386822
296.226516 183.921420
420.224824 194.504433
536.539144 204.654693
645.798145 214.117187
748.623968 222.974389
845.551904 231.343153
158.584917 278.792203
294.602255 286.922177
421.524581 294.457657
540.302594 301.510057
651.756514 308.200533
756.486364 314.447382
855.053093 320.287087
153.515245 390.433261
292.870535 394.886732
422.704111 398.919898
544.203186 402.781748
657.891819 406.374178
764.568231 409.693971
864.934736 412.891391
148.073875 507.816551
291.135306 508.078080
424.076188 508.307415
548.165828 508.505902
664.254685 508.862381
773.032259 509.077990
875.248750 509.248394
142.476837 631.194986
289.206243 626.883030
425.365161 623.015845
552.268105 619.354676
670.947915 615.903041
781.835421 612.762260
885.847858 609.686111
136.652931 761.077449
287.152428 751.812427
427.002872 743.317100
556.819671 735.302604
677.941616 727.876521
791.147966 720.998402
897.127373 714.465421
130.406539 898.183883
285.095877 883.416145
428.653297 869.564074
561.559651 856.939890
685.300471 845.109223
800.678484 834.147416
908.706706 823.815411
909.807967 395.559759
999.167444 391.580133
1094.067303 387.618454
1195.204516 383.332013
1302.964513 378.810557
1418.120487 373.950568
1541.445794 368.675967
923.740920 487.612446
1011.740031 486.579966
1104.912492 485.585950
1204.070761 484.492583
1309.595822 483.237367
1422.308785 482.011520
1542.665522 480.718548
937.194696 576.327750
1023.751126 577.824972
1115.373134 579.377649
1212.591582 581.092163
1316.052952 583.060914
1426.203597 584.998536
1543.893503 587.216588
950.146372 661.219201
1035.235874 665.097563
1125.256554 669.253128
1220.760513 673.752002
1322.188707 678.374302
1430.044404 683.388262
1544.937521 688.736973
962.586487 742.887896
1046.341253 748.983863
1134.872444 755.483042
1228.577272 762.314754
1328.042194 769.590773
1433.672016 777.347803
1546.049865 785.563304
974.524756 821.568467
1056.966720 829.671843
1144.002680 838.283249
1236.063903 847.337493
1333.596832 856.974260
1437.090786 867.226942
1547.115829 878.123884
985.995298 897.204565
1067.124650 907.128033
1152.772188 917.650011
1243.285516 928.833388
1338.883426 940.657944
1440.259863 953.117494
1547.971137 966.464558
957.072654 220.007582
1042.238767 211.577421
1132.296773 202.767431
1227.891335 193.453274
1329.319518 183.518298
1437.214018 173.078567
1552.267841 161.787671
953.150879 309.126621
1038.705189 303.280759
1129.174797 297.072649
1225.165535 290.562097
1327.140268 283.513618
1435.673741 276.178315
1551.358511 268.345067
949.213074 399.369948
1035.089458 395.987532
1126.021244 392.517286
1222.466415 388.783940
1325.005830 384.892668
1434.055938 380.664300
1550.496012 376.325904
945.205218 490.405484
1031.518641 489.592641
1122.823904 488.998697
1219.716202 488.232717
1322.782623 487.375689
1432.522306 486.642891
1549.669721 485.677734
941.231640 582.717506
1027.895792 584.548992
1119.570161 586.639486
1217.002001 588.764184
1320.537472 591.170589
1430.970187 593.717445
1548.791714 596.450385
937.236029 675.823260
1024.115324 680.441890
1116.317848 685.427249
1214.110770 690.651754
1318.301359 696.348045
1429.328738 702.325621
1547.923142 708.804246
933.111354 769.972467
1020.380269 777.335268
1112.973274 785.223124
1211.389659 793.731691
1315.987714 802.715960
1427.709233 812.316488
1546.951440 822.669250
990.790346 167.073120
1072.795751 157.741786
1159.338727 148.029976
1250.827806 137.766365
1347.632679 126.881908
1450.390871 115.399059
1559.498486 103.070475
979.709570 244.988539
1062.852401 237.748419
1150.652452 230.064221
1243.633988 221.941471
1342.157978 213.314317
1446.689155 204.278279
1557.870133 194.574666
968.224112 325.748933
1052.582691 320.575757
1141.720582 315.192179
1236.188616 309.349102
1336.465382 303.285991
1442.876692 296.729022
1556.293750 289.968414
956.355185 409.269172
1041.925737 406.325368
1132.500113 403.374549
1228.443214 400.226143
1330.443443 396.787268
1438.962464 393.254935
1554.617229 389.415606
944.085242 495.864613
1030.937760 495.350420
1122.815743 495.079745
1220.446306 494.594789
1324.216428 494.167663
1434.907381 493.651456
1552.893843 493.222821
931.389880 585.872024
1019.342479 588.040861
1112.815916 590.360729
1211.984419 592.829306
1317.711264 595.639200
1430.564550 598.547654
1551.105078 601.657179
918.225457 678.902946
1007.485705 683.913201
1102.356727 689.331052
1203.355926 695.114505
1310.949894 701.256671
1426.028553 707.895582
1549.181212 715.037305
1033.085109 270.531528
1117.840419 263.884325
1207.370142 256.948857
1302.237978 249.641373
1402.652445 241.887193
1509.416551 233.676490
1622.975573 224.882862
1022.533364 351.709497
1108.518492 347.337585
1199.437740 342.639768
1295.862150 337.744273
1398.127494 332.479337
1506.859848 327.006569
1622.672977 321.136135
1011.539068 435.904303
1098.827764 433.855559
1191.228410 431.679044
1289.279528 429.295182
1393.372643 426.863327
1504.144336 424.178051
1622.434668 421.479625
1000.186007 523.141821
1088.833498 523.535369
1182.703242 524.028344
1282.380736 524.497514
1388.437631 524.973507
1501.408314 525.558728
1622.160853 526.136268
988.495961 613.793639
1078.465754 616.726764
1173.745418 620.036885
1275.279250 623.454300
1383.247499 627.203728
1498.576364 631.200086
1621.830186 635.511890
976.338919 707.603525
1067.515827 713.507155
1164.588798 719.925683
1267.716102 726.605779
1377.834755 733.945542
1495.556267 741.648858
1621.549320 749.921957
963.677749 804.998791
1056.340271 814.014359
1154.966531 823.684412
1260.084201 834.088868
1372.174302 845.137449
1492.367018 857.012305
1621.225143 869.747211
1058.601712 361.076474
1161.180344 358.510679
1267.052192 355.897456
1376.658231 353.254314
1489.881670 350.524817
1607.041553 347.688315
1728.056172 344.888348
1058.583484 462.080562
1161.047664 461.255116
1266.918496 460.313408
1376.395356 459.382933
1489.310428 458.374538
1606.367346 457.445334
1727.170618 456.558304
1058.681176 563.041325
1160.958525 563.688376
1266.692962 564.516828
1375.975338 565.268298
1488.863813 566.118306
1605.651338 566.862361
1726.357146 567.931835
1058.659370 663.616911
1160.915678 665.866200
1266.472353 668.358554
1375.619067 670.928597
1488.352039 673.484107
1604.991216 676.123498
1725.478231 678.977874
1058.778342 763.988166
1160.859211 767.890599
1266.245857 772.017869
1375.215933 776.214503
1487.831716 780.655811
1604.405431 785.123659
1724.620268 789.748641
1058.818979 864.129325
1160.746190 869.668262
1266.083110 875.444296
1374.793504 881.350574
1487.231248 887.585960
1603.663421 893.858880
1723.880445 900.348249
1058.867624 963.995019
1160.650021 971.079887
1265.814121 978.485054
1374.440373 986.129345
1486.664493 993.994008
1602.758197 1002.100134
1722.769813 1010.420089
945.215160 197.584574
1038.888938 187.284057
1138.583026 176.574759
1245.144391 165.066889
1358.904365 152.875387
1480.790357 139.750243
1611.877623 125.469482
958.870454 297.018065
1051.029776 290.190801
1148.823780 282.874988
1253.136695 275.094934
1364.364427 266.750009
1483.495897 257.943414
1611.309076 248.422917
972.118453 392.531308
1062.643212 388.619696
1158.699249 384.478817
1260.863806 380.045382
1369.833357 375.462874
1486.106877 370.453620
1610.765277 365.168591
984.714049 483.991226
1073.726488 482.866267
1168.028467 481.734691
1268.289446 480.529649
1374.981078 479.124898
1488.672693 477.751106
1610.250802 476.180884
996.861783 571.984565
1084.466296 573.368299
1177.117254 574.810838
1275.388931 576.371550
1379.913986 578.140266
1491.152567 579.951891
1609.874361 581.891060
1008.570628 656.464437
1094.629912 660.151992
1185.675912 664.156791
1282.129803 668.298721
1384.560814 672.834091
1493.464258 677.607658
1609.536300 682.688668
1019.780777 737.603046
1104.405393 743.390544
1193.890438 749.665442
1288.665542 756.327109
1389.002155 763.377360
1495.621655 770.845161
1609.117025 778.855417
1090.333735 58.183679
1200.607653 54.232859
1312.632363 49.850510
1426.856856 45.525786
1542.702470 41.579947
1660.420177 37.471132
1781.805816 32.313135
1090.946445 168.425767
1200.131102 165.289750
1311.139493 161.976049
1424.131048 158.724466
1539.156636 155.253881
1656.251052 152.002174
1775.157266 148.730274
1091.423748 276.821159
1199.522954 274.625995
1309.539507 272.329834
1421.390455 270.010268
1535.303031 267.716227
1651.316587 265.188827
1769.136253 263.054541
1091.775641 383.297651
1198.994249 381.983683
1307.945801 380.609285
1418.813306 379.281697
1531.578348 377.866106
1646.461849 376.424865
1762.973998 375.228936
1092.352566 487.728805
1198.452997 487.296616
1306.370388 486.907869
1416.186698 486.458588
1527.975934 486.075401
1641.727202 485.598339
1757.112682 485.251460
1092.786389 590.376321
1197.909238 590.821011
1304.814283 591.313276
1413.599477 591.787275
1524.309135 592.295885
1637.044816 592.764502
1751.453950 593.342692
1093.103168 691.062982
1197.288315 692.319470
1303.321728 693.667619
1411.135119 695.112690
1520.724778 696.493214
1632.240243 697.832097
1745.643312 699.369282
