504.990156 401.781809
584.602336 397.714660
669.450507 393.569631
760.268264 389.085447
857.393182 384.325255
961.817828 379.137124
1074.181672 373.543294
527.149222 496.825114
605.809369 495.962543
689.450558 495.074898
778.819293 494.125662
874.317794 492.941534
976.824065 491.819113
1086.913874 490.649521
548.513477 588.150476
626.112327 590.028638
708.645118 592.108527
796.574481 594.272157
890.554363 596.669877
991.120478 599.095692
1099.008822 601.841116
568.961065 675.678261
645.609339 680.195757
726.965563 685.060801
813.599899 690.291420
906.029014 695.694113
1004.790906 701.520411
1110.490791 707.776780
588.673328 759.854529
664.376258 766.807071
744.677004 774.182185
829.988052 781.974285
920.861699 790.319325
1017.847599 799.191230
1121.481443 808.722889
607.588549 840.906004
682.336098 850.061321
761.538024 859.755426
845.560253 869.967249
935.016861 880.900993
1030.306317 892.576917
1131.960788 905.063482
625.824423 918.846759
699.641687 929.967743
777.696647 941.769041
860.596513 954.306724
948.581616 967.625521
1042.196004 981.797402
1142.005138 996.998486
631.963221 159.824594
706.455918 149.563001
785.306448 138.801642
869.017392 127.430581
957.933466 115.229991
1052.797217 102.283447
1153.800105 88.531267
614.088625 239.349002
689.405975 231.327968
769.194089 222.804942
853.986379 213.779342
944.350929 204.088509
1040.646421 193.896257
1143.405060 182.984108
595.533152 321.927027
671.751424 316.121325
752.538062 310.060934
838.501060 303.579515
930.121481 296.714213
1027.918436 289.307023
1132.559537 281.543857
576.376448 407.403566
653.412948 404.071596
735.227123 400.696979
822.319022 397.038785
915.298865 393.091777
1014.726386 388.964571
1121.184176 384.443251
556.556027 496.185193
634.426399 495.539382
717.154323 495.034202
805.591088 494.293628
899.849882 493.616779
1000.939180 492.821756
1109.213185 492.147143
535.888604 588.314547
614.509232 590.567598
698.493802 593.118249
787.962853 595.685208
883.747291 598.600150
986.443780 601.561477
1096.722285 604.809224
514.426803 683.974524
594.056801 689.365929
679.037130 695.154665
769.801228 701.440558
866.901727 708.079422
971.393218 715.187358
1083.635606 722.880164
916.561471 307.111286
1026.969442 314.665114
1130.180487 321.718931
1227.027611 328.447593
1318.018063 334.786997
1403.767039 340.591032
1484.567344 346.225090
907.012978 427.164079
1015.895282 430.659901
1117.792680 434.055868
1213.473590 437.174131
1303.425928 440.154319
1388.280451 442.926768
1468.293962 445.554232
897.920512 543.077522
1005.142518 542.879263
1105.759901 542.648016
1200.266581 542.522566
1289.273664 542.403581
1373.266752 542.116455
1452.559023 542.062409
888.987802 655.103764
994.828758 651.321157
1094.044315 647.813610
1187.484184 644.561297
1275.506535 641.496235
1358.613678 638.514794
1437.237866 635.825100
880.448987 763.281033
984.774509 756.256380
1082.756064 749.678501
1174.981941 743.570049
1262.188880 737.672798
1344.407731 732.209026
1422.305829 726.922254
872.223894 868.035806
975.099137 857.962386
1071.775404 848.502263
1163.038388 839.601741
1249.212082 831.098854
1330.703207 823.142748
1407.892534 815.634166
864.199142 969.330713
965.548262 956.372051
1061.187627 944.129941
1151.367761 932.737834
1236.651432 921.814917
1317.299130 911.490433
1393.807395 901.839950
857.686407 86.793781
956.816256 100.055695
1050.234723 112.448994
1138.596592 124.346778
1222.161645 135.577259
1301.475880 146.157962
1376.735741 156.224829
868.178049 180.551921
969.121705 191.261550
1064.248728 201.378592
1153.966067 210.933029
1238.784526 220.027187
1319.044360 228.597793
1395.165312 236.636155
879.132498 278.574013
981.930845 286.545602
1078.695436 294.052656
1169.913465 301.220525
1255.948182 307.978565
1337.297218 314.209249
1414.442808 320.282687
890.631582 381.174354
995.436938 386.083571
1093.850856 390.760940
1186.445606 395.153113
1273.751173 399.386205
1356.263071 403.319213
1434.366137 407.085317
902.673386 488.557066
1009.409174 490.142120
1109.492689 491.782344
1203.617380 493.344637
1292.372158 494.663057
1376.010295 496.051596
1455.047864 497.295480
915.395300 601.150101
1024.092385 599.186119
1126.063403 597.450699
1221.701995 595.769884
1311.739991 594.149762
1396.631767 592.620368
1476.711255 591.248321
928.591507 719.308159
1039.383308 713.448127
1143.318990 707.842797
1240.600741 702.798712
1332.000227 697.881698
1417.994804 693.294615
1499.102037 689.052570
686.223747 68.592064
794.648965 71.922772
901.655431 75.150417
1007.403665 78.469499
1111.795895 81.685178
1214.991871 84.885394
1316.891134 88.089610
683.465528 167.269412
793.567751 170.051738
902.245006 172.731373
1009.683339 175.462555
1115.669348 178.125361
1220.356697 180.812706
1323.674240 183.437998
680.601160 269.220538
792.426370 271.338056
902.820884 273.446543
1011.952335 275.550301
1119.592258 277.635545
1225.803385 279.650555
1330.709376 281.754379
677.644158 374.412254
791.328585 375.825257
903.490746 377.302131
1014.252792 378.738536
1123.563916 380.195063
1231.412208 381.658025
1337.905108 383.076010
674.649432 483.092514
790.173307 483.772111
904.062480 484.593430
1016.630319 485.327105
1127.704368 486.063867
1237.219466 486.853263
1345.258731 487.617954
671.569692 595.349073
788.867629 595.355849
904.818618 595.407929
1019.124835 595.415467
1131.935931 595.461005
1243.266466 595.486922
1353.023509 595.567310
668.329567 711.453729
787.615500 710.607338
905.504589 709.813373
1021.753780 709.116684
1136.353796 708.385357
1249.359764 707.663088
1360.888618 706.995813
588.078043 378.140498
698.236179 376.742121
810.658368 375.399686
925.756712 373.960422
1043.342515 372.528828
1163.539114 371.056005
1286.309628 369.494516
597.111000 488.711936
705.452871 488.539180
816.014940 488.432855
929.017845 488.249688
1044.429811 487.954865
1162.429814 487.773655
1282.865224 487.587976
605.959540 595.560974
712.477502 596.442770
821.145645 597.347176
932.163237 598.299677
1045.590629 599.223264
1161.408990 600.170460
1279.637757 601.228953
614.453351 698.633906
719.286565 700.523874
826.071109 702.519186
935.211264 704.562350
1046.641839 706.541810
1160.353819 708.607947
1276.446389 710.750375
622.736190 798.286804
725.850564 801.134450
830.945661 804.083831
938.175444 807.043700
1047.664755 810.100791
1159.377088 813.264471
1273.334841 816.452537
630.707907 894.762800
732.166757 898.496497
835.559938 902.295244
941.025550 906.174925
1048.638546 910.173843
1158.474873 914.292548
1270.443377 918.495040
638.468477 988.010808
738.279473 992.546102
840.041475 997.138681
943.833997 1001.973620
1049.584286 1006.840324
1157.517299 1011.790732
1267.600429 1016.961647
295.715661 375.491819
427.645358 380.826185
550.941469 385.718686
666.552497 390.449764
775.168380 394.910051
877.405065 398.941215
973.852692 402.825165
297.695539 492.274677
426.364236 493.646425
546.751088 495.013067
659.796084 496.218427
766.140538 497.395594
866.439439 498.396881
961.074242 499.438944
299.802373 603.219877
425.124703 601.082582
542.742000 599.002932
653.376140 597.128098
757.571398 595.353445
855.939284 593.555013
948.886854 591.957599
301.627442 708.815201
424.071124 703.399806
538.901092 698.295024
647.180376 693.579389
749.327407 689.105977
845.812213 684.767758
937.157687 680.798771
303.497538 809.248018
422.919812 801.032480
535.332965 793.166145
641.230286 785.846029
741.493014 778.843553
836.122614 772.331347
925.855451 766.031454
305.239774 905.260547
421.974015 894.351140
531.828298 884.005298
635.704841 874.274244
733.894928 864.965469
826.919749 856.229921
915.139267 847.975260
306.957522 996.815583
420.876398 983.487649
528.561308 970.783325
630.283852 958.900616
726.661510 947.584326
817.950885 936.837600
904.744121 926.719564
305.847427 154.887174
427.367145 166.899562
541.496009 178.049794
649.065350 188.733584
750.585487 198.804331
846.581730 208.241708
937.458288 217.216795
305.078826 264.699684
427.522886 273.359607
542.469613 281.504525
650.717027 289.173761
752.846977 296.452635
849.352896 303.279782
940.676576 309.754432
304.381006 376.133478
427.605324 381.402788
543.365600 386.326809
652.376536 391.060072
755.106598 395.444458
852.150747 399.510165
943.996390 403.442210
303.560271 489.361635
427.809430 491.032517
544.330187 492.638970
654.011688 494.194592
757.379392 495.699783
854.969134 496.995431
947.313397 498.332436
302.828620 604.145043
427.930846 602.220411
545.235913 600.471551
655.615346 598.856423
759.678692 597.241089
857.816129 595.819253
950.612511 594.373815
302.124872 720.781694
428.087629 715.171705
546.248515 709.894505
657.416332 704.968388
762.030913 700.242892
860.778473 695.852216
954.077910 691.684543
301.407336 839.146687
428.230546 829.755418
547.340926 820.744412
659.131979 812.486643
764.489960 804.575223
863.672807 797.164502
957.477526 790.209763
312.347047 93.940437
426.989951 107.028894
535.021826 119.217093
637.220407 130.946676
733.923534 142.006944
825.679043 152.428238
912.739517 162.358847
310.861370 187.503756
427.935929 198.023927
538.249986 207.962814
642.355749 217.351425
740.826474 226.269602
834.075678 234.695707
922.488058 242.671963
309.250630 285.251494
428.868009 293.092885
541.451063 300.441644
647.741934 307.419462
747.973423 314.013088
842.816728 320.136777
932.724432 326.072169
307.489825 387.612024
429.962198 392.396100
544.930789 396.899373
653.234253 401.161335
755.377669 405.275700
851.907836 409.074211
943.344297 412.707155
305.733251 494.763975
430.969363 496.262038
548.392942 497.735185
658.938203 499.122524
763.100755 500.374379
861.357769 501.622239
954.237617 502.741977
303.990394 607.094080
432.050778 605.004630
552.237579 603.131249
665.031360 601.343032
771.168051 599.567497
871.310132 597.973714
965.766844 596.446439
302.050110 724.961579
433.188420 718.963995
556.185668 713.212260
671.374948 708.039554
779.609222 703.058318
881.467205 698.383035
977.604686 693.998356
91.206394 24.399204
229.344436 33.994903
360.773797 41.791954
489.333028 50.464804
613.327017 58.312230
733.576187 65.971426
849.850501 73.251465
97.694268 153.301791
233.148136 159.793249
364.094838 166.173818
490.878420 172.286618
613.717323 178.193625
732.772171 183.927536
848.125268 189.553780
103.679432 279.239064
237.482146 283.649688
367.072728 287.926995
492.666404 292.090828
614.313421 296.113384
732.215005 299.923064
846.513602 303.717084
109.231552 402.704250
241.860367 405.036112
370.053112 407.327187
494.346330 409.556957
614.832385 411.739541
731.589070 413.775112
844.909011 415.850302
114.889211 523.602636
246.018654 524.054183
373.010367 524.475083
495.992320 524.875447
615.375912 525.193352
731.019104 525.618137
843.259650 525.926442
120.469027 642.267594
250.174273 640.805275
375.887601 639.418269
497.708456 638.050347
615.900365 636.620335
730.542251 635.311000
841.753801 634.061526
125.959637 758.530623
254.264763 755.229861
378.758655 751.993909
499.371679 749.010249
616.436113 745.929818
729.987599 743.002521
840.196236 740.278293
136.011073 207.949567
284.091075 216.880800
424.187065 225.312592
557.207945 233.375119
683.432528 241.081052
803.396254 248.241395
917.641145 255.111679
150.918578 337.116409
293.351877 342.363143
428.335031 347.436650
556.520212 352.082967
678.468363 356.553994
794.647420 360.750474
905.352376 364.803125
165.079082 457.087622
301.946762 459.117938
432.087082 460.978735
555.908188 462.779596
673.904400 464.504416
786.476213 466.050654
893.882800 467.547923
178.063473 568.695249
310.067206 567.859690
435.523246 567.045023
555.334007 566.319638
669.619175 565.602007
778.731182 564.786343
883.110700 564.181876
190.240396 672.601264
317.565455 669.434625
438.956429 666.225551
554.695825 663.287442
665.613533 660.397191
771.434874 657.716649
872.904836 655.070378
201.707264 769.944895
324.677715 764.569467
441.977880 759.387733
554.280273 754.456217
661.744021 749.632139
764.725653 745.144766
863.399328 740.846130
212.493718 861.054246
331.218700 853.780494
444.950134 846.784416
553.799689 840.204930
658.197617 833.762835
758.229343 827.599020
854.342843 821.793015
116.717591 278.298550
241.204649 280.537447
363.723344 282.696750
484.679973 284.988070
603.972624 287.134752
721.709695 289.250868
837.751252 291.380582
110.257662 394.952118
235.838972 396.351107
359.454688 397.794047
481.404402 399.264579
601.749826 400.631861
720.382693 402.007078
837.293976 403.367841
103.814510 513.586194
230.339331 514.174120
355.064491 514.814993
478.160159 515.440782
599.428158 515.992820
718.968019 516.489274
836.860226 517.112643
97.146890 634.242461
224.982670 633.927288
350.755370 633.660519
474.771789 633.432265
597.026045 633.153129
717.553809 632.878025
836.429367 632.694574
90.439504 756.842246
219.332694 755.645412
346.199090 754.574035
471.296632 753.432499
594.589137 752.250221
716.136887 751.187622
835.865441 750.156885
83.755880 881.642970
213.672748 879.477785
341.667621 877.505041
467.797707 875.489515
592.174438 873.425181
714.747517 871.447592
835.494507 869.511500
76.712652 1008.467866
207.914874 1005.318320
337.140888 1002.323514
464.349115 999.534359
589.679679 996.546563
713.272710 993.644764
835.010634 990.829826
242.162132 168.936170
363.657600 177.590522
479.613313 185.702158
590.534113 193.677541
696.731492 201.207706
798.606216 208.426835
896.278092 215.335736
232.535823 262.439758
357.956154 269.081760
477.644868 275.461715
591.915016 281.566252
701.248410 287.447242
805.838114 293.000395
906.011479 298.307180
222.168249 362.052605
351.879073 366.559881
475.423337 370.832105
593.422512 374.946937
705.931534 378.860412
813.481367 382.511063
916.432521 386.139262
211.066152 468.627657
345.538584 470.550042
473.270225 472.416292
594.887689 474.149406
710.859077 475.942922
821.576233 477.534105
927.429590 479.140762
199.252756 582.719350
338.531102 581.682546
470.666251 580.883128
596.466052 580.050291
716.161099 579.206085
830.188043 578.498372
938.976895 577.805778
186.648106 705.128243
331.055983 700.808486
468.229561 696.877656
598.200854 693.056689
721.842496 689.391780
839.401130 686.004055
951.450572 682.731792
172.929746 836.846445
323.129238 828.815925
465.495557 821.109936
600.094631 813.927681
727.850244 807.027305
849.145941 800.570133
964.554283 794.437146
997.037636 412.029415
1090.005351 408.392255
1188.879358 404.748434
1294.570326 400.694104
1407.389688 396.489589
1528.325553 391.833968
1658.223313 386.835457
1008.726948 504.498825
1100.166734 503.910663
1197.223681 503.311109
1300.794048 502.610730
1411.209502 501.819301
1529.446027 501.024889
1656.211353 500.214706
1019.993022 593.542820
1109.875626 595.525653
1205.280584 597.686893
1306.725745 599.993416
1414.989063 602.527556
1530.556788 605.090454
1654.393692 607.992351
1030.809474 678.912016
1119.203031 683.381725
1212.913364 688.234876
1312.531285 693.366089
1418.575549 698.719457
1531.625192 704.581113
1652.522877 710.761623
1041.285573 761.106660
1128.253156 767.911423
1220.347390 775.144576
1318.081745 782.729791
1421.986122 790.917537
1532.676610 799.613004
1650.792593 808.916378
1051.284712 840.272034
1136.837819 849.208192
1227.376466 858.633419
1323.311794 868.593742
1425.209506 879.271027
1533.590264 890.600067
1649.074097 902.682896
1060.980056 916.505032
1145.156446 927.275045
1234.136939 938.758770
1328.428364 950.973044
1428.286931 963.930999
1534.435794 977.606418
1647.476616 992.284703
1039.356057 235.797884
1127.776548 227.425817
1221.473911 218.665714
1321.149544 209.354458
1427.092106 199.413319
1540.206688 188.841792
1661.078488 177.509069
1035.578131 325.213297
1124.392998 319.548927
1218.529572 313.475349
1318.676291 307.100562
1425.254362 300.206157
1539.018101 292.947078
1660.618711 285.228505
1031.760716 415.831573
1120.962999 412.710145
1215.591432 409.493300
1316.215100 406.036973
1423.435304 402.440789
1537.794475 398.447309
1660.257631 394.399728
1027.895608 507.295577
1117.511771 506.897343
1212.593140 506.623218
1313.722509 506.302477
1421.515346 505.866739
1536.601690 505.500240
1659.839745 505.024362
1024.068665 599.857016
1114.078746 602.255032
1209.554306 604.928740
1311.258397 607.650419
1419.585727 610.646833
1535.413515 613.772209
1659.421497 617.243237
1020.114696 693.495596
1110.439050 698.795769
1206.496927 704.456409
1308.596220 710.363244
1417.628095 716.830322
1534.176049 723.693582
1658.981821 731.082719
1016.147467 788.172736
1106.894694 796.280558
1203.391221 805.027017
1306.131667 814.381775
1415.676797 824.318361
1532.960436 834.984132
1658.560168 846.471749
1069.217093 182.782402
1154.275362 173.449670
1244.159293 163.683409
1339.492589 153.358967
1440.492555 142.352127
1548.021509 130.668515
1662.470441 118.228242
1059.309225 260.928670
1145.559659 253.779004
1236.853954 246.114286
1333.715213 238.091065
1436.606194 229.438482
1546.081766 220.351811
1662.770152 210.706207
1049.003216 341.972637
1136.544230 336.952018
1229.293966 331.716591
1327.770790 326.100847
1432.503275 320.186590
1544.025095 313.744206
1663.225690 307.106773
1038.370366 425.838621
1127.223616 423.152540
1221.461801 420.489236
1321.570648 417.560369
1428.187727 414.428583
1541.944564 411.207258
1663.600310 407.613542
1027.396892 512.821878
1117.586200 512.726353
1213.210845 512.776101
1315.189190 512.669647
1423.732435 512.685541
1539.847581 512.629949
1664.052772 512.706338
1015.965442 602.985155
1107.385422 605.704948
1204.793255 608.689757
1308.363099 611.722162
1419.064522 615.138821
1537.513095 618.657928
1664.439994 622.511286
1004.102357 696.558616
1097.027440 702.238563
1195.927659 708.343622
1301.479540 714.887419
1414.184938 721.840567
1535.151354 729.324079
1664.931618 737.378237
1148.435414 257.661190
1239.275098 252.100772
1334.073423 246.333525
1433.335960 240.363622
1537.094504 234.075291
1646.112493 227.486060
1760.404726 220.561722
1140.752299 334.041884
1233.671834 330.124240
1330.819279 325.977125
1432.633937 321.724406
1539.287653 317.179616
1651.246013 312.510202
1768.881927 307.579292
1132.607235 414.392329
1227.809071 412.147925
1327.431818 409.900210
1431.934138 407.512686
1541.527289 405.055779
1656.709169 402.352633
1778.027039 399.716436
1124.149434 498.881785
1221.653182 498.550704
1323.863581 498.379672
1431.142479 498.088772
1543.825251 497.846348
1662.517995 497.655367
1787.576849 497.328356
1115.221155 587.891074
1215.194020 589.690025
1319.951204 591.832399
1430.366440 593.896893
1546.301325 596.192838
1668.815347 598.537379
1797.783105 601.117162
1105.801320 681.760549
1208.174500 686.055422
1316.000202 690.672869
1429.358747 695.395756
1548.909900 700.571834
1675.314530 705.925509
1808.716709 711.568980
1095.776837 780.916427
1200.915846 787.882537
1311.661262 795.264562
1428.565121 803.124068
1551.687273 811.427832
1682.186408 820.148902
1820.274019 829.424809
1151.699045 377.947717
1257.046882 375.584077
1366.021991 373.262152
1479.038448 370.840813
1596.099954 368.370165
1717.659804 365.738378
1843.809900 363.071609
1151.267656 479.528128
1256.453946 479.051973
1365.423784 478.498658
1478.287462 477.999527
1595.169293 477.422694
1716.597469 476.872725
1842.676550 476.417458
1150.799323 581.073964
1255.858370 582.316695
1364.772939 583.614186
1477.458995 584.937252
1594.301769 586.413596
1715.565761 587.755917
1841.621938 589.392171
1150.373182 682.319719
1255.387120 685.277959
1364.076639 688.446651
1476.675929 691.689152
1593.409944 695.024730
1714.483345 698.500514
1840.124334 702.078179
1149.998904 783.408703
1254.854466 788.120644
1363.400453 793.068864
1475.896790 798.176376
1592.479757 803.534349
1713.491616 809.007241
1838.902046 814.765828
1149.564215 884.306453
1254.295795 890.808702
1362.789012 897.539194
1475.061366 904.565084
1591.476301 911.862713
1712.365464 919.354198
1837.637018 927.134793
1149.157171 984.913938
1253.723101 993.133047
1362.068028 1001.702815
1474.336895 1010.664265
1590.490369 1019.634085
1711.206417 1029.221574
1836.712646 1039.530116
1079.460873 257.472269
1185.899636 250.282199
1297.977916 242.892855
1416.481637 234.972088
1541.502978 226.682143
1673.791376 217.824018
1814.121594 208.435829
1089.441492 358.453501
1193.006178 354.216692
1301.798650 349.704154
1416.559106 344.913169
1537.448274 339.801906
1665.259227 334.489052
1800.454055 328.889251
1098.994767 453.910712
1199.715671 452.039605
1305.500073 450.068900
1416.672350 447.975064
1533.814636 445.894434
1657.333515 443.552356
1787.827187 441.190505
1107.932564 543.890080
1206.023824 544.213676
1308.827173 544.641278
1416.873203 545.090606
1530.442660 545.429368
1649.913293 545.857732
1775.913689 546.291922
1116.508832 629.011875
1212.052906 631.350659
1312.128039 633.789057
1417.027969 636.305713
1527.255453 639.027454
1643.021217 641.845543
1764.851581 644.794177
1124.513148 709.753440
1217.701185 713.886215
1315.105286 718.111416
1417.125619 722.550226
1524.091369 727.298011
1636.467862 732.190400
1754.410543 737.371869
1132.189028 786.342458
1223.010553 791.938631
1317.924802 797.813610
1417.275613 804.057264
1521.210327 810.571926
1630.248003 817.312488
1744.657116 824.492787
1140.851352 88.135946
1249.468781 80.416857
1362.018724 72.522870
1479.036883 64.314747
1600.023132 55.753905
1726.123300 46.910290
1857.232270 37.014503
1141.569639 195.306649
1249.257552 189.684082
1360.843568 183.743367
1476.645991 177.655658
1596.639259 171.299548
1721.361917 164.750287
1850.705116 157.927617
1142.221606 300.888270
1249.021592 297.055776
1359.720895 293.142120
1474.370405 289.022123
1593.227531 284.914327
1716.679586 280.445296
1845.061516 276.012160
1142.890756 404.524307
1248.785545 402.544375
1358.450430 400.585979
1472.084353 398.541334
1589.847270 396.356183
1712.116921 394.136917
1838.958914 391.807835
1143.655481 506.448031
1248.635888 506.293816
1357.322593 506.135816
1469.886393 505.963364
1586.585252 505.880356
1707.693682 505.683702
1833.290428 505.517150
1144.281532 606.744681
1248.345357 608.337725
1356.139055 609.917645
1467.650273 611.636444
1583.243725 613.481971
1703.250096 615.273684
1827.687892 617.205944
1144.942732 705.316314
1248.124376 708.491035
1354.937425 711.838677
1465.573327 715.408422
1580.072174 719.072531
1698.835546 722.748336
1822.108097 726.749226
