504.901606 401.722531
584.527098 397.657432
669.388320 393.511255
760.220872 389.027409
857.358238 384.267801
961.794233 379.087683
1074.164537 373.511868
527.064940 496.781210
605.736388 495.919775
689.390733 495.032714
778.772715 494.084656
874.282004 492.901674
976.795678 491.785055
1086.890680 490.630347
548.433409 588.117625
626.042073 589.997946
708.588015 592.080353
796.527393 594.245361
890.516818 596.643782
991.088289 599.073986
1098.979653 601.832001
568.885890 675.657874
645.541121 680.176661
726.909541 685.043269
813.551647 690.277261
905.988269 695.680624
1004.754358 701.511037
1110.457813 707.779619
588.597971 759.842394
664.308928 766.797970
744.621347 774.176037
829.938795 781.971024
920.819778 790.316998
1017.809871 799.192261
1121.446969 808.732978
607.517649 840.903010
682.274781 850.061589
761.488899 859.760215
845.517078 869.975829
934.978106 880.905206
1030.264332 892.579964
1131.920319 905.080051
625.766009 918.855236
699.591197 929.978749
777.653892 941.784640
860.556331 954.327437
948.537899 967.633000
1042.152074 981.804673
1141.968035 997.033454
631.895750 159.718044
706.404561 149.456441
785.272959 138.698071
869.001647 127.331343
957.919191 115.149272
1052.788945 102.213517
1153.808354 88.464026
614.017030 239.262492
689.346725 231.241600
769.151198 222.716801
853.957872 213.692154
944.332162 204.010381
1040.637321 193.841068
1143.407053 182.938312
595.459225 321.858662
671.690459 316.051567
752.489119 309.990954
838.466035 303.509347
930.095449 296.647794
1027.900852 289.259706
1132.550237 281.506566
576.299753 407.348348
653.348629 404.015494
735.175194 400.640937
822.279915 396.983114
915.270950 393.038934
1014.705815 388.925479
1121.169016 384.417248
556.475469 496.141442
634.356408 495.495339
717.100175 494.993871
805.546996 494.252539
899.816187 493.576924
1000.911811 492.790830
1109.191880 492.128702
535.806125 588.281820
614.436284 590.536811
698.434975 593.088941
787.915227 595.658646
883.708173 598.574088
986.411222 601.540785
1096.693435 604.800457
514.340018 683.954228
593.982544 689.346748
678.975232 695.137032
769.750629 701.426327
866.858061 708.068119
971.355409 715.177245
1083.600988 722.881230
916.535051 307.045681
1026.951607 314.619870
1130.168400 321.687171
1227.025930 328.424397
1318.024230 334.770149
1403.779802 340.579976
1484.582632 346.218682
906.982845 427.115469
1015.872002 430.625030
1117.774166 434.034931
1213.464930 437.159089
1303.425393 440.144923
1388.287374 442.923025
1468.308640 445.552587
897.885059 543.044618
1005.112125 542.854447
1105.734080 542.635311
1200.250737 542.516260
1289.267461 542.402672
1373.268012 542.119350
1452.570119 542.068552
888.947620 655.085173
994.793408 651.305180
1094.011996 647.809551
1187.461446 644.563463
1275.493070 641.503971
1358.608370 638.525534
1437.242002 635.840280
880.404592 763.276346
984.735519 756.251581
1082.719777 749.682488
1174.953198 743.580794
1262.168929 737.690624
1344.395714 732.229690
1422.303181 726.946799
872.183335 868.045179
975.061396 857.964986
1071.737953 848.508870
1163.005765 839.616044
1249.189596 831.120496
1330.688738 823.167058
1407.885846 815.661652
864.159799 969.358560
965.502312 956.378099
1061.141322 944.138194
1151.327429 932.758896
1236.620185 921.844044
1317.279012 911.524288
1393.799061 901.880957
857.681007 86.680040
956.805975 99.970692
1050.225447 112.382349
1138.599890 124.287860
1222.176300 135.531007
1301.501499 146.122620
1376.765705 156.202582
868.153531 180.460255
969.106271 191.187562
1064.241363 201.329076
1153.968141 210.891759
1238.796365 219.995035
1319.063005 228.575482
1395.186794 236.620624
879.102344 278.499626
981.908360 286.486361
1078.681166 294.012934
1169.905933 301.188871
1255.951128 307.954214
1337.305963 314.190689
1414.457541 320.270306
890.601563 381.118184
995.414775 386.039831
1093.833410 390.733450
1186.436103 395.133447
1273.751027 399.371691
1356.270217 403.309955
1434.380053 407.080825
902.640344 488.516595
1009.381834 490.111393
1109.470046 491.764450
1203.604487 493.334115
1292.368362 494.656874
1376.014153 496.051416
1455.060483 497.297838
915.358796 601.124649
1024.059612 599.167873
1126.036921 597.443455
1221.685086 595.769834
1311.732379 594.153699
1396.633122 592.628752
1476.722407 591.259087
928.551501 719.297578
1039.346617 713.443595
1143.289043 707.848024
1240.580393 702.811309
1331.989719 697.897835
1417.994167 693.314774
1499.113686 689.071682
686.189685 68.435640
794.641025 71.787823
901.658852 75.039870
1007.395873 78.387384
1111.799088 81.612148
1215.011893 84.823109
1316.934560 88.035548
683.406901 167.167244
793.531555 169.954752
902.224926 172.641505
1009.669187 175.398393
1115.667277 178.076302
1220.367574 180.774452
1323.696924 183.411103
680.541219 269.142287
792.384117 271.260533
902.793886 273.372978
1011.934439 275.497838
1119.582492 277.597034
1225.804966 279.620704
1330.720884 281.733293
677.583894 374.351810
791.285595 375.765113
903.461630 377.246587
1014.231989 378.698028
1123.549108 380.169241
1231.408891 381.640453
1337.911494 383.064016
674.586812 483.048247
790.127843 483.730107
904.029446 484.552455
1016.603462 485.298115
1127.684068 486.047053
1237.210495 486.843972
1345.259631 487.614966
671.505825 595.320331
788.819686 595.329079
904.781870 595.382201
1019.093017 595.397348
1131.909950 595.453838
1243.251863 595.488646
1353.019754 595.573847
668.265072 711.437961
787.565365 710.593663
905.463119 709.800970
1021.716507 709.110014
1136.322620 708.390023
1249.339169 707.676874
1360.879300 707.014429
588.003141 378.080559
698.178425 376.681825
810.618041 375.341368
925.730375 373.905701
1043.324368 372.492163
1163.527880 371.032108
1286.311139 369.478715
597.037086 488.667712
705.395708 488.496582
815.972721 488.391498
928.988496 488.210471
1044.405217 487.929187
1162.412419 487.759825
1282.860698 487.581589
605.886627 595.530395
712.420769 596.414705
821.100586 597.320687
932.128288 598.274867
1045.558788 599.208005
1161.385806 600.167226
1279.626837 601.233097
614.381198 698.615516
719.229108 700.508217
826.024141 702.506010
935.172674 704.549775
1046.606619 706.537332
1160.324633 708.613911
1276.428792 710.766115
622.664678 798.279350
725.794267 801.131377
830.897873 804.084153
938.135425 807.043002
1047.628021 810.104817
1159.345800 813.276922
1273.314759 816.474413
630.645223 894.768712
732.118774 898.505164
835.517384 902.307059
940.985719 906.181253
1048.593980 910.178801
1158.436413 914.311811
1270.416743 918.526243
638.412225 988.048216
738.237004 992.588628
840.000914 997.177906
943.797338 1001.991945
1049.543363 1006.850145
1157.482151 1011.830291
1267.580215 1017.027261
295.592700 375.429789
427.542023 380.763684
550.860408 385.658747
666.489448 390.391051
775.121847 394.853625
877.372731 398.886699
973.829078 402.780201
297.573293 492.228582
426.260090 493.600056
546.671065 494.969062
659.732582 496.175355
766.093148 497.355194
866.401729 498.357523
961.044864 499.403775
299.680715 603.187814
425.020482 601.052342
542.660081 598.971517
653.309631 597.098881
757.521780 595.326524
855.897017 593.528930
948.853400 591.932397
301.505713 708.794788
423.967512 703.381656
538.818282 698.276180
647.112582 693.562497
749.274540 689.090757
845.766397 684.753677
937.119899 680.783743
303.379294 809.238001
422.816251 801.025109
535.246551 793.159355
641.160710 785.838092
741.437768 778.837708
836.073080 772.327539
925.812900 766.026042
305.132266 905.269227
421.874639 894.362077
531.744865 884.016520
635.640419 874.277203
733.843743 864.970665
826.873718 856.237122
915.100223 847.980669
306.863725 996.851350
420.789196 983.525855
528.485669 970.822583
630.226161 958.923156
726.614524 947.600323
817.907633 936.852879
904.705049 926.732041
305.710243 154.774480
427.252731 166.792571
541.405134 177.945096
649.000048 188.634733
750.539251 198.710934
846.550794 208.153767
937.439340 217.137728
304.957827 264.622695
427.418384 273.282684
542.384134 281.427786
650.651856 289.097720
752.799166 296.378819
849.317468 303.209510
940.651155 309.691047
304.258999 376.071475
427.502782 381.340213
543.283825 386.266651
652.311190 391.001376
755.057906 395.388239
852.115151 399.455516
943.970920 403.392967
303.437804 489.315509
427.705654 490.985984
544.249357 492.593338
653.947352 494.150965
757.330952 495.659160
854.930219 496.956347
947.284049 498.295383
302.707251 604.112540
427.827537 602.190830
545.155432 600.440823
655.549488 598.828161
759.628717 597.214719
857.774060 595.793227
950.579244 594.348224
302.005309 720.762398
427.985283 715.154047
546.167143 709.876375
657.348693 704.951272
761.979392 700.228265
860.733816 695.839128
954.040890 691.671425
301.293662 839.139993
428.128213 829.751902
547.256533 820.741117
659.066723 812.482049
764.438664 804.573556
863.627018 797.163531
957.437654 790.206682
312.199259 93.796851
426.872364 106.892880
534.929665 119.088643
637.155368 130.828660
733.877431 141.899825
825.649950 152.329269
912.721994 162.269976
310.729176 187.404676
427.825942 197.927746
538.160735 207.869083
642.288260 217.260064
740.777727 226.181593
834.041633 234.610774
922.465289 242.593560
309.129765 285.177943
428.765275 293.018572
541.366479 300.368648
647.676013 307.347647
747.924202 313.944299
842.781715 320.069298
932.698147 326.008758
307.367853 387.552573
429.859488 392.336664
544.849133 396.841006
653.169502 401.104554
755.329777 405.220059
851.872200 409.020352
943.318147 412.659524
305.611032 494.718788
430.866759 496.217199
548.311545 497.691239
658.874301 499.080021
763.052633 500.334773
861.319652 501.583076
954.208199 502.705789
303.868786 607.062173
431.947626 604.974763
552.157698 603.100675
664.966474 601.314626
771.118874 599.541587
871.269808 597.947776
965.733797 596.421651
301.929788 724.942034
433.084892 718.947091
556.105878 713.195138
671.310223 708.023690
779.559369 703.045228
881.424677 698.369712
977.567965 693.985920
90.815358 24.041977
229.152571 33.799719
360.639238 41.589643
489.239818 50.264738
613.276332 58.135753
733.555328 65.823130
849.850136 73.128969
97.470910 153.160213
232.992597 159.679226
363.967850 166.064282
490.777628 172.179901
613.644262 178.090529
732.723771 183.829410
848.097528 189.462475
103.544596 279.182461
237.350394 283.578590
366.959455 287.852821
492.573398 292.015946
614.240633 296.038945
732.164133 299.848938
846.477744 303.645246
109.105524 402.664757
241.730356 404.980514
369.939120 407.270051
494.256212 409.500252
614.761895 411.684898
731.537956 413.721233
844.872707 415.797020
114.770682 523.577115
245.891526 524.014046
372.897103 524.434274
495.903318 524.834693
615.304910 525.154237
730.965762 525.581378
843.218463 525.890665
120.353278 642.252304
250.050026 640.776983
375.775640 639.391065
497.619288 638.023862
615.829431 636.595348
730.487477 635.288826
841.709469 634.040286
125.845153 758.523472
254.141631 755.212703
378.648384 751.980002
499.280305 748.997604
616.364977 745.916395
729.931497 742.992584
840.149795 740.270720
135.843852 207.855932
283.958663 216.790999
424.078299 225.223400
557.123740 233.287301
683.373792 240.996309
803.357793 248.158617
917.617243 255.036243
150.788234 337.063500
293.227851 342.296487
428.231403 347.369069
556.439159 352.018712
678.408029 356.491265
794.604038 360.690354
905.324233 364.745310
164.950568 457.048722
301.823801 459.067368
431.984200 460.928582
555.827843 462.730576
673.842887 464.457548
786.431720 466.006026
893.849515 467.505477
177.938244 568.665601
309.947050 567.823294
435.420891 567.010345
555.254126 566.284854
669.555171 565.569057
778.683874 564.755655
883.072855 564.151497
190.117289 672.579756
317.446051 669.409691
438.853772 666.203356
554.616010 663.265248
665.547855 660.376899
771.384448 657.698047
872.863070 655.052583
201.585632 769.930044
324.559662 764.555265
441.877005 759.375621
554.199044 754.444105
661.676898 749.620181
764.673529 745.135400
863.353856 740.838543
212.382021 861.051215
331.106731 853.777087
444.851015 846.784498
553.717351 840.204824
658.132089 833.760295
758.176640 827.599496
854.296769 821.795328
116.583872 278.242048
241.075719 280.466513
363.610172 282.620436
484.585530 284.912130
603.900023 287.059620
721.656764 289.176331
837.715639 291.307569
110.130769 394.910913
235.708097 396.294764
359.340384 397.735404
481.310723 399.205649
601.676982 400.575263
720.328637 401.951436
837.256186 403.313482
103.699898 513.561584
230.211288 514.134125
354.949663 514.771973
478.066381 515.399050
599.354721 515.951545
718.912919 516.450572
836.819507 517.075042
97.037813 634.229312
224.858391 633.900364
350.640701 633.632228
474.677847 633.405345
596.952725 633.127633
717.496457 632.854803
836.384911 632.673178
90.338440 756.839918
219.210949 755.629006
346.084151 754.559065
471.200058 753.420455
594.513932 752.238425
716.077373 751.178428
835.818372 750.150234
83.664654 881.671214
213.563283 879.481155
341.560621 877.508227
467.703272 875.499549
592.102638 873.431136
714.693673 871.451823
835.450668 869.519265
76.675256 1008.539091
207.842296 1005.369800
337.047341 1002.360888
464.267751 999.588933
589.616284 996.597168
713.228693 993.688436
834.970722 990.868988
242.014206 168.828924
363.533493 177.488621
479.511044 185.603597
590.455786 193.580851
696.673956 201.114996
798.567441 208.335998
896.253675 215.252012
232.407414 262.366907
357.842567 269.006210
477.549663 275.385102
591.838957 281.489749
701.191187 287.371383
805.797328 292.927204
905.984873 298.239504
222.038833 361.993419
351.763724 366.495576
475.329220 370.769051
593.347972 374.885952
705.874976 378.800837
813.441232 382.453454
916.406158 386.086403
210.938354 468.583674
345.421497 470.501148
473.175042 472.368217
594.814061 474.102846
710.803015 475.898421
821.534626 477.492184
927.399500 479.100561
199.126436 582.689863
338.414942 581.648654
470.570625 580.849316
596.393357 580.017017
716.104839 579.176265
830.143724 578.469693
938.943863 577.778896
186.526543 705.110496
330.939393 700.787685
468.133579 696.857830
598.127043 693.037839
721.786014 689.375439
839.355895 685.989830
951.413480 682.717688
172.819468 836.845185
323.016556 828.808205
465.398097 821.106541
600.020290 813.923797
727.792623 807.023767
849.100745 800.569280
964.515723 794.435302
997.015272 411.989057
1089.987909 408.364968
1188.870215 404.729860
1294.571983 400.680848
1407.401421 396.483119
1528.341925 391.833299
1658.240727 386.840742
1008.699577 504.469339
1100.143241 503.893492
1197.210144 503.300837
1300.790314 502.606258
1411.216814 501.820081
1529.461133 501.029179
1656.227464 500.222968
1019.960290 593.524124
1109.847587 595.517130
1205.262206 597.685888
1306.718012 599.997805
1414.991732 602.537682
1530.570057 605.101889
1654.410142 608.006180
1030.774155 678.903350
1119.171274 683.382521
1212.890814 688.243944
1312.518294 693.380627
1418.574989 698.739539
1531.637296 704.602142
1652.537529 710.782695
1041.247608 761.106469
1128.219341 767.920164
1220.320648 775.160872
1318.065454 782.751571
1421.981950 790.943553
1532.685539 799.640557
1650.810494 808.947775
1051.248381 840.278008
1136.803671 849.221331
1227.350338 858.654732
1323.296894 868.621537
1425.208570 879.307798
1533.607201 890.644060
1649.108366 902.731954
1060.933977 916.509793
1145.115620 927.293992
1234.104153 938.789251
1328.406721 951.014703
1428.282964 963.991725
1534.454201 977.676711
1647.521285 992.364165
1039.345997 235.747945
1127.773992 227.384024
1221.483353 218.631417
1321.170791 209.330115
1427.117675 199.400183
1540.230358 188.839926
1661.098642 177.517986
1035.559291 325.170216
1124.380521 319.515858
1218.527819 313.449502
1318.684822 307.080161
1425.270388 300.194215
1539.035410 292.944211
1660.633896 285.234684
1031.738936 415.798114
1120.945959 412.687056
1215.584938 409.476397
1316.218325 406.025971
1423.447392 402.435295
1537.810227 398.446988
1660.274805 394.405895
1027.867764 507.269949
1117.489541 506.881844
1212.580868 506.614455
1313.720685 506.299379
1421.523613 505.868736
1536.615818 505.505414
1659.856093 505.033058
1024.036612 599.839097
1114.050857 602.248267
1209.535850 604.928878
1311.250273 607.655855
1419.589224 610.658033
1535.427068 613.785540
1659.437083 617.256971
1020.078757 693.487102
1110.405650 698.797359
1206.472444 704.466382
1308.582508 710.379631
1417.625501 716.852658
1534.187870 723.717219
1658.996582 731.106723
1016.109691 788.172077
1106.859649 796.288617
1203.363615 805.043187
1306.114744 814.404028
1415.672739 824.346986
1532.972584 835.016736
1658.586171 846.510017
1069.210136 182.732240
1154.278048 173.404655
1244.175327 163.646214
1339.519982 153.329331
1440.522061 142.334782
1548.050428 130.661051
1662.496378 118.233193
1059.296797 260.883852
1145.554639 253.740467
1236.861712 246.083065
1333.733552 238.068999
1436.628396 229.427196
1546.102574 220.351383
1662.788697 210.716958
1048.986582 341.934161
1136.531382 336.923306
1229.292470 331.693398
1327.777943 326.082720
1432.518646 320.175473
1544.042628 313.740814
1663.241942 307.113160
1038.348165 425.807344
1127.206438 423.130633
1221.455418 420.473271
1321.573516 417.550512
1428.200250 414.424767
1541.960429 411.208488
1663.617553 407.620220
1027.368803 512.796646
1117.563128 512.711650
1213.197679 512.767525
1315.186243 512.667618
1423.740516 512.688487
1539.861731 512.635825
1664.069282 512.715702
1015.932286 602.966814
1107.356327 605.697799
1204.773866 608.689617
1308.354611 611.728268
1419.067483 615.150878
1537.525443 618.671379
1664.456087 622.526393
1004.066252 696.548707
1096.993084 702.239668
1195.901668 708.353494
1301.464394 714.903530
1414.182024 721.863264
1535.162300 729.346307
1664.948132 737.401787
1148.431021 257.621916
1239.281623 252.070718
1334.090388 246.311088
1433.358172 240.351934
1537.115907 234.074317
1646.130056 227.495339
1760.412887 220.590530
1140.739400 334.012607
1233.670601 330.101064
1330.827257 325.959263
1432.649567 321.713510
1539.303900 317.176468
1651.262651 312.515029
1768.891442 307.589370
1132.591771 414.369600
1227.803734 412.131986
1327.435851 409.889693
1431.947885 407.508444
1541.543132 405.056220
1656.726157 402.358222
1778.041812 399.724383
1124.128044 498.865896
1221.641762 498.541627
1323.862391 498.376313
1431.151650 498.090590
1543.840643 497.851713
1662.535601 497.664650
1787.593875 497.339489
1115.193917 587.882502
1215.176602 589.688766
1319.944257 591.837401
1430.371638 593.907256
1546.315514 596.204215
1668.832381 598.551181
1797.805185 601.135075
1105.768758 681.760042
1208.150548 686.063613
1315.987998 690.688365
1429.358961 695.415441
1548.923223 700.593325
1675.330551 705.947245
1808.751191 711.597970
1095.741759 780.922958
1200.888293 787.897051
1311.644722 795.287147
1428.561753 803.151719
1551.698186 811.457192
1682.208840 820.182488
1820.361234 829.486501
1151.687125 377.923832
1257.045958 375.567840
1366.030752 373.251030
1479.054758 370.836311
1596.117060 368.372352
1717.676078 365.745312
1843.817825 363.077111
1151.250570 479.513155
1256.447575 479.043864
1365.427487 478.496618
1478.300922 478.001736
1595.184546 477.429139
1716.614623 476.882013
1842.691498 476.427959
1150.776694 581.066378
1255.846714 582.316785
1364.771126 583.620379
1477.469255 584.946732
1594.316223 586.424968
1715.583430 587.770603
1841.648962 589.409813
1150.344439 682.322406
1255.368551 685.289310
1364.069018 688.463066
1476.684051 691.709725
1593.424243 695.044706
1714.502598 698.522657
1840.166641 702.108931
1149.966211 783.418837
1254.831374 788.139708
1363.389101 793.092648
1475.899451 798.203794
1592.493516 803.564731
1713.519194 809.042357
1838.993511 814.827143
1149.528058 884.323018
1254.269573 890.835505
1362.776013 897.576306
1475.068963 904.611466
1591.503216 911.913932
1712.436751 919.426151
1837.852281 927.278108
1149.120305 984.946420
1253.699730 993.186604
1362.068955 1001.799163
1474.372349 1010.787210
1590.531664 1019.732320
1711.315933 1029.348941
1837.033252 1039.785986
1079.450353 257.428567
1185.900442 250.246603
1297.991795 242.867551
1416.503140 234.958468
1541.523957 226.680480
1673.808911 217.834095
1814.127058 208.476924
1089.424934 358.421378
1192.999633 354.193558
1301.802965 349.688167
1416.572665 344.903081
1537.464123 339.799324
1665.276650 334.494667
1800.463100 328.899251
1098.974718 453.888588
1199.705300 452.025174
1305.500433 450.060741
1416.682642 447.971894
1533.829967 445.895619
1657.350433 443.559416
1787.841697 441.199809
1107.907583 543.877052
1206.007772 544.207296
1308.822395 544.641709
1416.879721 545.096031
1530.456186 545.436820
1649.929627 545.867982
1775.932629 546.304721
1116.480222 629.007918
1212.032890 631.353256
1312.118733 633.798047
1417.030135 636.319560
1527.268036 639.042071
1643.036623 641.861318
1764.873934 644.814081
1124.481326 709.757969
1217.677264 713.898561
1315.091574 718.129037
1417.123468 722.573613
1524.103083 727.321744
1636.482627 732.213428
1754.434917 737.400954
1132.155059 786.351137
1222.983445 791.955338
1317.907819 797.835318
1417.269571 804.084381
1521.217981 810.600207
1630.263634 817.343784
1744.691490 824.534473
1140.857625 88.067068
1249.498737 80.354223
1362.070849 72.472790
1479.093895 64.290568
1600.070510 55.752950
1726.158007 46.937586
1857.240940 37.072624
1141.570014 195.261360
1249.272374 189.650425
1360.868956 183.721450
1476.672170 177.646468
1596.663617 171.301502
1721.379608 164.769619
1850.707943 157.983800
1142.211502 300.854956
1249.024042 297.030668
1359.734079 293.124510
1474.388310 289.013711
1593.244282 284.915580
1716.692543 280.457330
1845.059525 276.039319
1142.876614 404.502708
1248.783238 402.528934
1358.458303 400.576998
1472.100045 398.538110
1589.863634 396.358854
1712.133987 394.145264
1838.969949 391.814814
1143.635636 506.434486
1248.627027 506.287411
1357.323747 506.135960
1469.898741 505.967115
1586.600047 505.886045
1707.710946 505.693498
1833.306685 505.529048
1144.256099 606.739331
1248.330498 608.341221
1356.135002 609.926937
1467.658904 611.649062
1583.258072 613.494718
1703.268246 615.288491
1827.716254 617.224920
1144.912386 705.322183
1248.103817 708.504892
1354.927788 711.858039
1465.578431 715.430709
1580.085458 719.094624
1698.854371 722.772448
1822.147419 726.782559
