504.996060 401.767322
584.606845 397.703704
669.456450 393.561737
760.275685 389.078109
857.400181 384.320306
961.823550 379.144929
1074.179861 373.559602
527.152744 496.819290
605.814542 495.960906
689.457430 495.074570
778.827074 494.126860
874.325513 492.945806
976.828235 491.834875
1086.910709 490.669547
548.516053 588.152342
626.118529 590.035984
708.652925 592.115838
796.583459 594.281793
890.562103 596.682399
991.122424 599.115631
1099.003146 601.861878
568.964673 675.688883
645.616136 680.209967
726.974570 685.075533
813.609357 690.307726
906.035995 695.713571
1004.791432 701.540801
1110.484817 707.797875
588.678031 759.875127
664.383767 766.829635
744.686356 774.204003
829.998187 781.998643
920.868353 790.344084
1017.848053 799.213536
1121.474121 808.740664
607.593040 840.931429
682.343925 850.086191
761.547185 859.779321
845.569662 869.990198
935.019159 880.923105
1030.302213 892.596068
1131.950241 905.075903
625.827909 918.875945
699.647717 929.995997
777.705465 941.796555
860.607106 954.334203
948.580488 967.647948
1042.186428 981.810892
1141.991053 997.001630
631.962349 159.784008
706.455647 149.519120
785.305609 138.753839
869.015903 127.380332
957.927673 115.187690
1052.793619 102.253100
1153.803143 88.509571
614.090779 239.323691
689.407502 231.303611
769.195266 222.779739
853.987230 213.752813
944.350181 204.066600
1040.643679 193.888213
1143.401660 182.980250
595.536945 321.910397
671.755553 316.108351
752.543054 310.047403
838.505018 303.566617
930.124288 296.704561
1027.918571 289.312068
1132.553669 281.553407
576.381017 407.393191
653.418441 404.065084
735.234398 400.690808
822.325911 397.033485
915.305519 393.092876
1014.729440 388.980989
1121.179350 384.461213
556.559682 496.179305
634.432318 495.538760
717.161640 495.034374
805.598755 494.295021
899.856725 493.623602
1000.940904 492.840535
1109.208540 492.166021
535.890668 588.314546
614.514515 590.573831
698.500752 593.125850
787.972064 595.694116
883.755428 598.612474
986.446513 601.581262
1096.717436 604.830128
514.427067 683.982701
594.061989 689.379515
679.044836 695.170470
769.811162 701.456746
866.911200 708.099217
971.395450 715.208265
1083.630524 722.901437
916.565384 307.102516
1026.970544 314.672894
1130.175531 321.731977
1227.018941 328.464741
1318.002829 334.807560
1403.743114 340.613434
1484.532592 346.254987
907.019618 427.166674
1015.897012 430.677667
1117.787224 434.074740
1213.464334 437.195199
1303.410427 440.176405
1388.256405 442.949217
1468.261200 445.578322
897.927957 543.087803
1005.143891 542.898840
1105.754229 542.668409
1200.256675 542.543527
1289.257863 542.425163
1373.242145 542.138319
1452.526632 542.083556
888.995666 655.120430
994.829396 651.341953
1094.038986 647.834260
1187.473605 644.581658
1275.490193 641.516436
1358.589265 638.533662
1437.205874 635.843536
880.457784 763.305761
984.776357 756.279280
1082.751763 749.700256
1174.971721 743.589778
1262.172443 737.692231
1344.383150 732.225994
1422.274034 726.937302
872.232082 868.059110
975.100099 857.983794
1071.771380 848.520884
1163.027361 839.616716
1249.194782 831.113509
1330.678074 823.155138
1407.859828 815.642840
864.211183 969.359044
965.545690 956.393689
1061.179484 944.146829
1151.354177 932.748138
1236.630979 921.825614
1317.270243 911.498574
1393.772947 901.845779
857.681758 86.731897
956.809351 100.009350
1050.229851 112.419529
1138.595640 124.327618
1222.157533 135.564163
1301.466310 146.149088
1376.718642 156.227365
868.178314 180.515466
969.121066 191.238986
1064.245184 201.374405
1153.960043 210.936270
1238.773551 220.034567
1319.028350 228.608580
1395.140565 236.650908
879.136068 278.559308
981.932743 286.542461
1078.692210 294.061039
1169.906798 301.232954
1255.937634 307.994313
1337.280480 314.227424
1414.417878 320.303872
890.637967 381.171226
995.440849 386.097008
1093.847171 390.779573
1186.438007 395.173009
1273.738503 399.406995
1356.243493 403.342505
1434.337143 407.109225
902.680379 488.563276
1009.410436 490.160371
1109.487387 491.801383
1203.607995 493.365145
1292.356616 494.684829
1375.987787 496.074178
1455.016477 497.315848
915.401027 601.164838
1024.091618 599.206681
1126.056755 597.470030
1221.690056 595.790615
1311.720598 594.170210
1396.605287 592.640029
1476.676203 591.265917
928.596816 719.329227
1039.381158 713.469692
1143.311137 707.862716
1240.586178 702.818627
1331.977825 697.900115
1417.964482 693.310970
1499.064750 689.063904
686.225064 68.522075
794.646344 71.854039
901.651692 75.088258
1007.397277 78.425251
1111.798974 81.658969
1214.996594 84.864417
1316.894999 88.070804
683.465258 167.230392
793.567789 170.013028
902.245155 172.693972
1009.678238 175.443774
1115.665419 178.118872
1220.348624 180.811429
1323.659608 183.440671
680.603978 269.201160
792.429079 271.319638
902.823879 273.432512
1011.952861 275.551399
1119.587590 277.643623
1225.793462 279.662374
1330.692838 281.769201
677.650221 374.403231
791.335134 375.817539
903.497036 377.301152
1014.254272 378.754268
1123.559048 380.212987
1231.402879 381.678012
1337.887878 383.098573
674.655643 483.091196
790.180987 483.773252
904.069587 484.599500
1016.631378 485.346755
1127.699429 486.082917
1237.208424 486.874377
1345.238784 487.639581
671.576648 595.356275
788.877015 595.365160
904.825234 595.422254
1019.124586 595.436886
1131.929149 595.480864
1243.252989 595.507997
1353.000764 595.586918
668.338001 711.470575
787.626267 710.623861
905.510110 709.833441
1021.753453 709.138279
1136.346095 708.405217
1249.344309 707.682383
1360.862746 707.012595
588.083467 378.128662
698.242423 376.733258
810.665053 375.393034
925.762512 373.962070
1043.343493 372.544492
1163.532624 371.073841
1286.296458 369.515336
597.115718 488.708837
705.460349 488.538632
816.022598 488.434761
929.024085 488.259189
1044.429128 487.974474
1162.422030 487.794069
1282.850520 487.609567
605.964820 595.566331
712.485294 596.450098
821.154856 597.357691
932.168334 598.314960
1045.588813 599.244202
1161.400514 600.191449
1279.621856 601.250395
614.459327 698.649410
719.295374 700.540120
826.081023 702.537201
935.216109 704.582114
1046.639524 706.563203
1160.344675 708.627794
1276.428569 710.770107
622.742162 798.310293
725.859284 801.158012
830.955543 804.107909
938.180495 807.067416
1047.663016 810.121788
1159.367195 813.281022
1273.315330 816.466754
630.712629 894.790659
732.174527 898.521635
835.568978 902.319814
941.026914 906.196696
1048.632354 910.191330
1158.461773 914.303522
1270.418895 918.503551
638.465292 988.058162
738.290454 992.586718
840.056392 997.172806
943.835981 1001.995140
1049.573451 1006.850179
1157.502348 1011.790079
1267.571856 1016.955821
295.718824 375.468555
427.649878 380.806226
550.945928 385.705419
666.558475 390.441176
775.175546 394.904193
877.412231 398.938192
973.856860 402.837674
297.693856 492.261146
426.365488 493.634756
546.755185 495.007739
659.802463 496.218083
766.148396 497.396403
866.447396 498.400611
961.078457 499.452981
299.797032 603.216832
425.122770 601.080714
542.744805 599.005050
653.383083 597.135501
757.580391 595.361452
855.948215 593.566036
948.891679 591.974072
301.617301 708.823865
424.066266 703.409024
538.902175 698.305491
647.187381 693.594853
749.336746 689.121344
845.821471 684.785135
937.162414 680.818034
303.483452 809.270539
422.913247 801.054375
535.333118 793.188406
641.236111 785.869998
741.502285 778.866618
836.132410 772.355379
925.861844 766.056055
305.218821 905.304128
421.966563 894.389464
531.827775 884.038972
635.710476 874.300535
733.904009 864.989515
826.928772 856.253444
915.145004 847.997900
306.902121 996.894199
420.845709 983.554798
528.545843 970.840395
630.280846 958.940890
726.667454 947.613802
817.959416 936.864267
904.750181 926.744534
305.858568 154.844507
427.374224 166.858045
541.500556 178.010508
649.066416 188.699612
750.586745 198.773639
846.581274 208.213867
937.459743 217.195806
305.087184 264.672152
427.530000 273.333111
542.473814 281.481085
650.720322 289.155209
752.851080 296.436159
849.356160 303.266685
940.680488 309.748982
304.383698 376.110174
427.611597 381.382456
543.370868 386.312791
652.382072 391.051170
755.113204 395.437518
852.157138 399.505254
944.002356 403.448159
303.557561 489.348043
427.811435 491.020518
544.334700 492.632901
654.018034 494.194016
757.387843 495.700752
854.976395 496.998946
947.318562 498.344689
302.823136 604.141591
427.929023 602.218693
545.238695 600.474322
655.622320 598.864496
759.687131 597.249818
857.824320 595.830210
950.617027 594.390181
302.115946 720.791419
428.082604 715.182260
546.250211 709.907776
657.422976 704.984419
762.040352 700.259063
860.787512 695.870583
954.082162 691.704526
301.395237 839.173663
428.224413 829.781386
547.341588 820.767980
659.138844 812.510425
764.498744 804.598946
863.682208 797.188561
957.481689 790.233257
312.364473 93.882456
427.002265 106.969601
535.029926 119.158659
637.220297 130.894194
733.924423 141.960430
825.677483 152.382906
912.739977 162.317474
310.870138 187.467892
427.943876 197.989954
538.255083 207.931123
642.357182 217.324034
740.828202 226.244012
834.077058 234.672380
922.489902 242.652932
309.257425 285.225008
428.875488 293.067859
541.456288 300.420933
647.746180 307.403660
747.978485 313.999098
842.821852 320.125796
932.728738 326.068374
307.492724 387.590648
429.966869 392.377441
544.936102 396.886373
653.240857 401.153963
755.385710 405.269917
851.914401 409.070355
943.349959 412.714029
305.731501 494.750909
430.971057 496.250975
548.396824 497.729707
658.944552 499.122217
763.109119 500.376000
861.365513 501.626464
954.242425 502.754605
303.984060 607.090916
432.049054 605.003524
552.239949 603.134227
665.038395 601.350604
771.177060 599.576449
871.318739 597.985486
965.770258 596.463864
302.040294 724.971628
433.182570 718.975424
556.188448 713.226432
671.383226 708.056558
779.619797 703.074994
881.475836 698.402203
977.606424 694.019081
91.413104 24.349250
229.410753 33.937337
360.803634 41.725336
489.375514 50.400693
613.344615 58.243584
733.576318 65.902190
849.846271 73.184495
97.770866 153.262897
233.171272 159.752042
364.102908 166.131828
490.883992 172.246376
613.718872 178.155439
732.773729 183.892582
848.125370 189.519636
103.717794 279.214653
237.493367 283.621874
367.079312 287.900995
492.672252 292.067235
614.317111 296.094215
732.219971 299.906017
846.516764 303.703383
109.251975 402.677518
241.862825 405.014208
370.055058 407.307555
494.350811 409.541872
614.837553 411.731405
731.597508 413.768774
844.916385 415.846465
114.892890 523.581473
246.015989 524.041783
373.007994 524.465045
495.995074 524.869142
615.381005 525.193540
731.027040 525.621477
843.267751 525.931141
120.458839 642.258825
250.166773 640.804634
375.882853 639.419462
497.708642 638.053285
615.905706 636.630118
730.550958 635.322316
841.763381 634.074594
125.938382 758.539194
254.251506 755.242805
378.750365 752.008781
499.368920 749.025499
616.441568 745.949248
729.996141 743.022193
840.206081 740.299599
136.055485 207.919760
284.100753 216.847802
424.193398 225.281181
557.211933 233.347107
683.434704 241.057661
803.398263 248.219649
917.643427 255.094895
150.939136 337.091051
293.356134 342.337532
428.340580 347.414523
556.525004 352.067472
678.474002 356.543446
794.654212 360.742547
905.358527 364.800595
165.085566 457.067737
301.947135 459.101601
432.089907 460.964924
555.911952 462.772205
673.910721 464.501495
786.484360 466.049466
893.890209 467.551408
178.060813 568.683876
310.063532 567.853155
435.523135 567.040424
555.337325 566.320362
669.626214 565.607360
778.739615 564.792592
883.118778 564.192100
190.229908 672.601855
317.557975 669.438800
438.953050 666.230691
554.698273 663.296085
665.620655 660.409970
771.443538 657.729585
872.913405 655.085537
201.692634 769.959070
324.667058 764.585902
441.972027 759.403982
554.281825 754.475051
661.751552 749.652629
764.735053 745.165064
863.408932 740.868084
212.475026 861.090844
331.206770 853.811424
444.945797 846.812931
553.800834 840.231749
658.203705 833.787561
758.237664 827.622608
854.352494 821.817734
116.752641 278.274447
241.215822 280.511400
363.730765 282.670551
484.686685 284.963524
603.976672 287.114664
721.714183 289.234621
837.755016 291.365899
110.279076 394.925990
235.842393 396.327684
359.457651 397.773802
481.409793 399.248397
601.754485 400.622664
720.389842 402.000277
837.300650 403.363866
103.821502 513.561485
230.338204 514.160399
355.063449 514.803899
478.162381 515.433194
599.432358 515.992016
718.975698 516.490919
836.867908 517.117010
97.137121 634.227596
224.974953 633.925305
350.749395 633.660218
474.771511 633.434772
597.031234 633.161578
717.561626 632.888576
836.438179 632.708529
90.409983 756.847528
219.317890 755.658101
346.189324 754.588413
471.293196 753.448048
594.592919 752.270047
716.145006 751.208933
835.876035 750.178628
83.704841 881.705962
213.650715 879.521598
341.654141 877.540584
467.791585 875.524534
592.176735 873.454764
714.755459 871.472488
835.503232 869.535400
76.582521 1008.632935
207.835614 1005.428164
337.095670 1002.401239
464.326626 999.611998
589.673310 996.604817
713.280842 993.687873
835.024515 990.863889
242.179302 168.897538
363.665013 177.553425
479.619252 185.666399
590.537273 193.645046
696.732026 201.179039
798.606512 208.398938
896.278884 215.311165
232.549373 262.412594
357.963709 269.056055
477.650614 275.436156
591.919239 281.545870
701.252177 287.429580
805.840767 292.985270
906.015098 298.296207
222.176166 362.027512
351.884214 366.536700
475.427806 370.813821
593.427458 374.935144
705.938625 378.851385
813.488100 382.504539
916.439213 386.139965
211.068968 468.609044
345.539079 470.533989
473.272548 472.404762
594.892255 474.144935
710.866895 475.941713
821.584610 477.536029
927.435832 479.149513
199.248584 582.710759
338.527933 581.677792
470.666228 580.880580
596.470404 580.054260
716.168954 579.212468
830.196303 578.507728
938.981912 577.820967
186.636942 705.132702
331.047916 700.816355
468.226810 696.886253
598.205633 693.070521
721.851261 689.406348
839.410795 686.021476
951.454648 682.751764
172.908155 836.879122
323.117558 828.841539
465.491646 821.134336
600.098265 813.951951
727.858561 807.049821
849.155442 800.593958
964.557829 794.460525
997.041909 412.045966
1090.002582 408.410821
1188.872475 404.768602
1294.556288 400.716303
1407.363902 396.513331
1528.284585 391.865738
1658.162615 386.871140
1008.728612 504.517640
1100.162109 503.928885
1197.214671 503.331899
1300.778136 502.632405
1411.182228 501.840594
1529.404223 501.047786
1656.149838 500.239902
1019.992460 593.563863
1109.869165 595.546187
1205.269573 597.708045
1306.707463 600.013895
1414.959759 602.547046
1530.513239 605.106586
1654.331243 608.008109
1030.808287 678.933322
1119.196240 683.402165
1212.901592 688.255829
1312.510298 693.384501
1418.545355 698.735166
1531.581812 704.590965
1652.458190 710.767199
1041.284374 761.129037
1128.246012 767.931007
1220.333068 775.162119
1318.058008 782.744962
1421.952748 790.926969
1532.629450 799.613973
1650.726078 808.912917
1051.282375 840.291816
1136.829033 849.222469
1227.360524 858.645282
1323.285845 868.602772
1425.174240 879.270801
1533.540529 890.586581
1649.001012 902.661708
1060.973285 916.522455
1145.143845 927.285881
1234.115447 938.766970
1328.395739 950.972986
1428.242609 963.911130
1534.371096 977.569751
1647.383905 992.235531
1039.353197 235.798812
1127.771181 227.429914
1221.464247 218.671256
1321.133938 209.362414
1427.066675 199.432696
1540.165831 188.876118
1661.021739 177.549488
1035.578151 325.223776
1124.388146 319.561632
1218.521353 313.490680
1318.661501 307.118462
1425.227147 300.228969
1538.976127 292.980309
1660.559717 285.267215
1031.761644 415.850386
1120.957413 412.728632
1215.582718 409.513880
1316.198678 406.059875
1423.407558 402.465243
1537.751850 398.478383
1660.197067 394.434057
1027.895880 507.316088
1117.506209 506.915926
1212.583493 506.643976
1313.705281 506.323832
1421.486554 505.887601
1536.558283 505.523126
1659.776822 505.048975
1024.068580 599.878482
1114.072587 602.275934
1209.542866 604.949138
1311.239138 607.670624
1419.555641 610.666124
1535.369484 613.787982
1659.356412 617.256589
1020.114020 693.516687
1110.432526 698.816079
1206.484035 704.475675
1308.575810 710.382268
1417.596872 716.845150
1534.131137 723.700851
1658.914566 731.086097
1016.148365 788.195428
1106.888618 796.299683
1203.377673 805.043545
1306.108370 814.395092
1415.644017 824.324809
1532.912725 834.980917
1658.491911 846.462145
1069.212871 182.776419
1154.270854 173.445933
1244.151255 163.678963
1339.479588 153.356400
1440.471311 142.372471
1547.986288 130.702031
1662.418618 118.271567
1059.306564 260.934021
1145.552801 253.787640
1236.843274 246.124209
1333.697671 238.102806
1436.576806 229.461568
1546.039011 220.386453
1662.711596 210.747503
1049.003687 341.985428
1136.538741 336.966589
1229.284891 331.734104
1327.754751 326.120321
1432.475686 320.210600
1543.983292 313.778667
1663.166495 307.146286
1038.370707 425.857717
1127.217913 423.171405
1221.452039 420.510451
1321.553761 417.582973
1428.159176 414.453257
1541.902391 411.237821
1663.538931 407.646850
1027.397074 512.842137
1117.580520 512.745312
1213.200773 512.796641
1315.172202 512.691424
1423.704207 512.707124
1539.804671 512.652541
1663.990107 512.730783
1015.964803 603.006420
1107.379666 605.725812
1204.782001 608.710355
1308.344111 611.742122
1419.034942 615.157731
1537.468791 618.673430
1664.374253 622.525675
1004.102541 696.579060
1097.022080 702.259435
1195.915636 708.364053
1301.459056 714.905358
1414.153411 721.854977
1535.106200 729.331085
1664.864562 737.381226
1148.429162 257.669981
1239.263323 252.111457
1334.056528 246.344467
1433.307476 240.385933
1537.053184 234.109551
1646.055785 227.525007
1760.330913 220.608409
1140.746409 334.055600
1233.662322 330.140900
1330.803411 325.997074
1432.606421 321.748642
1539.247048 317.212811
1651.189647 312.548670
1768.811469 307.617500
1132.601827 414.411166
1227.799271 412.169209
1327.414940 409.922927
1431.906155 407.537306
1541.485217 405.086285
1656.649060 402.386435
1777.957355 399.746469
1124.143225 498.900773
1221.642577 498.571610
1323.845075 498.401678
1431.113099 498.110498
1543.782122 497.869932
1662.457159 497.681126
1787.504214 497.350191
1115.214960 587.910825
1215.182476 589.710184
1319.930670 591.853246
1430.336032 593.916084
1546.256520 596.210245
1668.749673 598.553389
1797.709288 601.130279
1105.795363 681.781349
1208.162406 686.075827
1315.979848 690.691814
1429.325856 695.410756
1548.863611 700.581603
1675.244416 705.930887
1808.640656 711.571543
1095.771261 780.936938
1200.902873 787.899523
1311.638137 795.278970
1428.530945 803.133117
1551.637587 811.426251
1682.114857 820.142121
1820.205368 829.422209
1151.693478 377.965441
1257.036033 375.604584
1366.001946 373.285744
1479.005009 370.870501
1596.050019 368.406058
1717.591844 365.776194
1843.738906 363.101020
1151.261426 479.548168
1256.441372 479.073371
1365.401369 478.521103
1478.252377 478.023282
1595.118884 477.449376
1716.527722 476.898786
1842.600324 476.437899
1150.792106 581.093720
1255.844620 582.337291
1364.749394 583.634504
1477.422844 584.954515
1594.248014 586.431256
1715.493684 587.772234
1841.546698 589.405246
1150.365168 682.339697
1255.371124 685.298465
1364.050868 688.463851
1476.640101 691.702055
1593.356130 695.033479
1714.410064 698.506361
1840.051012 702.081918
1149.989652 783.427085
1254.837325 788.136932
1363.372856 793.081733
1475.856553 798.181732
1592.422900 803.532833
1713.418197 809.002486
1838.833405 814.763610
1149.552979 884.319297
1254.275462 890.819266
1362.758497 897.546074
1475.016646 904.554123
1591.410269 911.840378
1712.282839 919.329232
1837.564334 927.123929
1149.142888 984.917989
1253.698218 993.131222
1362.035271 1001.688170
1474.289149 1010.635134
1590.410559 1019.587521
1711.105798 1029.170395
1836.604009 1039.495689
1079.457366 257.477234
1185.892359 250.290307
1297.963459 242.903198
1416.455738 234.990789
1541.462491 226.714631
1673.732387 217.864346
1814.045014 208.484367
1089.438870 358.468870
1192.999674 354.234060
1301.784814 349.724111
1416.533210 344.937263
1537.407470 339.835439
1665.199441 334.527255
1800.383382 328.924857
1098.990982 453.930047
1199.707270 452.060489
1305.484118 450.091061
1416.644862 447.997579
1533.772828 445.920923
1657.272771 443.582532
1787.754904 441.216113
1107.927168 543.910134
1206.013369 544.234210
1308.808937 544.663737
1416.844278 545.111339
1530.400317 545.449769
1649.851716 545.879038
1775.840846 546.309344
1116.503013 629.032684
1212.040346 631.371817
1312.107943 633.809412
1416.998091 636.323978
1527.213005 639.041573
1642.958705 641.857387
1764.776713 644.803018
1124.506226 709.774020
1217.687872 713.906838
1315.083572 718.129888
1417.094240 722.564890
1524.048046 727.306018
1636.405335 732.194035
1754.334317 737.372869
1132.180739 786.361399
1222.995015 791.955710
1317.900662 797.827874
1417.241974 804.066800
1521.164427 810.571928
1630.184586 817.308723
1744.582158 824.487492
1140.854998 88.113200
1249.474200 80.395603
1362.024481 72.514502
1479.035035 64.340056
1600.002265 55.791931
1726.077875 46.967793
1857.166269 37.076667
1141.564520 195.305480
1249.247929 189.685544
1360.825558 183.750524
1476.616627 177.684882
1596.593987 171.337145
1721.296939 164.796151
1850.627368 157.980305
1142.216421 300.900069
1249.010467 297.069993
1359.701145 293.159789
1474.337690 289.049023
1593.179235 284.949622
1716.612138 280.485984
1844.984823 276.052580
1142.885103 404.542929
1248.775532 402.564878
1358.431074 400.608711
1472.051190 398.568651
1589.797695 396.388572
1712.048715 394.172581
1838.889159 391.836222
1143.648187 506.467451
1248.622972 506.315563
1357.299704 506.158025
1469.851523 505.985581
1586.534979 505.904469
1707.623898 505.707617
1833.215358 505.536496
1144.273321 606.764091
1248.330349 608.358984
1356.115942 609.938130
1467.615680 611.654021
1583.192860 613.497622
1703.179547 615.287581
1827.612037 617.216234
1144.934282 705.336930
1248.108732 708.510780
1354.912482 711.856833
1465.538024 715.420578
1580.019895 719.079080
1698.761609 722.751660
1822.031211 726.750562
