504.906294 401.799846
584.522079 397.727423
669.369602 393.580884
760.184854 389.090645
857.299409 384.326854
961.740135 379.130904
1074.140371 373.550266
527.060202 496.850911
605.722719 495.983907
689.363734 495.092009
778.730143 494.138563
874.219540 492.954790
976.744826 491.822836
1086.860893 490.666259
548.420183 588.183113
626.020173 590.057303
708.555258 592.134708
796.478306 594.296774
890.454143 596.696116
991.038608 599.111115
1098.941371 601.870183
568.864646 675.718927
645.511377 680.234554
726.870276 685.097894
813.497301 690.329060
905.928318 695.733248
1004.706317 701.548098
1110.412041 707.820093
588.571698 759.903402
664.273513 766.856680
744.575990 774.230208
829.877248 782.026757
920.755445 790.374265
1017.749500 799.239466
1121.376043 808.788393
607.480387 840.957366
682.224723 850.116588
761.426031 859.815024
845.432001 870.037324
934.883072 880.989031
1030.162957 892.670728
1131.813819 905.171785
625.696432 918.913786
699.504316 930.044031
777.555587 941.861298
860.439157 954.415529
948.415128 967.763192
1042.025207 981.955753
1141.842500 997.169348
631.859818 159.858001
706.358538 149.582998
785.208684 138.817068
868.920888 127.440523
957.831708 115.241995
1052.713147 102.285866
1153.744459 88.518542
613.978558 239.389207
689.294735 231.358615
769.085204 222.824308
853.871176 213.784861
944.243061 204.086855
1040.588897 193.912992
1143.372427 183.000248
595.449231 321.945052
671.665022 316.136143
752.446962 310.068746
838.400896 303.580054
930.021620 296.703176
1027.860341 289.310554
1132.525328 281.559498
576.295659 407.417331
653.332574 404.083606
735.143680 400.704098
822.229240 397.042772
915.209905 393.088955
1014.666870 388.965311
1121.151012 384.452379
556.467040 496.206694
634.338483 495.558913
717.070025 495.049694
805.497756 494.306786
899.753995 493.628014
1000.866495 492.827738
1109.163554 492.163969
535.792606 588.349895
614.414485 590.595971
698.403256 593.144415
787.867665 595.709407
883.645947 598.626522
986.361752 601.578292
1096.655330 604.837484
514.321705 684.028806
593.956597 689.407779
678.942161 695.194691
769.703269 701.478834
866.797020 708.121327
971.302729 715.219340
1083.553083 722.922223
916.465306 307.101560
1026.913584 314.666979
1130.147510 321.730243
1227.003035 328.470229
1317.992109 334.821102
1403.740704 340.635370
1484.536367 346.297115
906.921251 427.165808
1015.833034 430.662669
1117.751955 434.069206
1213.440577 437.196147
1303.391766 440.187038
1388.242958 442.967410
1468.251215 445.610128
897.822766 543.096251
1005.067543 542.890233
1105.702546 542.670980
1200.218301 542.549975
1289.225470 542.437501
1373.214229 542.155778
1452.501842 542.109532
888.886928 655.138082
994.745521 651.343011
1093.970854 647.848042
1187.419942 644.597225
1275.443422 641.533854
1358.547545 638.553500
1437.166726 635.867546
880.341610 763.334047
984.682746 756.296700
1082.669121 749.726157
1174.902080 743.618902
1262.111419 737.717288
1344.328866 732.250339
1422.222760 726.961564
872.094855 868.108689
974.979922 858.034511
1071.651946 848.574725
1162.919782 839.679931
1249.105554 831.164155
1330.598388 823.203299
1407.784822 815.686758
864.038720 969.444973
965.380038 956.508274
1061.022196 944.260114
1151.211964 932.860664
1236.512311 921.924954
1317.172607 911.586937
1393.687909 901.924892
857.592339 86.807236
956.714795 100.069379
1050.150313 112.451827
1138.540554 124.339139
1222.120054 135.579120
1301.443221 146.178655
1376.709027 156.265658
868.068242 180.555253
969.027671 191.264581
1064.203361 201.400746
1153.937487 210.959136
1238.759541 220.067347
1319.016034 228.647887
1395.132991 236.694245
879.023795 278.570180
981.848369 286.538285
1078.655091 294.061961
1169.883677 301.235725
1255.923769 308.005659
1337.269146 314.243838
1414.418164 320.326541
890.540263 381.172634
995.371671 386.079399
1093.812491 390.769516
1186.415894 395.170173
1273.724570 399.414652
1356.231884 403.355994
1434.333835 407.132793
902.579598 488.567159
1009.339189 490.147808
1109.442016 491.799733
1203.575452 493.369671
1292.330608 494.696366
1375.965310 496.090996
1454.998421 497.342649
915.299720 601.173823
1024.015703 599.204289
1125.999935 597.479774
1221.645447 595.803185
1311.682054 594.185909
1396.571568 592.659785
1476.641738 591.293133
928.494306 719.348276
1039.298837 713.483621
1143.242185 707.886153
1240.528176 702.839549
1331.927173 697.922331
1417.918214 693.334331
1499.009420 689.090176
686.146574 68.580031
794.563150 71.928980
901.562811 75.163014
1007.303670 78.485422
1111.736038 81.675549
1214.944933 84.877229
1316.854043 88.103299
683.360820 167.294548
793.460692 170.065764
902.136854 172.731314
1009.604190 175.474074
1115.629626 178.139274
1220.326503 180.837812
1323.646814 183.480823
680.501320 269.245030
792.321122 271.348578
902.713221 273.438628
1011.884524 275.550011
1119.557112 277.650242
1225.775411 279.677927
1330.679233 281.793996
677.563237 374.421647
791.241923 375.828647
903.400039 377.298759
1014.193995 378.737618
1123.531196 380.204933
1231.387326 381.680468
1337.877921 383.111120
674.562721 483.109820
790.082411 483.784666
903.969267 484.602130
1016.562975 485.334438
1127.657721 486.082182
1237.179846 486.881100
1345.215041 487.654327
671.477402 595.376918
788.772416 595.380601
904.721545 595.431657
1019.048737 595.434881
1131.873997 595.490074
1243.210195 595.520137
1352.963980 595.605057
668.231215 711.496811
787.515543 710.648205
905.404748 709.854237
1021.668816 709.149746
1136.276008 708.428691
1249.285912 707.704505
1360.812663 707.035916
587.997898 378.152416
698.154639 376.750147
810.568479 375.402871
925.670849 373.954474
1043.292557 372.531751
1163.509204 371.068601
1286.284623 369.524547
597.024474 488.732251
705.366302 488.555301
815.921954 488.445334
928.929041 488.255937
1044.368720 487.964335
1162.385436 487.793916
1282.825910 487.620031
605.866261 595.590175
712.386120 596.469018
821.047250 597.372817
932.069843 598.319658
1045.516984 599.243868
1161.348263 600.201673
1279.580344 601.265060
614.353712 698.675687
719.190831 700.564195
825.969011 702.559069
935.116631 704.597358
1046.558989 706.575804
1160.277661 708.651095
1276.372708 710.792124
622.630201 798.336262
725.747413 801.184873
830.833476 804.138732
938.069560 807.098511
1047.562383 810.155277
1159.272887 813.330378
1273.234269 816.512021
630.585404 894.826175
732.045478 898.566038
835.421993 902.377815
940.881444 906.275798
1048.482980 910.279923
1158.327904 914.405610
1270.310384 918.598941
638.298626 988.115908
738.118238 992.658507
839.872822 997.260071
943.662968 1002.126249
1049.411186 1007.017690
1157.355732 1011.970891
1267.451111 1017.117598
295.618355 375.555013
427.545674 380.869231
550.860602 385.732830
666.470623 390.460449
775.080556 394.915486
877.311890 398.943986
973.779435 402.820301
297.599279 492.337796
426.260747 493.695726
546.663048 495.037316
659.710655 496.237453
766.053428 497.409593
866.340780 498.410386
960.991288 499.442583
299.706882 603.283839
425.021314 601.137746
542.645916 599.040338
653.283858 597.156964
757.480268 595.377644
855.836869 593.581310
948.796526 591.975065
301.532284 708.880066
423.968839 703.459679
538.797696 698.345610
647.083170 693.621208
749.231678 689.142706
845.706499 684.805897
937.062076 680.830278
303.405493 809.314940
422.820893 801.093628
535.227751 793.220833
641.126789 785.895026
741.392831 778.892073
836.012492 772.383151
925.752976 766.081612
305.155216 905.336470
421.883786 894.422815
531.724438 884.070890
635.589564 874.331822
733.783092 865.026469
826.798100 856.294169
915.020810 848.040944
306.846268 996.888250
420.763603 983.562152
528.435194 970.861873
630.127978 958.988576
726.515751 947.671320
817.800523 936.932273
904.593364 926.824267
305.723148 154.961277
427.237607 166.954005
541.367121 178.087191
648.958752 188.766373
750.477489 198.823209
846.466816 208.249932
937.352757 217.210147
304.977524 264.777391
427.410182 273.419163
542.363715 281.540150
650.622589 289.198288
752.753179 296.463652
849.249491 303.280074
940.585684 309.742289
304.283960 376.195393
427.506011 381.447453
543.285253 386.340872
652.295677 391.071326
755.022804 395.450023
852.056880 399.514152
943.913629 403.436875
303.463223 489.424382
427.706932 491.082056
544.242751 492.661866
653.925782 494.213645
757.293055 495.713797
854.870800 497.009865
947.226877 498.338575
302.733108 604.208741
427.827652 602.276601
545.140381 600.508922
655.522790 598.885786
759.588404 597.265744
857.713779 595.845667
950.523223 594.391642
302.030504 720.846576
427.985196 715.232851
546.145971 709.946607
657.315897 705.010843
761.935056 700.280972
860.672746 695.892506
953.986580 691.715791
301.322396 839.214090
428.134398 829.818587
547.235293 820.799176
659.027214 812.536894
764.387001 804.627962
863.559327 797.221701
957.376946 790.260149
312.206217 93.984493
426.849570 107.056050
534.886441 119.230375
637.112016 130.966948
733.824422 142.021875
825.574539 152.440769
912.637174 162.357915
310.744010 187.584018
427.811907 198.085074
538.124721 208.008394
642.245594 217.388793
740.717234 226.290806
833.958991 234.703851
922.377925 242.661506
309.149461 285.325029
428.759238 293.146339
541.353245 300.470280
647.652644 307.439092
747.884547 314.021248
842.719434 320.137053
932.635117 326.059420
307.392323 387.674564
429.861877 392.440525
544.849509 396.912874
653.152344 401.173165
755.293900 405.282139
851.813783 409.079449
943.260793 412.702224
305.635658 494.827268
430.867352 496.311912
548.305482 497.759243
658.851857 499.141755
763.013180 500.388319
861.258903 501.636404
954.152925 502.746742
303.894663 607.157474
431.947471 605.059764
552.141972 603.168020
664.938300 601.371199
771.075614 599.592469
871.208198 598.001254
965.680497 596.461881
301.955116 725.027504
433.084297 719.025776
556.082456 713.262388
671.275744 708.082750
779.511618 703.096654
881.363255 698.423760
977.517103 694.026357
91.000621 24.158566
229.209923 33.939196
360.637416 41.757888
489.226417 50.389028
613.242529 58.273978
733.501134 65.965403
849.758700 73.263488
97.589069 153.261385
233.033917 159.859085
363.966442 166.237787
490.747185 172.329159
613.601635 178.225929
732.667956 183.947319
848.015181 189.561206
103.625381 279.283823
237.390261 283.723862
366.965026 287.992524
492.560818 292.130992
614.219167 296.138585
732.122336 299.934776
846.411280 303.717408
109.173108 402.750272
241.768934 405.100873
369.949307 407.383046
494.257266 409.582484
614.751535 411.753913
731.506447 413.783219
844.817158 415.854991
114.825782 523.657285
245.927247 524.119262
372.907126 524.531735
495.897079 524.912242
615.287297 525.216231
730.931393 525.636025
843.162146 525.943436
120.401864 642.329117
250.084089 640.871154
375.786136 639.477488
497.607983 638.098629
615.806094 636.654232
730.450812 635.342216
841.651560 634.092036
125.891342 758.602603
254.174888 755.299117
378.659321 752.056236
499.267041 749.068159
616.336040 745.976873
729.890178 743.047993
840.090721 740.325374
135.927105 207.979212
283.982146 216.961931
424.066299 225.374941
557.091241 233.416535
683.329296 241.108945
803.289408 248.252041
917.534636 255.102884
150.850361 337.173740
293.255207 342.427635
428.232580 347.479420
556.436299 352.098467
678.387072 356.563576
794.558163 360.753936
905.262373 364.798338
165.004351 457.149307
301.848663 459.180462
431.985132 461.024408
555.822683 462.799552
673.820654 464.520172
786.387877 466.061875
893.786759 467.556428
177.986109 568.761279
309.970791 567.922002
435.419373 567.096605
555.240838 566.352274
669.528433 565.626895
778.638681 564.806495
883.010345 564.203881
190.160613 672.668243
317.468878 669.498397
438.852357 666.284411
554.596352 663.331188
665.516147 660.432962
771.338224 657.748478
872.801078 655.103827
201.625772 770.014323
324.582069 764.635462
441.875855 759.450096
554.175782 754.510315
661.644079 749.679901
764.627096 745.189720
863.292177 740.893756
212.426792 861.131587
331.131602 853.848631
444.855521 846.847741
553.695126 840.260062
658.089258 833.814461
758.121454 827.652348
854.226726 821.851446
116.661010 278.348531
241.112954 280.616770
363.615928 282.763359
484.572319 285.031268
603.875706 287.163169
721.615136 289.265749
837.647212 291.383765
110.201568 394.997499
235.749394 396.415268
359.352608 397.850701
481.314061 399.293959
601.669131 400.645278
720.300190 402.015071
837.201202 403.373152
103.755793 513.636264
230.251028 514.238899
354.963536 514.872906
478.062744 515.481821
599.340130 516.015162
718.880663 516.506876
836.762986 517.128573
97.084027 634.298276
224.896316 633.994473
350.656265 633.720833
474.670435 633.484645
596.930856 633.187560
717.460081 632.908298
836.327717 632.725809
90.379361 756.908817
219.249124 755.713178
346.101549 754.637754
471.192885 753.492241
594.485755 752.299445
716.036541 751.233995
835.759479 750.204799
83.734374 881.766959
213.609735 879.561649
341.580850 877.575304
467.702346 875.556136
592.060303 873.486101
714.631075 871.509329
835.366922 869.582110
76.736482 1008.582072
207.863148 1005.404425
337.030542 1002.399617
464.242852 999.613959
589.526671 996.643017
713.110718 993.757163
834.847938 990.949990
242.050807 169.013783
363.534062 177.661087
479.484355 185.753207
590.415575 193.716123
696.622504 201.236113
798.493493 208.441225
896.163052 215.332230
232.445907 262.520282
357.849252 269.153038
477.532421 275.510902
591.814170 281.597754
701.153474 287.465927
805.737724 293.007503
905.912353 298.299064
222.082577 362.117899
351.777652 366.617367
475.330180 370.861291
593.342732 374.958308
705.849708 378.867447
813.392275 382.515014
916.344363 386.135250
210.982503 468.693745
345.436617 470.608696
473.171521 472.454236
594.802868 474.167732
710.773450 475.957291
821.482616 477.546203
927.340569 479.147125
199.170126 582.785797
338.432622 581.743515
470.564833 580.930593
596.373583 580.078301
716.070789 579.229967
830.089218 578.521865
938.886044 577.823496
186.568328 705.196440
330.959174 700.873221
468.125919 696.936664
598.101658 693.100106
721.747259 689.429672
839.298292 686.043227
951.358933 682.762418
172.868791 836.930319
323.041017 828.883446
465.396947 821.172634
599.988798 813.978748
727.743328 807.078547
849.033515 800.627196
964.455327 794.487885
996.971486 412.027841
1089.965931 408.402401
1188.849616 404.765725
1294.542527 400.724674
1407.358941 396.533578
1528.274488 391.918500
1658.124317 386.950891
1008.655511 504.505170
1100.115097 503.929417
1197.179788 503.336553
1300.751146 502.644109
1411.162406 501.861460
1529.372212 501.093512
1656.087537 500.305840
1019.915417 593.559191
1109.811098 595.555120
1205.222140 597.719354
1306.668295 600.029080
1414.925119 602.569036
1530.462282 605.143203
1654.247647 608.062087
1030.726751 678.939019
1119.127929 683.421397
1212.843106 688.275430
1312.459345 693.406569
1418.497370 698.758722
1531.513215 704.620442
1652.353548 710.809726
1041.195611 761.149255
1128.163704 767.966501
1220.258836 775.196343
1317.989884 782.779927
1421.883088 790.962010
1532.535424 799.649124
1650.604397 808.952474
1051.170124 840.335888
1136.714119 849.286410
1227.260068 858.711382
1323.197408 868.670246
1425.086195 879.335505
1533.435383 890.653431
1648.880606 902.737476
1060.816638 916.611434
1145.000794 927.397417
1233.991191 938.874875
1328.284833 951.078750
1428.125971 964.006941
1534.243438 977.669754
1647.241843 992.341551
1039.306354 235.815069
1127.745393 227.449717
1221.447978 218.700482
1321.123940 209.403237
1427.063702 199.499766
1540.152791 188.975728
1660.981289 177.667172
1035.528046 325.214814
1124.360654 319.558192
1218.503411 313.496978
1318.648726 307.135430
1425.224246 300.265104
1538.965248 293.051243
1660.521270 285.361732
1031.704314 415.835490
1120.926104 412.721503
1215.562519 409.515406
1316.184818 406.069969
1423.402361 402.488521
1537.738545 398.534158
1660.156253 394.512885
1027.827574 507.305258
1117.461856 506.916021
1212.550249 506.649868
1313.678118 506.336783
1421.466731 505.910238
1536.524286 505.570098
1659.713434 505.114432
1023.991828 599.873874
1114.014497 602.285023
1209.495780 604.961844
1311.198828 607.687646
1419.519804 610.688092
1535.315859 613.826150
1659.270158 617.309466
1020.030094 693.522028
1110.361285 698.837187
1206.422979 704.498113
1308.521680 710.404569
1417.545586 716.869315
1534.058320 723.731217
1658.805710 731.127299
1016.052561 788.217750
1106.795374 796.341478
1203.293324 805.087205
1306.031364 814.440389
1415.565418 824.369659
1532.812736 835.025729
1658.367660 846.512364
1069.171344 182.800286
1154.240116 173.464698
1244.129020 163.705431
1339.462746 153.389846
1440.477740 142.442214
1547.984737 130.799150
1662.399557 118.385109
1059.262685 260.944044
1145.526445 253.801936
1236.824620 246.151101
1333.684284 238.139401
1436.571392 229.524684
1546.019111 220.479749
1662.665919 210.857090
1048.960158 341.975335
1136.514572 336.960034
1229.270012 331.738333
1327.745352 326.133978
1432.476657 320.241388
1543.973654 313.845807
1663.130969 307.237357
1038.314666 425.845217
1127.186365 423.164596
1221.431458 420.512094
1321.538934 417.594839
1428.152766 414.478307
1541.885507 411.292809
1663.493930 407.724702
1027.328493 512.832084
1117.535147 512.746386
1213.166883 512.802336
1315.143488 512.704675
1423.682710 512.729874
1539.768086 512.699418
1663.922533 512.796208
1015.886237 603.001854
1107.319002 605.736070
1204.733799 608.722710
1308.303132 611.759514
1418.999229 615.180336
1537.413826 618.710466
1664.286315 622.577988
1004.017755 696.585088
1096.948067 702.278824
1195.852814 708.386545
1301.403848 714.928471
1414.101363 721.880033
1535.030221 729.361718
1664.752619 737.423050
1148.401550 257.684216
1239.246102 252.136879
1334.041322 246.378738
1433.300358 240.442743
1537.033870 234.196490
1646.012457 227.627195
1760.242261 220.725319
1140.722328 334.049490
1233.649288 330.145554
1330.793027 326.010955
1432.608107 321.779496
1539.240348 317.278528
1651.157418 312.638332
1768.724497 307.727491
1132.571901 414.404269
1227.780518 412.171678
1327.401192 409.934463
1431.901350 407.562609
1541.468974 405.142981
1656.607023 402.464202
1777.847538 399.840400
1124.100475 498.900416
1221.610942 498.577658
1323.818907 498.414842
1431.094461 498.133841
1543.746553 497.919611
1662.395327 497.747050
1787.365912 497.421537
1115.158522 587.919192
1215.137908 589.722251
1319.893699 591.869198
1430.303489 593.938834
1546.203076 596.251386
1668.664903 598.609052
1797.543957 601.179034
1105.724469 681.799129
1208.103481 686.095811
1315.928711 690.713828
1429.278408 695.434839
1548.791305 700.613888
1675.134849 705.974980
1808.458544 711.601151
1095.683069 780.972203
1200.822483 787.938676
1311.565334 795.318527
1428.455379 803.171438
1551.537049 811.465081
1681.983675 820.183932
1820.032856 829.464951
1151.669480 377.958152
1257.024202 375.610052
1365.995030 373.300964
1479.004368 370.909839
1596.028445 368.477939
1717.533652 365.867120
1843.568214 363.212633
1151.224094 479.547105
1256.416052 479.081411
1365.381431 478.537713
1478.234568 478.057986
1595.074419 477.510848
1716.448441 476.974470
1842.417875 476.510701
1150.741616 581.101718
1255.803687 582.349562
1364.714475 583.652814
1477.387731 584.985102
1594.183278 586.481884
1715.392212 587.831285
1841.359955 589.459523
1150.299993 682.359898
1255.317346 685.318662
1364.003026 688.486205
1476.587482 691.726989
1593.272399 695.072847
1714.288156 698.550528
1839.867048 702.116051
1149.903841 783.467760
1254.761449 788.173614
1363.303696 793.118351
1475.775028 798.216829
1592.315732 803.571548
1713.276591 809.038604
1838.654197 814.800861
1149.428529 884.404951
1254.169893 890.901147
1362.667529 897.626168
1474.917343 904.628136
1591.297173 911.918415
1712.148863 919.412078
1837.403269 927.205643
1148.997148 985.075490
1253.575226 993.281028
1361.922691 1001.817551
1474.172280 1010.750285
1590.271271 1019.697865
1710.946658 1029.277116
1836.410112 1039.583317
1079.420986 257.488880
1185.869695 250.309526
1297.948570 242.936995
1416.448247 235.044025
1541.444863 226.804779
1673.684947 217.974862
1813.894339 208.626360
1089.404780 358.460521
1192.981904 354.232366
1301.774430 349.735748
1416.533519 344.963287
1537.401000 339.896459
1665.162913 334.615352
1800.261080 329.036195
1098.950120 453.925171
1199.680285 452.060781
1305.464165 450.102428
1416.632988 448.018902
1533.750394 445.972296
1657.221259 443.655081
1787.629117 441.300854
1107.875665 543.913421
1205.973884 544.241079
1308.776989 544.677421
1416.818418 545.132867
1530.358890 545.492046
1649.781675 545.938073
1775.703533 546.371840
1116.440637 629.044972
1211.989652 631.386037
1312.064277 633.827005
1416.958892 636.345656
1527.157013 639.075531
1642.872239 641.907119
1764.627799 644.845620
1124.434738 709.797262
1217.627099 713.929534
1315.029000 718.153048
1417.043391 722.589396
1523.977302 727.334523
1636.300878 732.234445
1754.176508 737.402898
1132.093784 786.403615
1222.914962 791.993523
1317.827660 797.866678
1417.166387 804.105187
1521.066821 810.609111
1630.066297 817.348555
1744.418129 824.513014
1140.796452 88.124471
1249.426339 80.416616
1362.000536 72.554053
1479.057513 64.400881
1600.014959 55.873294
1726.061380 47.082763
1857.124754 37.199310
1141.534879 195.325342
1249.229675 189.716104
1360.815714 183.795139
1476.615287 177.769584
1596.572430 171.444769
1721.236117 164.924794
1850.446107 158.148179
1142.190057 300.901956
1248.994307 297.083637
1359.692091 293.183392
1474.335858 289.102503
1593.156868 285.032779
1716.553322 280.588013
1844.812528 276.185628
1142.857616 404.536469
1248.759642 402.569115
1358.420025 400.623277
1472.047792 398.604973
1589.773738 396.457402
1711.988679 394.257640
1838.726039 391.939347
1143.606955 506.468402
1248.593135 506.323790
1357.275467 506.173958
1469.829295 506.016407
1586.487578 505.961787
1707.542945 505.777549
1833.041767 505.607259
1144.219281 606.775570
1248.287772 608.372942
1356.077714 609.957722
1467.576723 611.680892
1583.124795 613.543343
1703.079180 615.342546
1827.428229 617.262924
1144.866340 705.359445
1248.050430 708.532376
1354.861831 711.879822
1465.483021 715.445621
1579.934596 719.114835
1698.642257 722.793345
1821.842873 726.778859
