200.000000 200.000000
300.000000 200.000000
400.000000 200.000000
500.000000 200.000000
600.000000 200.000000
700.000000 200.000000
800.000000 200.000000
200.000000 300.000000
300.000000 300.000000
400.000000 300.000000
500.000000 300.000000
600.000000 300.000000
700.000000 300.000000
800.000000 300.000000
200.000000 400.000000
300.000000 400.000000
400.000000 400.000000
500.000000 400.000000
600.000000 400.000000
700.000000 400.000000
800.000000 400.000000
200.000000 500.000000
300.000000 500.000000
400.000000 500.000000
500.000000 500.000000
600.000000 500.000000
700.000000 500.000000
800.000000 500.000000
200.000000 600.000000
300.000000 600.000000
400.000000 600.000000
500.000000 600.000000
600.000000 600.000000
700.000000 600.000000
800.000000 600.000000
200.000000 700.000000
300.000000 700.000000
400.000000 700.000000
500.000000 700.000000
600.000000 700.000000
700.000000 700.000000
800.000000 700.000000
200.000000 800.000000
300.000000 800.000000
400.000000 800.000000
500.000000 800.000000
600.000000 800.000000
700.000000 800.000000
800.000000 800.000000
1151.708616 377.922582
1257.087415 375.562743
1366.094335 373.244820
1479.153344 370.835680
1596.253730 368.381715
1717.851357 365.759858
1844.027652 363.106755
1151.264580 479.523578
1256.479611 479.051099
1365.475679 478.503397
1478.377074 478.015289
1595.296260 477.455911
1716.760503 476.915550
1842.869502 476.470752
1150.781675 581.086130
1255.866311 582.333138
1364.806125 583.636101
1477.525387 584.970794
1594.403413 586.464505
1715.698609 587.817598
1841.785140 589.463629
1150.340748 682.346942
1255.378546 685.309357
1364.091618 688.483015
1476.721623 691.737247
1593.485323 695.089969
1714.587188 698.577800
1840.262686 702.166603
1149.950889 783.449431
1254.828192 788.164581
1363.395775 793.119674
1475.915615 798.240608
1592.526223 803.614543
1713.567829 809.099299
1839.035718 814.882215
1149.507185 884.359725
1254.261893 890.865044
1362.771969 897.598375
1475.059742 904.634571
1591.492188 911.947170
1712.404293 919.457720
1837.708576 927.270648
1149.090678 984.987827
1253.682936 993.212949
1362.039571 1001.774637
1474.310007 1010.732071
1590.462253 1019.697634
1711.179362 1029.294797
1836.685386 1039.638885
924.190743 371.204340
1035.803585 376.653566
1140.079483 381.752217
1237.773925 386.649793
1329.589316 391.253813
1415.991157 395.409550
1497.372258 399.496284
910.002771 488.722176
1019.332486 490.204160
1121.643719 491.735424
1217.648837 493.054718
1307.904760 494.330898
1393.010589 495.513302
1473.255096 496.681282
896.672882 600.384185
1003.622491 598.308996
1103.974707 596.342520
1198.362872 594.541736
1287.217963 592.892706
1371.044353 591.160719
1450.227563 589.703944
883.790757 706.598906
988.725732 701.217114
1087.144996 696.225951
1179.907649 691.549943
1267.365171 687.109599
1349.944600 682.857321
1428.122302 678.955577
871.705769 807.596018
974.488233 799.329899
1071.109839 791.557863
1162.194131 784.309703
1248.423606 777.342333
1329.720842 770.872134
1406.869877 764.577941
860.145973 904.034695
960.959593 893.113444
1055.765270 882.813518
1145.410743 873.153719
1230.140412 863.869456
1310.449963 855.178464
1386.504937 846.971996
849.166425 996.045875
947.873126 982.663486
1041.174455 969.970526
1129.254513 958.164450
1212.732705 946.834178
1291.828423 936.111155
1366.953745 926.052724
842.750816 65.249200
939.345725 78.692031
1030.545463 91.313586
1116.909575 103.367165
1198.762528 114.870228
1276.577583 125.675804
1350.496877 135.998715
855.951551 149.053061
954.783489 160.398732
1048.140466 171.120484
1136.271336 181.264544
1219.736725 190.936876
1298.860839 200.067669
1373.955378 208.716467
869.839834 237.773936
971.117506 246.798290
1066.546433 255.323732
1156.645660 263.447078
1241.641098 271.137088
1322.181762 278.277538
1398.588450 285.158052
884.670755 331.935621
988.508494 338.290863
1086.100651 344.335873
1178.010165 350.031328
1264.699022 355.491973
1346.681272 360.600811
1424.407217 365.468353
900.430511 431.928951
1006.822808 435.269616
1106.619284 438.603081
1200.544084 441.712721
1289.062725 444.531976
1372.562870 447.345139
1451.435553 449.929444
917.282487 538.351497
1026.303314 538.406732
1128.608664 538.623416
1224.516680 538.757946
1314.798537 538.799379
1399.942630 538.896993
1480.168989 538.994093
935.092971 651.862923
1046.973825 648.196630
1151.871794 644.668129
1249.932171 641.532887
1342.064922 638.460850
1428.679453 635.633399
1510.340101 633.003410
692.997658 42.143910
797.519605 45.539774
901.025170 48.889051
1003.265348 52.261280
1104.339573 55.420640
1204.313487 58.644758
1303.030240 61.995863
688.968602 131.202317
796.188930 134.160026
902.046780 136.988571
1006.700974 139.866465
1110.057328 142.684724
1212.150277 145.512110
1312.942847 148.335920
685.013433 224.628652
794.759388 227.012126
903.068645 229.371090
1010.255347 231.718062
1115.977068 234.071979
1220.314569 236.298835
1323.418450 238.650982
680.948020 322.511199
793.369711 324.279965
904.279903 326.073042
1013.870525 327.817595
1122.042314 329.603802
1228.823272 331.402266
1334.230287 333.147141
676.704142 425.289253
791.860599 426.375683
905.398114 427.599927
1017.692500 428.697406
1128.444933 429.815873
1237.751736 431.025412
1345.528251 432.172568
672.244542 533.250747
790.171854 533.699982
906.751130 534.218125
1021.723324 534.641915
1135.149201 535.125955
1247.117038 535.603604
1357.503514 536.094319
667.484926 646.838799
788.520692 646.504118
908.107400 646.166302
1026.007210 645.924629
1142.261610 645.652021
1256.874446 645.369451
1369.962036 645.159197
580.392328 440.140345
692.173349 439.274484
806.307616 438.536042
923.198596 437.713190
1042.631076 436.922566
1164.729416 436.044698
1289.566552 435.183218
594.112449 547.961650
703.198116 548.349498
814.490821 548.784446
928.253966 549.173341
1044.481770 549.517370
1163.340987 549.933527
1284.701583 550.425971
607.306318 650.476446
713.678360 651.870700
822.214813 653.302393
933.085851 654.728271
1046.364613 656.255969
1162.034104 657.723508
1280.131839 659.348155
619.762745 747.847883
723.674415 750.156419
829.522976 752.612841
937.711850 755.081593
1048.103102 757.512809
1160.744231 760.049250
1275.729014 762.671002
631.703705 840.528893
733.179131 843.761365
836.629556 846.990995
942.115029 850.284013
1049.777425 853.690495
1159.564748 857.174255
1271.558943 860.712261
643.038465 928.987596
742.204053 932.968008
843.196369 936.936456
946.254094 941.034543
1051.311180 945.206010
1158.482904 949.494059
1267.673923 953.917046
653.883981 1013.361826
750.780864 1017.971682
849.558043 1022.619713
950.312256 1027.511399
1052.790944 1032.314516
1157.346384 1037.398535
1263.879806 1042.683766
297.316423 441.063810
430.206726 444.144021
554.337480 446.935798
670.690560 449.700942
779.940917 452.295147
882.695495 454.589018
979.622207 456.823140
299.903084 552.350881
428.490260 551.709505
548.837840 551.182728
661.775687 550.576600
768.053482 550.055205
868.264322 549.489188
962.838213 549.016476
302.568521 656.462476
426.862831 652.589618
543.593683 648.884741
653.389757 645.462119
756.885569 642.230355
854.602365 639.082968
946.977987 636.203413
304.875866 754.074584
425.426969 747.331689
538.598484 740.911240
645.481725 734.938729
746.359241 729.319373
841.665893 723.920256
931.967994 718.863417
307.144917 845.661365
424.029531 836.463041
534.058083 827.662901
637.930169 819.461576
736.389043 811.591041
829.355439 804.290431
917.686013 797.238794
309.295872 932.086503
422.758234 920.607012
529.655592 909.703730
630.964231 899.444239
726.867009 889.651371
817.827937 880.444253
904.216157 871.734733
311.335329 1013.430426
421.428827 1000.048246
525.568080 987.183336
624.238990 975.176354
717.885861 963.738512
806.737790 952.851830
891.294404 942.603030
301.595382 200.414557
426.427592 211.244534
543.503599 221.247877
653.652281 230.822520
757.476984 239.881686
855.496302 248.312985
948.205349 256.315046
301.446170 315.935368
426.228998 323.040357
543.297754 329.728053
653.348931 336.048278
757.116655 342.047456
855.099842 347.608602
947.706586 352.921496
301.389521 431.289416
425.957847 434.774301
542.989887 438.033253
653.058278 441.200912
756.751445 444.144285
854.651449 446.808835
947.225598 449.431939
301.236710 546.563832
425.874718 546.403278
542.721359 546.220258
652.692759 546.108448
756.340856 546.072496
854.150867 545.879335
946.732496 545.845583
301.182264 661.560941
425.630143 657.827079
542.394175 654.270019
652.262051 650.980741
755.936678 647.835220
853.680194 644.934894
946.171109 642.122723
301.199794 776.506507
425.487617 769.183727
542.140892 762.242038
651.988596 755.767722
755.536845 749.560674
853.280319 743.798545
945.756716 738.326266
301.192894 891.198228
425.262389 880.306564
542.004388 869.877406
651.706894 860.295247
755.190043 851.122486
852.792917 842.497554
945.228647 834.393235
315.439156 72.102507
426.326258 85.393367
531.076318 97.794169
630.280398 109.725115
724.352199 121.016205
813.760030 131.682534
898.683209 141.876411
313.632242 155.667257
427.598432 166.859570
535.198802 177.383004
636.848093 187.369880
733.135438 196.874706
824.424115 205.883427
911.090403 214.376342
311.711742 244.050615
428.916529 252.987651
539.368472 261.346877
643.730624 269.267878
742.262729 276.749983
835.600955 283.775760
924.159712 290.537345
309.587641 337.851873
430.404965 344.087608
543.922043 349.955609
650.895587 355.490477
751.898071 360.825408
847.406850 365.798959
937.933191 370.537302
307.393565 437.458758
431.815334 440.713562
548.505911 443.880594
658.441501 446.850877
762.076587 449.584080
859.823975 452.263162
952.273801 454.723490
305.155462 543.436406
433.353063 543.416418
553.674376 543.473675
666.556098 543.495229
772.811711 543.456797
873.017447 543.457472
967.583409 543.437406
302.649699 656.410419
434.979346 652.689361
559.052967 649.023385
675.142810 645.842293
784.176455 642.681386
886.768414 639.785345
983.548174 637.024792
1034.088220 266.164996
1132.436031 257.499345
1237.357626 248.478232
1349.825057 238.650716
1470.262107 228.255192
1599.734303 217.010963
1739.362860 204.818432
1048.996096 362.957380
1145.138407 357.788304
1247.409980 352.228625
1356.796621 346.280710
1473.696310 339.857112
1599.206958 333.067395
1734.102339 325.782529
1063.250049 454.850505
1157.153377 452.569299
1256.987778 450.144153
1363.384112 447.531852
1477.108312 444.871502
1598.760571 441.907840
1729.346012 438.770899
1076.666157 541.847378
1168.509464 542.236434
1265.936609 542.718257
1369.686673 543.248745
1480.260407 543.710626
1598.297958 544.270771
1724.791955 544.801989
1089.548409 624.471593
1179.348993 627.309190
1274.531151 630.314813
1375.607790 633.471556
1483.274505 636.895245
1597.995132 640.528725
1720.557872 644.416110
1101.672857 703.165308
1189.540300 708.185955
1282.561734 713.441313
1381.165866 719.003311
1486.002843 725.020440
1597.585109 731.389075
1716.523183 738.197030
1113.274094 778.053892
1199.284682 784.926616
1290.208482 792.256797
1386.521115 800.112088
1488.604404 808.413273
1597.182515 817.174702
1712.778181 826.615315
1140.871079 88.013106
1249.530386 80.286777
1362.134895 72.395093
1479.219852 64.201320
1600.242444 55.649945
1726.400203 46.802580
1857.543087 36.919553
1141.594138 195.231891
1249.315480 189.609369
1360.938772 183.669391
1476.795865 177.596040
1596.832539 171.245531
1721.599007 164.703788
1850.959324 157.907106
1142.234387 300.845414
1249.064031 297.014571
1359.798270 293.102133
1474.494784 288.993076
1593.395080 284.897971
1716.888071 280.439519
1845.297487 276.022548
1142.894569 404.505499
1248.819803 402.528051
1358.515432 400.573948
1472.190159 398.541466
1589.992443 396.373966
1712.299172 394.163478
1839.167357 391.845893
1143.646417 506.447961
1248.653773 506.298131
1357.367952 506.144741
1469.968202 505.982325
1586.703584 505.917380
1707.844761 505.730697
1833.472492 505.571532
1144.258774 606.760366
1248.346853 608.358211
1356.166093 609.944020
1467.710095 611.672251
1583.336613 613.535532
1703.373442 615.338731
1827.843683 617.280346
1144.906598 705.347067
1248.110450 708.525398
1354.946863 711.879345
1465.611149 715.457823
1580.138099 719.138936
1698.931066 722.828197
1822.236528 726.838864
116.674847 278.288691
241.183132 280.551073
363.667928 282.713753
484.632296 284.993799
603.924658 287.118963
721.660522 289.219735
837.701439 291.346556
110.254336 394.953426
235.826784 396.357332
359.419557 397.808104
481.373612 399.268571
601.712403 400.616923
720.338451 401.987403
837.241435 403.351594
104.285854 513.337589
230.329714 514.180292
355.033130 514.827619
478.135725 515.442803
599.394961 515.981039
718.923825 516.474542
836.803833 517.108214
97.069013 634.393842
224.992478 633.927309
350.741645 633.668807
474.756282 633.437886
596.992497 633.146128
717.506269 632.870544
836.367962 632.700801
91.237296 756.867170
219.353647 755.616346
346.202987 754.564174
471.280571 753.429449
594.554123 752.234073
716.084942 751.177294
835.798083 750.166365
83.798636 881.531333
213.708670 879.406029
341.687799 877.471318
467.782176 875.459063
592.134650 873.394355
714.693580 871.423081
835.424813 869.520535
77.935367 1008.110724
207.850621 1005.283882
337.188133 1002.262504
464.320671 999.546935
589.640009 996.498069
713.188355 993.635974
834.926981 990.872621
278.782935 163.058931
401.783637 174.858664
517.287091 185.744066
626.088144 196.194813
728.763337 205.994808
825.884200 215.255411
917.746554 224.018228
275.661271 258.217154
402.463510 267.281801
521.407166 275.739818
633.145926 283.716576
738.503336 291.272018
837.879438 298.373963
931.793535 305.085664
272.326790 359.493499
403.125946 365.532807
525.619709 371.133102
640.680844 376.492966
748.702272 381.473752
850.471529 386.087017
946.641882 390.535274
268.677413 467.639579
403.978438 470.175892
530.241022 472.504863
648.484916 474.710010
759.446174 476.893531
863.796187 478.828272
962.233622 480.743431
264.869188 583.191920
404.679369 581.688245
534.890734 580.436372
656.776678 579.261174
770.881742 578.052268
877.929940 577.073842
978.654168 576.020333
260.898536 706.981304
405.465356 701.009828
540.179213 695.583992
665.703468 690.460837
782.990161 685.642650
892.985310 681.168372
996.211093 676.908392
256.466491 839.988539
406.301814 828.906534
545.746966 818.492335
675.211298 809.034751
795.984427 799.998360
908.829945 791.673239
1014.657251 783.869687
993.835357 464.879703
1087.508669 462.829792
1187.200379 460.866183
1293.826512 458.643286
1407.659612 456.323002
1529.743565 453.807127
1660.972444 451.059911
1009.285637 553.243522
1100.962720 554.101661
1198.284222 555.032875
1302.106430 556.004531
1412.827354 556.913763
1531.383979 558.026842
1658.468734 559.271958
1024.050243 637.254593
1113.694255 640.536222
1208.834880 644.035845
1309.936560 647.725934
1417.814275 651.769319
1532.908562 655.951602
1656.134775 660.612550
1038.035812 716.986519
1125.795231 722.493071
1218.711401 728.400991
1317.446596 734.682490
1422.483656 741.255679
1534.375952 748.359104
1653.874802 755.880306
1051.424335 792.817441
1137.313760 800.393097
1228.197978 808.384378
1324.550569 816.820139
1426.900664 825.874913
1535.782162 835.485521
1651.785906 845.682147
1064.060612 865.094536
1148.224972 874.470209
1237.107426 884.346284
1331.208411 894.757117
1431.012844 905.934016
1537.042107 917.809341
1649.778010 930.368650
1076.187725 933.967010
1158.623503 944.876053
1245.596430 956.456825
1337.630144 968.795718
1434.959392 981.854573
1538.196342 995.592653
1647.969432 1010.316115
1025.081593 270.493193
1114.890276 262.890314
1210.127765 254.941733
1311.614590 246.508991
1419.664443 237.462116
1535.114996 227.833302
1658.729472 217.481249
1024.883730 363.395477
1114.620394 358.718007
1209.797450 353.691078
1311.185376 348.395365
1419.165890 342.637722
1534.448260 336.604375
1657.927627 330.218171
1024.731670 456.374741
1114.398188 454.363485
1209.546836 452.328653
1310.731296 450.089661
1418.666009 447.808970
1533.820463 445.247987
1657.218785 442.709596
1024.603551 549.036626
1114.182497 549.824110
1209.244337 550.773492
1310.342795 551.752456
1418.146740 552.694563
1533.177651 553.846822
1656.444760 554.946178
1024.553042 641.612889
1113.995339 645.181188
1208.945860 649.035709
1309.966922 653.078039
1417.622400 657.454391
1532.643640 662.085488
1655.635985 667.119015
1024.401387 734.107204
1113.696240 740.468439
1208.686752 747.265966
1309.509418 754.378940
1417.107778 762.099342
1531.994140 770.292786
1654.859519 779.105762
1024.258662 826.412732
1113.538183 835.451749
1208.347615 845.118683
1309.204716 855.499080
1416.562946 866.482124
1531.317265 878.197812
1654.128462 890.868029
1085.532340 165.724699
1168.764575 156.188084
1256.638145 146.178128
1349.655656 135.617532
1448.064263 124.392060
1552.662488 112.489167
1663.764776 99.837645
1073.244701 236.731368
1158.080560 229.051668
1247.740630 220.824039
1342.737435 212.196182
1443.524624 202.952806
1550.605444 193.243044
1664.554309 182.940670
1060.359283 311.163691
1146.844891 305.313495
1238.389856 299.203924
1335.510001 292.682440
1438.656465 285.776393
1548.407118 278.347381
1665.566227 270.636184
1046.868508 389.056336
1135.098754 385.288501
1228.613696 381.488635
1327.865823 377.302974
1433.520445 372.901915
1546.134983 368.343184
1666.471355 363.316612
1032.838231 470.732169
1122.807665 469.336350
1218.198257 468.027748
1319.886492 466.465299
1428.096659 464.920465
1543.804523 463.227989
1667.494016 461.527183
1018.052511 556.416439
1109.690005 557.678961
1207.415140 559.116069
1311.295874 560.521149
1422.365455 562.174481
1541.163289 563.821420
1668.504175 565.641815
1002.445873 646.467659
1096.109590 650.561136
1195.911219 654.975146
1302.460331 659.748484
1416.259178 664.877030
1538.469918 670.297584
1669.664970 676.232466
1129.603450 264.709813
1215.789777 257.748180
1306.818695 250.421030
1403.290027 242.730724
1505.463703 234.524039
1614.227397 225.821481
1729.990780 216.586319
1118.062199 339.432465
1205.882198 334.501018
1298.832660 329.197607
1397.449391 323.694374
1502.215358 317.767497
1613.655711 311.553186
1732.534053 304.931033
1105.849482 417.816224
1195.511959 414.928265
1290.494347 411.985858
1391.420260 408.822462
1498.744105 405.538019
1613.084738 401.936112
1735.383783 398.267659
1093.173096 499.874297
1184.651820 499.346538
1281.770875 498.965036
1384.972010 498.476094
1495.011989 497.978848
1612.534276 497.550148
1738.314376 496.938311
1079.898928 586.006591
1173.311542 588.106393
1272.459371 590.519777
1378.344817 592.965000
1491.112406 595.668149
1612.013498 598.495281
1741.478281 601.686517
1065.874385 676.499598
1161.135753 681.604374
1262.822913 687.078560
1371.088478 692.782702
1487.008175 699.081594
1611.316294 705.733189
1744.794166 712.908522
1051.147972 771.715818
1148.570714 779.975883
1252.525691 788.867466
1363.702958 798.364338
1482.661178 808.568131
1610.712006 819.536563
1748.488501 831.333152
