-1.90364142477935 -1.77706890098813 0.11085227408371 
-1.99921734257482 -2.15723536217678 0.78119584459399 
2.03740617969892 2.12930942417956 0.64959284663973 
1.93044966755092 1.81790962224841 0.08860845706857 
2.08461620395643 2.07577424646450 -0.12261615461851 
-2.05792530705892 -2.03566750713015 -0.09657895919338 
-2.01772815286543 -2.15012772496830 -0.76058424326905 
2.06636311939278 2.07279573113775 0.31330045298382 
1.96702703872667 1.88504676176845 -0.01305063309307 
-2.15803003851265 -2.20497391734040 -0.44493952252563 
-2.02266848832137 -2.20327098525256 -0.88655511887692 
2.13307022811487 2.13233479512779 -0.01389124664712 
1.89833009330177 1.74985972394642 -0.01244199719626 
-1.90663289833021 -1.77636563504413 -0.09003659437282 
-2.03083840907800 -2.03846286157763 0.33490767102941 
2.03001202984052 2.19322390561752 -0.79262742037919 
2.03172226673627 2.24714112981151 -0.91932667663515 
-2.08977968098333 -2.09801693811079 0.22983969581033 
-1.87617127310348 -1.70838939390483 0.00998446074395 
-2.05586562514653 -2.03664014829948 0.11822367190528 
