413.081226 443.242035
487.876646 440.115746
568.262908 437.007081
654.836701 433.659399
747.811768 430.196371
848.006101 426.565291
955.919994 422.740802
444.390517 532.951260
518.444544 533.022466
597.657047 533.140324
682.781654 533.314717
774.026041 533.363134
872.005413 533.600340
977.361805 533.869912
474.668181 618.423145
547.720024 621.012519
625.781092 624.004325
709.379614 627.108222
798.897530 630.526394
894.724788 634.180032
997.404773 638.053513
503.514464 699.102438
575.651469 704.275080
652.518236 709.908350
734.681402 715.762531
822.426270 721.831080
916.105317 728.260281
1016.129422 734.980933
531.303731 775.849776
602.427325 783.316875
678.103687 790.935370
758.720269 799.045913
844.644096 807.656137
936.126423 816.508082
1033.620032 825.892900
557.819951 848.694131
627.828355 857.778864
702.293456 867.404745
781.457317 877.663867
865.543028 888.402945
954.918371 899.420988
1049.862193 911.001637
582.916522 917.746906
652.226843 928.568003
725.412841 939.782638
803.058696 951.683664
885.356578 964.286245
972.604446 977.106085
1065.148040 990.580630
1057.934350 361.037310
1159.901364 358.787113
1264.518612 356.646879
1371.837438 354.688094
1481.542863 352.877669
1593.227298 351.267770
1706.264114 350.062116
1058.070954 461.531153
1160.025962 460.916596
1264.738225 460.193281
1372.162028 459.602975
1481.804822 459.007303
1593.592723 458.654597
1706.665073 458.436298
1058.238539 562.577150
1160.040222 563.091650
1264.623994 563.818889
1371.935131 564.552717
1481.576775 565.361769
1593.162051 566.118641
1706.296888 566.969926
1058.112670 663.012016
1159.809685 664.913221
1264.242100 667.115324
1371.369064 669.298357
1480.825769 671.306375
1592.152465 673.247293
1705.146935 675.258132
1058.007734 762.785712
1159.471797 766.375670
1263.626633 769.941356
1370.446213 773.407014
1479.561398 776.773542
1590.623176 779.889528
1703.223629 782.985878
1057.761886 862.072080
1158.881643 867.103772
1262.735535 872.043837
1369.101548 876.810957
1477.703259 881.423088
1588.393347 885.723150
1700.730704 889.852796
1057.476859 960.403476
1158.143160 966.782440
1261.555515 973.008069
1367.470056 979.083699
1475.556657 984.855936
1585.597535 990.311213
1697.371553 995.604595
811.462712 355.097316
926.439166 360.191203
1033.725457 365.103358
1133.819506 369.973305
1227.182360 374.681111
1314.190321 379.048994
1395.528026 383.356267
800.846084 471.903099
913.419329 472.877079
1018.680431 473.945989
1117.181404 475.211577
1209.038376 476.402777
1294.936456 477.462919
1375.289891 478.547699
791.028563 583.207169
900.995759 580.794528
1004.302900 578.428500
1101.131777 576.122889
1191.484622 573.932773
1276.161846 571.842459
1355.533414 569.985542
781.743178 688.826019
889.434859 683.089708
990.509327 677.673479
1085.487604 672.336782
1174.503865 667.235433
1257.953981 662.338482
1336.346633 657.864446
773.086282 788.998513
878.389993 780.383093
977.407663 771.998710
1070.431322 764.051672
1158.056293 756.396213
1240.269588 749.155828
1317.616375 742.187357
765.025936 884.097504
867.891680 872.901786
964.740645 862.045181
1056.157043 851.680167
1142.181364 841.651027
1223.222224 832.093575
1299.507454 823.005006
757.479675 974.150648
857.840510 960.711400
952.807378 947.562143
1042.391288 935.128148
1126.934757 923.049763
1206.643735 911.396177
1281.911813 900.305808
750.781475 56.001679
848.782885 68.562950
941.456829 80.684246
1029.041909 92.654315
1111.877675 104.193622
1190.242011 115.366877
1264.190086 126.207797
760.639483 137.167076
861.308232 147.816473
956.434325 158.221728
1046.162779 168.375064
1130.798025 178.205139
1210.578313 187.707169
1285.755152 196.829985
771.173288 223.863883
874.681268 232.375477
972.186081 240.641983
1064.171785 248.777654
1150.538654 256.583672
1231.791630 264.064313
1308.360361 271.312608
782.492237 316.526553
888.972973 322.422865
989.036617 328.248492
1083.024786 333.891948
1171.225204 339.447804
1253.987505 344.715181
1331.861435 349.837700
794.715221 415.480715
904.109476 418.359538
1006.672601 421.333316
1102.871565 424.370729
1192.937664 427.243491
1277.230831 429.997284
1356.301159 432.679767
808.060091 521.162211
920.253116 520.764326
1025.589664 520.458382
1123.998132 520.375661
1215.716211 520.215531
1301.589693 520.038100
1381.897237 519.968865
822.229477 634.019596
937.552830 630.044406
1045.548296 625.980325
1146.001445 622.100674
1239.605983 618.422856
1326.860901 615.041019
1408.385037 611.909621
603.823097 34.818976
707.097189 37.193290
809.472650 39.553004
910.772171 42.762599
1010.708744 46.156759
1109.159446 50.034704
1205.802057 54.249937
597.032665 121.309019
702.983183 123.076832
808.090317 125.176042
912.024164 127.751433
1014.604432 130.636429
1115.489287 133.877886
1214.436329 137.436220
590.099673 212.447876
698.859708 213.767838
806.687742 215.443321
913.416832 217.465428
1018.598185 219.780151
1121.998473 222.331609
1223.366060 225.191910
583.035892 308.700304
694.712132 309.502297
805.397930 310.688239
914.776500 312.020232
1022.679142 313.679324
1128.675670 315.547840
1232.513812 317.623109
575.951138 410.302587
690.527838 410.632057
803.975062 411.196747
916.253209 411.824201
1026.877864 412.624574
1135.547558 413.738352
1241.805871 414.969486
568.935034 517.392296
686.269283 517.220146
802.838373 517.153739
917.807625 517.012419
1031.260727 516.995797
1142.647471 517.142402
1251.397474 517.281394
561.783822 630.150104
682.186751 629.384017
801.687065 628.471341
919.641970 627.800860
1035.866226 626.982761
1149.794391 625.782267
1261.095377 624.696351
480.262956 425.831335
588.840542 424.158348
700.518495 422.614322
815.259876 421.147758
932.561469 419.824061
1052.251218 418.660205
1173.876488 417.769171
496.775570 532.587710
602.956013 532.399998
711.952224 532.221314
823.772805 532.041711
938.016401 531.744916
1054.726760 531.660727
1173.076393 531.711225
513.091205 634.335326
616.682681 635.251946
723.092365 636.217963
832.036530 637.109784
943.356880 638.209379
1056.941267 638.946943
1172.010359 639.484857
528.758791 730.698763
629.966429 732.766302
733.707836 734.809627
839.989691 736.710525
948.461242 738.420328
1058.856956 739.993077
1170.822527 741.458217
544.057938 822.144255
642.844074 825.269678
744.086169 828.067554
847.542657 830.785295
953.222717 833.323937
1060.597116 835.693588
1169.526690 837.874881
558.753418 908.967835
655.206144 912.748367
753.913316 916.407762
854.798830 919.940593
957.625693 923.190044
1062.197855 926.124704
1168.142489 928.901939
572.959467 991.073743
667.059885 995.735441
763.394226 999.924988
861.773045 1004.080722
961.906379 1008.018950
1063.617476 1011.471254
1166.725751 1014.722890
199.313857 428.996676
330.054566 430.853867
453.995399 432.589668
571.692869 434.459521
683.074166 436.371571
788.264352 438.120535
887.614897 439.924374
205.786971 538.090446
332.269708 536.937778
452.344358 535.861378
566.504734 534.732381
674.731825 533.687751
777.239557 532.740240
874.057238 531.873222
212.745120 640.396469
334.883622 636.519310
451.208473 632.692106
561.943469 629.039903
667.118423 625.568022
766.917937 622.094693
861.378357 618.842655
219.510138 735.948004
337.736813 729.770906
450.365767 723.806496
557.829929 717.944318
660.095951 712.119837
757.244256 706.426440
849.479015 701.067679
226.509912 825.402704
340.891440 817.416185
450.108569 809.242797
554.141155 801.403765
653.673282 793.648526
748.167892 786.171526
838.148533 778.870499
233.494655 909.300771
344.156620 899.385942
449.877501 889.543202
551.093157 879.976367
647.608015 870.512785
739.823579 861.292363
827.527976 852.452715
240.439402 987.618614
347.439065 976.297123
450.087198 964.891142
548.300601 953.947785
642.188601 943.158931
731.898634 932.366980
817.451410 922.046511
212.848211 194.566575
334.988060 202.766112
451.176131 210.695920
561.788845 218.664612
666.928180 226.494284
766.699098 234.178931
861.229501 241.736762
211.344704 306.655914
333.748631 311.870080
450.223027 317.042880
561.063270 322.148153
666.438753 327.257611
766.336023 332.198494
860.984345 337.110608
210.730348 419.437241
333.074806 421.639927
449.735776 423.822204
560.756834 426.142635
666.123676 428.446740
766.106779 430.630800
860.781291 432.788108
210.673837 532.316582
333.118039 531.561679
449.673818 530.912364
560.604272 530.271588
666.036441 529.724662
765.984626 529.177015
860.649486 528.763424
211.461394 645.048274
333.723102 641.459491
450.113863 637.832539
560.819699 634.334150
666.218850 630.926344
766.016617 627.717147
860.582859 624.680734
213.038650 757.515540
334.893222 750.926436
451.016488 744.446876
561.555061 738.137409
666.559123 731.927344
766.279413 725.885725
860.718604 720.099199
215.334452 869.155469
336.622555 859.724940
452.452041 850.194953
562.564046 841.207311
667.249769 832.220734
766.570705 823.458188
860.746356 815.042409
240.628931 70.966603
348.659519 81.226362
451.945787 91.181467
550.691025 101.160835
645.114529 110.887065
735.330255 120.489367
821.358786 129.967462
234.612326 151.242044
345.868972 159.790604
452.320671 168.183239
553.918821 176.550161
650.990614 184.783815
743.499808 192.888560
831.567825 200.847669
228.500619 236.843611
343.275505 243.515878
452.873185 250.052054
557.607577 256.645142
657.270936 263.114105
752.145748 269.413325
842.360376 275.665209
222.354678 328.103073
340.925145 332.581015
453.874344 337.131972
561.541025 341.537896
664.041612 346.003884
761.380327 350.359567
853.825144 354.694997
216.447275 425.494736
338.741120 427.575608
455.110501 429.718708
566.030718 431.808429
671.387340 433.918462
771.229141 436.043194
865.838877 438.152827
210.842145 529.301361
336.893780 528.665067
457.091819 528.141169
571.158904 527.603832
679.367844 527.136531
781.862364 526.670626
878.639465 526.325698
205.405660 640.037866
335.632554 636.396608
459.568645 632.578423
576.978682 629.132627
688.102661 625.732935
793.138312 622.422262
892.217846 619.384566
941.402250 250.868987
1035.294158 242.361628
1134.995011 233.735240
1240.883487 224.781423
1353.001648 215.717172
1471.685830 206.443472
1597.141501 197.058476
959.296228 346.369241
1051.360769 341.104494
1148.799074 335.662748
1252.063157 330.090192
1361.288147 324.282396
1476.808703 318.527453
1598.582621 312.754400
976.400282 437.301411
1066.518968 434.776009
1161.748274 432.270216
1262.379321 429.626285
1368.825097 427.065051
1481.062859 424.347244
1599.279359 421.656595
992.520535 523.793840
1080.836089 523.781430
1173.780045 523.851484
1271.916302 523.962389
1375.552223 524.004537
1484.616534 524.099565
1599.306620 524.274733
1008.002162 606.447363
1094.334932 608.445528
1185.104031 610.488169
1280.749593 612.863754
1381.632480 615.453632
1487.627459 618.062347
1598.789681 620.819414
1022.546950 684.172659
1106.874855 688.269574
1195.530483 692.551592
1288.867105 697.067731
1387.009564 701.791341
1490.066230 706.514607
1597.836250 711.492987
1036.321298 758.099506
1118.737491 763.975532
1205.340332 770.090085
1296.439683 776.560338
1391.922797 783.164274
1492.013255 789.803570
1596.458937 796.682021
1041.850098 77.386133
1146.173823 70.724742
1253.308112 64.354782
1363.267757 58.314612
1475.615906 52.602149
1589.952292 47.557547
1706.200149 42.958779
1044.177751 181.503370
1148.036710 176.475579
1254.742765 171.591608
1364.192763 167.060043
1476.013488 162.723852
1589.913742 158.956034
1705.231092 155.515732
1046.443005 285.022434
1149.678821 281.470422
1255.811159 278.062762
1364.564790 274.922303
1475.727214 272.047467
1589.019932 269.366615
1703.848383 267.023613
1048.538629 387.265460
1151.107398 385.290010
1256.484891 383.481334
1364.533597 381.720409
1474.996215 380.055848
1587.482064 378.599077
1701.561417 377.435150
1050.599355 488.165945
1152.446222 487.825715
1256.911094 487.438115
1364.085102 487.054983
1473.737130 486.768549
1585.423820 486.528485
1698.506411 486.489584
1052.548425 588.108342
1153.439690 588.890969
1257.008144 589.776457
1363.300278 590.812012
1471.889600 591.834615
1582.619302 592.761044
1694.822693 593.789112
1054.259374 685.782919
1154.226292 687.957338
1256.920957 690.238810
1362.237658 692.632457
1469.753155 694.831652
1579.206965 696.938907
1690.267692 699.068892
107.451224 85.393556
232.854058 90.655426
356.171286 96.235289
477.320692 102.243579
595.890476 108.514007
711.648138 115.070509
824.354925 121.996368
106.706068 204.037815
231.857087 208.084864
354.976314 212.407076
475.795179 216.925449
594.189332 221.703787
709.781422 226.717258
822.275058 232.034865
107.067281 322.588423
231.675993 325.377240
354.338695 328.321941
474.859070 331.459276
592.877870 334.798917
708.155244 338.211238
820.289787 341.764964
108.144887 440.409945
232.249546 441.953035
354.341605 443.671591
474.302510 445.416313
591.882506 447.253568
706.720531 449.108007
818.452084 451.069312
110.199448 557.209852
233.582225 557.705756
355.020766 558.094659
474.287647 558.455787
591.298696 558.804172
705.501479 559.187073
816.718125 559.589016
113.055114 672.793789
235.558022 672.089638
356.267157 671.254764
474.838625 670.327121
591.043820 669.225871
704.645284 668.007892
815.203850 666.834770
116.743940 786.697785
238.293130 784.890894
358.176967 782.654161
475.896253 780.536127
591.251091 778.050583
703.911899 775.297668
813.727122 772.520993
194.140936 159.042155
313.985447 167.892681
428.158548 176.443308
536.936049 185.106150
640.539353 193.528940
739.039174 201.832938
832.615364 210.042025
186.444321 251.081533
310.244145 257.707235
428.162983 264.268462
540.316439 270.781727
647.050781 277.241383
748.238479 283.554917
844.113934 289.763217
178.660304 349.623500
306.702953 353.810084
428.417779 357.977826
544.296528 362.141845
654.039130 366.255161
757.979983 370.224061
856.327957 374.219299
170.930682 455.206221
303.498061 456.474593
429.281499 457.938875
548.570179 459.273262
661.604414 460.785280
768.441504 462.225574
869.313122 463.657361
163.517758 568.180390
300.613092 566.305467
430.438080 564.607472
553.565388 562.903794
669.947070 561.254753
779.689892 559.807225
883.021572 558.535305
156.507669 689.054306
298.113151 683.560379
432.531923 678.319155
559.368352 673.147103
679.080613 668.100051
791.857007 663.228941
897.827188 658.695304
149.858880 818.450342
296.392151 808.874280
435.258826 799.317156
565.996905 790.301900
689.085716 781.358469
804.761292 772.692368
913.342988 764.388561
905.585465 447.719058
995.502318 445.237751
1090.994532 443.044643
1192.280578 440.714000
1299.474036 438.336014
1412.993892 435.889549
1533.055626 433.463405
923.725828 535.765825
1011.982151 536.040790
1105.305886 536.474938
1203.963530 536.935363
1308.277222 537.359611
1418.681835 537.955344
1535.088086 538.635957
941.294418 619.615959
1027.614191 622.314475
1118.700322 624.823235
1214.804418 627.570549
1316.415996 630.739800
1423.588426 633.892739
1536.371257 637.211790
957.864018 698.432051
1042.199650 703.139155
1131.093538 708.080275
1224.920031 713.279726
1323.848245 718.577262
1427.931838 724.053874
1537.254290 729.686613
973.575423 773.348542
1056.093174 779.985259
1142.949684 786.795014
1234.363457 793.889967
1330.632524 801.299733
1431.721220 808.777868
1537.717653 816.504097
988.420886 844.552061
1069.111188 852.773367
1153.909918 861.273011
1243.096980 870.098109
1336.715265 879.172256
1434.950945 888.373660
1537.749047 897.859439
1002.496725 912.078648
1081.439096 921.688940
1164.258846 931.563553
1251.241707 941.877036
1342.336190 952.421854
1437.754664 963.129420
1537.435708 974.155971
940.891423 255.442006
1026.888856 247.945805
1117.733871 240.372814
1213.740922 232.569640
1315.045479 224.561340
1421.873131 216.452828
1534.362586 208.213270
941.144325 347.158985
1027.262709 342.324472
1118.228681 337.365503
1214.366563 332.360375
1315.865454 327.094624
1422.932739 321.846093
1535.647377 316.597085
941.348850 439.188888
1027.540786 436.849848
1118.638935 434.738822
1214.797654 432.421214
1316.357687 430.167694
1423.477745 427.769078
1536.361718 425.457779
941.498237 531.444523
1027.824624 531.722260
1118.895485 532.283401
1214.948582 532.753029
1316.479145 533.251415
1423.644342 533.892962
1536.498060 534.573722
941.945683 623.880672
1028.103436 626.858386
1118.976419 629.716783
1214.969102 632.819855
1316.346787 636.287015
1423.416461 639.884046
1535.999998 643.618055
942.302104 715.399435
1028.109579 720.937690
1118.850760 726.658370
1214.654009 732.677580
1315.864375 739.066885
1422.694392 745.453905
1534.937501 752.130152
942.574791 806.618582
1028.173006 814.669844
1118.639145 823.033364
1214.283448 831.896693
1315.130369 841.037064
1421.487874 850.242713
1533.266544 859.859160
1008.421095 153.008333
1087.970704 143.985324
1171.444505 134.802691
1258.995399 125.493830
1350.810550 115.965690
1447.038581 106.364857
1547.556674 96.763517
994.839981 222.455033
1076.020828 214.985338
1161.414223 207.301188
1251.163546 199.552697
1345.421485 191.585880
1444.308867 183.622983
1547.826343 175.593636
980.424970 295.648523
1063.416197 289.829625
1150.739319 283.968075
1242.752743 277.928634
1339.458184 271.856395
1441.067756 265.655326
1547.779159 259.523065
965.336250 372.520581
1050.055400 368.609969
1139.429155 364.825081
1233.555197 360.832452
1332.858586 356.804834
1437.380360 352.789208
1547.265084 348.744237
949.419448 453.389231
1035.967539 451.644417
1127.251285 450.254065
1223.787181 448.596047
1325.581706 446.961767
1433.182817 445.274787
1546.294812 443.795307
932.615330 538.847205
1020.921816 539.527112
1114.476673 540.507924
1213.123984 541.407039
1317.631959 542.524801
1428.193317 543.599253
1544.635866 544.858053
915.197854 628.692903
1005.218420 632.243537
1100.697807 635.646654
1201.843120 639.430266
1308.931159 643.549947
1422.569301 647.800025
1542.273724 652.210154
1051.382522 250.033348
1133.736687 243.398785
1220.153849 236.666370
1310.857046 229.867700
1405.986908 222.912012
1505.665923 215.943728
1609.789112 209.033050
1038.512563 323.541834
1122.560248 318.682244
1210.966693 313.679398
1303.972139 308.679280
1401.701429 303.518203
1504.152067 298.464879
1611.346523 293.416133
1024.794421 400.888997
1110.723811 397.987503
1201.222454 395.046222
1296.545646 392.013753
1396.787391 389.011512
1502.174766 385.963386
1612.625760 383.061750
1010.412410 482.077752
1098.258456 481.419912
1190.811542 480.845264
1288.340263 480.110619
1391.269430 479.415972
1499.645005 478.834040
1613.404962 478.262137
995.388924 568.233016
1085.092477 569.706708
1179.573836 571.346761
1279.616123 573.124453
1385.176092 575.139233
1496.651789 577.204845
1613.614731 579.533290
979.478495 658.129849
1070.794957 662.294265
1167.678527 666.718465
1270.007515 671.394554
1378.353918 676.475408
1492.776213 681.467624
1613.113971 686.789061
962.749036 752.188829
1055.937161 759.427818
1154.840020 767.000609
1259.746154 775.000133
1370.737597 783.341669
1488.258921 791.765569
1611.892786 800.461952
