406.537969 442.130111
483.741317 439.317839
565.944982 436.586488
653.843019 433.614581
747.624007 430.507423
848.281604 427.076580
956.449128 423.361786
439.239167 532.993497
515.386589 533.160926
596.115151 533.411206
682.282927 533.744725
774.127023 533.941147
872.482088 534.194761
977.941474 534.502809
470.406998 619.280828
545.252545 621.813779
624.654384 624.704567
709.070545 627.771124
799.083951 631.149158
895.187445 634.651275
997.973745 638.528610
499.768516 700.667292
573.521347 705.590218
651.537469 710.972259
734.425483 716.735303
822.603007 722.687511
916.544557 729.115351
1016.777575 735.934537
527.749129 778.038648
600.320150 785.147569
677.060775 792.554484
758.375845 800.490993
844.789451 808.960571
936.600424 817.864472
1034.455999 827.436120
554.402679 851.858601
625.721151 860.516791
701.190850 869.881326
781.042237 879.862609
865.699657 890.484425
955.497892 901.678790
1051.049354 913.636364
579.421783 921.913420
649.968201 932.338798
724.111298 943.316375
802.508929 955.017896
885.486789 967.616083
973.303428 980.738187
1066.724668 994.852526
1058.601712 361.076474
1161.180344 358.510679
1267.052192 355.897456
1376.658231 353.254314
1489.881670 350.524817
1607.041553 347.688315
1728.056172 344.888348
1058.583484 462.080562
1161.047664 461.255116
1266.918496 460.313408
1376.395356 459.382933
1489.310428 458.374538
1606.367346 457.445334
1727.170618 456.558304
1058.681176 563.041325
1160.958525 563.688376
1266.692962 564.516828
1375.975338 565.268298
1488.863813 566.118306
1605.651338 566.862361
1726.357146 567.931835
1058.659370 663.616911
1160.915678 665.866200
1266.472353 668.358554
1375.619067 670.928597
1488.352039 673.484107
1604.991216 676.123498
1725.478231 678.977874
1058.778342 763.988166
1160.859211 767.890599
1266.245857 772.017869
1375.215933 776.214503
1487.831716 780.655811
1604.405431 785.123659
1724.620268 789.748641
1058.818979 864.129325
1160.746190 869.668262
1266.083110 875.444296
1374.793504 881.350574
1487.231248 887.585960
1603.663421 893.858880
1723.880445 900.348249
1058.867624 963.995019
1160.650021 971.079887
1265.814121 978.485054
1374.440373 986.129345
1486.664493 993.994008
1602.758197 1002.100134
1722.769813 1010.420089
811.423994 355.199292
926.794376 360.429936
1034.284604 365.301945
1134.823695 369.980074
1229.040063 374.355953
1317.439143 378.263914
1400.663022 382.079900
800.965889 472.449082
913.896998 473.551036
1019.173777 474.640370
1117.833642 475.709947
1210.363260 476.712249
1297.426512 477.580270
1379.375074 478.430951
791.193563 583.834631
901.485705 581.286917
1004.755539 578.826855
1101.615153 576.601366
1192.605445 574.545554
1278.287942 572.479368
1359.055724 570.658784
781.764319 689.721372
889.814747 683.790628
990.967051 678.228641
1086.096886 673.021782
1175.607809 668.134053
1259.947998 663.439726
1339.588289 659.135993
772.845197 790.387158
878.643170 781.499564
977.880120 773.084197
1071.168741 765.222958
1159.295174 757.734162
1242.323261 750.752737
1320.846128 744.044255
764.410672 886.539955
868.034700 874.844234
965.261304 863.876725
1057.052577 853.513378
1143.627371 843.672612
1225.483565 834.456088
1302.912888 825.745623
756.291005 978.217957
857.706413 964.013921
953.300062 950.578598
1043.427145 938.062283
1128.659462 926.111455
1209.220318 914.793787
1285.653744 904.146450
748.512606 49.840930
847.904533 63.403077
941.603858 76.072852
1030.139819 88.207394
1113.944627 99.678638
1193.420247 110.593034
1268.725915 120.908607
759.080600 133.608543
860.906760 144.970808
956.827679 155.697774
1047.218365 165.840178
1132.628636 175.473964
1213.425414 184.592338
1289.926225 193.169009
770.263317 222.192580
874.600479 231.183094
972.648893 239.600893
1065.083848 247.639693
1152.127381 255.184640
1234.342082 262.199738
1312.296315 269.008172
782.136863 316.143601
889.186632 322.324923
989.541336 328.169288
1083.856940 333.681371
1172.653433 338.954300
1256.408694 343.855146
1335.683853 348.538374
794.770199 415.836209
904.506241 418.873391
1007.216773 421.898331
1103.638454 424.763243
1194.298160 427.337767
1279.644824 429.856717
1360.172853 432.148367
808.368336 521.823863
920.854204 521.444634
1026.137612 521.186243
1124.690898 520.992996
1217.186954 520.702283
1304.229329 520.465748
1386.156269 520.258847
822.560530 634.787170
938.109520 630.558873
1046.104845 626.534170
1146.894492 622.884118
1241.397233 619.371291
1329.969446 616.093061
1413.360337 613.089059
599.235233 26.395220
704.007512 29.950586
808.035605 33.365576
910.670193 36.961238
1011.711290 40.431693
1111.481692 43.894313
1209.852714 47.315506
592.397641 115.646459
700.532934 118.720774
807.068890 121.628831
912.027241 124.552719
1015.488041 127.382344
1117.478712 130.259167
1217.886552 133.125881
586.448274 209.148751
697.089859 211.537875
806.071023 213.834050
913.546888 216.116426
1019.341316 218.372627
1123.539763 220.576025
1226.181886 222.868030
580.228277 307.066863
693.584851 308.685870
805.173183 310.346718
915.069538 311.878041
1023.308882 313.481166
1129.877035 315.097102
1234.835467 316.678747
573.714463 409.783629
689.837647 410.646834
804.057559 411.596741
916.680400 412.373766
1027.462659 413.155768
1136.541381 414.056668
1243.781801 414.876609
566.970502 517.720108
685.846505 517.782208
803.090141 517.870867
918.360904 517.735512
1031.829418 517.740797
1143.509055 517.815580
1253.350686 517.851107
559.670640 631.202338
681.722924 630.275024
801.923117 629.328443
920.166611 628.435829
1036.390808 627.576999
1150.734037 626.689917
1263.265754 625.881456
475.878909 424.895966
586.892956 423.772103
699.942486 422.708689
815.398926 421.589739
933.032267 420.426791
1052.936400 419.231863
1175.204023 417.975984
493.166651 532.773150
601.535278 532.760438
711.718064 532.743603
824.073001 532.630208
938.556843 532.374365
1055.256456 532.293622
1174.165094 532.331024
509.826606 635.309691
615.416767 636.114838
722.903874 636.983103
832.332571 637.755718
943.880348 638.654229
1057.501808 639.449456
1173.192931 640.408160
525.472095 732.535690
628.605042 734.167044
733.417287 735.905406
840.216632 737.674583
948.943133 739.324833
1059.597792 741.073424
1172.262097 742.876670
540.480833 824.995740
641.142771 827.470946
743.543140 829.876437
847.656548 832.365316
953.740312 834.817231
1061.566595 837.458935
1171.310947 840.061349
554.746213 913.311963
653.126067 916.277172
753.083004 919.404590
854.801718 922.565595
958.228365 925.799077
1063.488098 929.064209
1170.497168 932.446897
568.316379 997.327300
664.410827 1001.043827
762.172037 1004.636300
861.595857 1008.423797
962.580083 1012.398715
1065.220964 1016.265522
1169.728321 1020.294926
181.393815 426.324692
319.916831 429.189477
448.834214 431.648604
569.461558 434.161224
682.369870 436.520098
788.298980 438.555975
887.973235 440.467601
188.839013 538.117952
322.707200 537.115649
447.479607 536.094810
564.450906 535.088983
674.141754 534.176512
777.327532 533.294044
874.458700 532.431946
196.122693 642.715423
325.331958 638.207714
446.242310 633.914586
559.757379 629.965567
666.484835 626.294941
766.945044 622.703467
861.746327 619.372311
202.707932 740.539446
327.812660 733.106048
444.953857 726.075436
555.273532 719.528661
659.154756 713.266156
757.104508 707.341851
849.709526 701.795230
209.064517 832.235818
330.199079 822.411172
443.909926 812.844602
550.911213 803.887839
652.292263 795.374806
747.741715 787.502611
838.214046 779.911482
215.183618 918.863783
332.557515 906.570600
442.857845 894.876036
547.131827 883.806116
645.716259 873.317660
739.037961 863.462248
827.427678 854.164670
220.824164 1000.142664
334.555078 985.990137
441.955144 972.277456
543.418313 959.525701
639.576257 947.379941
730.593771 935.708956
817.097752 924.762603
191.976927 184.515270
321.892246 195.424312
443.405913 205.531841
557.525299 215.198870
664.766072 224.204722
765.773722 232.647272
861.059518 240.611386
192.494361 300.522580
322.415858 307.603750
443.884487 314.200335
557.838375 320.431401
665.002515 326.355864
765.876729 331.818304
861.038212 337.018890
193.349832 416.475947
322.890193 419.730505
444.320725 422.648135
558.202811 425.588827
665.194657 428.365821
765.963680 430.830073
861.050055 433.240075
193.936146 532.160486
323.518533 531.653845
444.684632 531.038346
558.388041 530.559820
665.359097 530.170994
766.015249 529.711723
861.013365 529.288965
194.663961 647.483212
324.022978 643.194726
445.043052 639.141636
558.552351 635.321222
665.545035 631.687069
766.013150 628.412727
860.896403 625.179589
195.535138 762.755215
324.616159 754.659970
445.439708 747.097719
558.924646 739.932880
665.639961 733.197055
766.144225 726.912297
860.968576 720.943625
196.451993 877.631279
325.175514 865.899286
445.965351 854.653408
559.220260 844.313627
665.820289 834.437394
766.143880 825.141026
860.917528 816.453521
218.487213 55.789965
333.605805 69.334345
442.046899 81.953202
544.486200 94.084555
641.412652 105.484026
733.311379 116.284364
820.448301 126.480998
214.231164 139.803066
332.513460 151.111030
443.935375 161.777855
548.911788 171.863980
648.198040 181.438090
742.100196 190.452378
831.023590 198.937991
209.631899 228.637651
331.380900 237.569845
445.828948 245.904431
553.690272 253.856201
655.290015 261.288394
751.278564 268.235871
842.196045 274.945297
204.717527 322.781459
330.294477 328.952007
447.936015 334.701185
558.555339 340.109261
662.745275 345.277877
760.993783 350.132077
853.923117 354.729969
199.597020 422.796468
328.917985 425.826315
449.956839 428.716325
563.646324 431.403425
670.568411 433.895751
771.156161 436.366079
866.100275 438.570445
194.219019 529.154197
327.499593 528.733774
452.362324 528.324670
569.159919 527.940218
678.866070 527.595740
781.996079 527.239505
879.108744 526.888930
188.290957 642.422311
326.075980 638.108136
454.858093 633.855833
575.073880 630.113722
687.652285 626.524185
793.274080 623.129166
892.710015 619.913063
941.730966 250.079308
1036.093055 241.330024
1136.615563 232.226657
1244.032492 222.410940
1358.737955 212.000676
1481.663613 200.849738
1614.092385 188.623976
959.700804 346.492979
1052.080948 341.117333
1150.103529 335.356791
1254.606100 329.227706
1366.068272 322.595306
1485.376462 315.656442
1613.345955 308.134584
976.892496 437.931275
1067.152028 435.355317
1162.846333 432.588896
1264.597097 429.659186
1373.143179 426.653859
1488.834719 423.314899
1612.774264 419.776074
993.047447 524.470465
1081.374233 524.452364
1174.853256 524.467248
1274.136999 524.551897
1379.721625 524.503520
1492.110198 524.480925
1612.203714 524.429801
1008.480874 606.779596
1094.907995 609.000098
1186.294006 611.353263
1283.104413 613.920604
1385.970660 616.704621
1495.244551 619.648849
1611.678546 622.712058
1023.099270 684.820629
1107.711283 689.190090
1197.041023 693.796150
1291.547548 698.638219
1391.781477 703.883696
1498.163368 709.371304
1611.296592 715.277852
1037.009854 759.179260
1119.812948 765.291331
1207.216689 771.850539
1299.627881 778.877338
1397.295383 786.311239
1500.879549 794.086171
1610.802370 802.481882
1043.228641 72.513545
1149.008501 64.995645
1258.366890 57.432533
1371.489787 49.298861
1488.166195 41.997723
1609.686474 33.440828
1735.663561 24.430740
1045.181089 179.307028
1150.187214 173.669243
1258.645846 167.708406
1370.871204 161.715676
1486.867786 155.435167
1607.106688 149.040724
1731.312784 142.523636
1047.190737 284.404053
1151.188431 280.478928
1258.774299 276.372531
1369.906109 272.181385
1484.813911 267.944826
1603.875955 263.428979
1726.887849 259.072868
1049.147441 387.550866
1152.293581 385.341202
1258.868587 383.079725
1369.024988 380.717451
1482.829966 378.278378
1600.671942 375.729426
1722.474879 373.297074
1051.140916 488.828243
1153.397870 488.301682
1258.968483 487.792380
1368.085052 487.185667
1480.888328 486.583878
1597.658436 485.925272
1718.203378 485.333354
1053.067116 588.596500
1154.367572 589.598179
1259.043145 590.691087
1367.172425 591.771861
1478.876827 592.957122
1594.634510 594.096834
1714.033649 595.385001
1054.862453 686.492016
1155.318694 688.928182
1259.142180 691.650640
1366.363035 694.466053
1477.001477 697.291045
1591.468021 700.211377
1709.797606 703.371038
74.677820 66.848628
210.714865 76.380870
341.869622 85.256885
468.676152 94.041112
591.036970 102.488503
709.230425 110.587389
823.494797 118.449301
77.446046 191.756905
212.691645 198.986351
343.123508 205.817317
469.038892 212.345999
590.683441 218.679583
708.222298 224.809410
821.814278 230.752055
80.360434 315.368943
214.588648 320.169595
344.257307 324.759563
469.488973 329.202290
590.407041 333.551756
707.260841 337.696895
820.257263 341.734830
83.004756 437.350404
216.577524 439.848023
345.362390 442.363706
469.775241 444.735216
590.028708 447.134438
706.267303 449.405954
818.630978 451.592926
85.831982 557.587189
218.471799 558.192480
346.474036 558.637567
470.051797 558.963080
589.688417 559.378843
705.190672 559.879646
816.963536 560.212908
88.686793 676.719350
220.330804 675.102547
347.569417 673.526128
470.427895 671.950538
589.296473 670.412353
704.258801 668.984722
815.425595 667.687410
91.259625 794.185266
222.178976 790.538414
348.713149 786.877959
470.830720 783.570046
588.980791 780.130139
703.179804 776.885669
813.803323 773.854173
170.996832 146.968770
299.029899 158.877498
418.926274 169.866411
531.584289 180.439075
637.665439 190.310952
737.643736 199.542718
832.120689 208.287858
164.807469 242.628251
296.852718 251.659286
420.399030 260.129942
536.129745 268.037249
645.016747 275.574071
747.404341 282.557367
843.972467 289.161819
158.168142 344.345364
294.496739 350.216286
421.758453 355.659568
541.038151 360.798813
652.695830 365.611110
757.609417 370.049474
856.478516 374.362458
151.013019 452.962186
292.142685 455.128779
423.395257 457.144818
545.957027 459.001050
660.741990 460.894186
768.400033 462.596120
869.653869 464.179854
143.461670 568.908512
289.375536 566.932311
424.833126 565.176738
551.256252 563.482378
669.340835 561.810902
779.812606 560.423444
883.457448 558.989809
135.431736 693.089211
286.448074 686.364228
426.751635 680.238198
556.992812 674.454096
678.477602 669.058232
791.974846 664.038618
898.279849 659.286868
126.627428 826.503497
283.401179 814.369313
428.673060 803.034967
563.128191 792.716253
688.190008 783.003273
804.739704 773.972936
913.774092 765.519064
906.003446 448.290356
996.014526 445.869026
1091.662011 443.546146
1193.628245 440.996011
1302.294450 438.321579
1418.460727 435.406240
1542.970843 432.255715
924.240738 536.265961
1012.480615 536.574994
1105.895459 537.048683
1205.283396 537.535633
1311.046171 537.968402
1423.991490 538.505150
1544.664119 539.091576
941.791774 619.904742
1028.075539 622.653195
1119.407735 625.455515
1216.290317 628.478584
1319.400783 631.884408
1429.056892 635.331876
1546.147172 639.174682
958.318260 699.041375
1042.797392 703.886952
1132.094267 709.073423
1226.781890 714.635387
1327.236459 720.412589
1433.954479 726.636558
1547.581724 733.226561
974.080959 774.343385
1056.868135 781.190067
1144.272170 788.375809
1236.699788 795.965613
1334.673420 804.095741
1438.543185 812.696240
1548.986530 821.810561
989.059087 846.091987
1070.166829 854.624830
1155.697074 863.692806
1246.027021 873.179287
1341.609894 883.289324
1442.865767 893.994776
1550.345584 905.360784
1003.310206 914.450810
1082.823936 924.446410
1166.556106 935.064657
1254.917601 946.348204
1348.143443 958.223721
1446.805178 970.742389
1551.402000 984.123656
941.166181 254.589827
1027.568866 246.896061
1119.080750 238.931936
1216.306230 230.429575
1319.621408 221.332015
1429.677619 211.740245
1547.217369 201.349560
941.456008 347.186703
1027.826281 342.276438
1119.240116 337.057856
1216.301817 331.596234
1319.522485 325.665718
1429.498359 319.441975
1546.823139 312.821761
941.755448 439.709348
1028.030431 437.402271
1119.396205 435.077759
1216.334987 432.485466
1319.509608 429.880421
1429.227993 426.964768
1546.448640 424.024054
942.007847 532.018699
1028.285737 532.327124
1119.532599 532.840251
1216.377292 533.303381
1319.385153 533.774958
1429.075913 534.403327
1546.118881 534.961257
942.419036 624.232016
1028.549313 627.212246
1119.685701 630.404948
1216.475323 633.782153
1319.338143 637.493622
1428.936594 641.475334
1545.754570 645.633135
942.732940 716.157126
1028.693279 721.820350
1119.835774 727.862055
1216.449798 734.202786
1319.235875 741.127862
1428.738971 748.362510
1545.444059 756.186099
943.029372 807.864226
1028.923507 816.089647
1119.920720 824.927650
1216.573141 834.378267
1319.190468 844.382854
1428.469314 854.945455
1545.120320 866.420524
1009.157968 150.292352
1089.486621 140.720222
1174.091530 130.769756
1263.385631 120.289673
1357.736024 109.230943
1457.675593 97.583463
1563.548793 85.144296
995.333877 221.080560
1077.107130 213.283265
1163.387006 205.024557
1254.576263 196.366450
1351.084504 187.164017
1453.354355 177.547993
1561.933254 167.289240
980.804428 295.215555
1064.157926 289.206397
1152.158306 282.962151
1245.357237 276.284236
1344.075503 269.288005
1448.789041 261.822369
1560.325078 254.048098
965.680337 372.756435
1050.617481 368.755133
1140.457084 364.693752
1235.582369 360.295850
1336.655016 355.677032
1444.069530 350.848794
1558.474560 345.628663
949.831833 454.024011
1036.435893 452.274263
1128.012718 450.688746
1225.377074 448.787966
1328.771163 446.845464
1439.073793 444.740094
1556.604406 442.575768
933.127345 539.448814
1021.363551 540.152658
1115.074826 541.177680
1214.492453 542.062503
1320.533103 543.178883
1433.703252 544.250418
1554.626215 545.425276
915.644572 629.143439
1005.657737 632.636305
1101.315917 636.366007
1203.205765 640.474295
1311.767000 644.861106
1428.049313 649.554889
1552.459780 654.600850
1052.175416 248.931390
1135.196477 241.877691
1222.705046 234.496561
1315.224767 226.730082
1413.073108 218.507880
1516.816829 209.872168
1627.086694 200.563509
1039.077402 323.270416
1123.628168 318.158080
1212.909806 312.692232
1307.483472 307.014429
1407.677358 300.937362
1513.980424 294.629338
1627.058315 287.849158
1025.263044 401.196752
1111.483368 398.120453
1202.714542 394.892302
1299.392563 391.439377
1401.952316 387.846888
1510.966268 383.979222
1627.181684 380.031525
1010.847976 482.784098
1098.818944 481.982737
1192.004037 481.214295
1290.794922 480.299424
1395.880134 479.371566
1507.785573 478.454917
1627.226247 477.373749
995.822596 568.640638
1085.549277 570.189286
1180.612706 572.045111
1281.873248 573.917590
1389.525521 576.006617
1504.526558 578.206449
1627.271521 580.640976
979.917462 658.622175
1071.368228 662.989102
1168.823840 667.779835
1272.289654 672.734660
1382.790740 678.261020
1500.872255 683.980266
1627.372081 690.175303
963.223427 753.181738
1056.668988 760.607616
1156.204104 768.607985
1262.351965 777.181427
1375.599353 786.416578
1497.087924 796.166583
1627.412121 806.710330
