-32.78842756011993 -13.98049146184577 83.11402663740397
-25.85813138607406 -31.34585443573368 96.20752393188671
-6.68481992271199 -17.33277029747593 64.02662741625574
-11.38462672009245 -31.22565281536138 76.25828883717207
-20.75350535166140 -32.37699404566698 77.48065475245107
-25.21248797783365 -14.44482692219498 72.21191061560278
-40.55254678134839 -10.20127230326817 62.98883412754967
-42.51501313802353 -23.52068125300137 69.89252303690074
-44.78463625299846 -30.93226401789531 78.21632436806071
-46.01815854108868 -27.16402891588142 61.43506500356038
-41.20956560221624 -20.31127115322110 57.14039684709584
-47.77269035160217 -19.19016538206662 69.18347750499352
-44.20666805660409 -25.47535016237645 74.15799811273457
-3.35987939796350 -13.56179884947753 85.20634415597644
0.65851743272056 -25.96599990969656 92.88835228040027
3.50774208835347 -30.35202557647960 98.31568569033064
8.43940763454288 -24.58901505403619 96.57336241357731
5.91775080713381 -15.52926564297858 81.77750941728964
0.80012873883620 -21.51462927986369 77.36441842841850
4.78068343717276 -31.72860791305049 78.60421380734147
