505.036281 401.732067
584.633851 397.675805
669.462820 393.538880
760.271636 389.064622
857.390613 384.298120
961.825627 379.114861
1074.199576 373.526194
527.189773 496.772056
605.829515 495.923754
689.463079 495.043662
778.827334 494.103508
874.316351 492.919205
976.829609 491.802672
1086.929042 490.639573
548.549435 588.101001
626.138097 589.990980
708.664038 592.078075
796.585760 594.247879
890.558332 596.647436
991.124871 599.078650
1099.021955 601.831722
569.003469 675.634725
645.641597 680.158968
726.986848 685.035404
813.610768 690.270544
906.038674 695.673087
1004.794955 701.504242
1110.502510 707.765300
588.719142 759.802494
664.410469 766.762939
744.702199 774.146853
830.004138 781.944418
920.870463 790.292506
1017.847789 799.165724
1121.492132 808.701465
607.630351 840.840012
682.367071 850.008138
761.558177 859.712957
845.571771 869.929878
935.027074 880.865903
1030.309990 892.537250
1131.971542 905.034271
625.863405 918.782998
699.662247 929.908183
777.703610 941.717543
860.599264 954.257773
948.580192 967.585589
1042.196065 981.762987
1142.014923 996.975740
631.976215 159.787175
706.458143 149.532045
785.297519 138.750848
869.013558 127.366426
957.936907 115.159419
1052.812298 102.189804
1153.844166 88.424493
614.107618 239.310324
689.407584 231.296943
769.182317 222.771643
853.975079 213.744643
944.347679 204.050698
1040.663170 193.847143
1143.448884 182.925309
595.555866 321.892998
671.757703 316.088999
752.537261 310.036979
838.497220 303.549209
930.120706 296.680915
1027.929991 289.278198
1132.591602 281.516067
576.410357 407.361400
653.428680 404.039330
735.231375 400.676823
822.316223 397.015839
915.301506 393.068517
1014.738453 388.949039
1121.208697 384.425968
556.586824 496.137351
634.442540 495.504024
717.165909 495.006959
805.596184 494.270874
899.848735 493.594829
1000.946643 492.807110
1109.231441 492.135746
535.928816 588.265254
614.536442 590.528053
698.513006 593.086669
787.974886 595.660351
883.750644 598.576875
986.448746 601.543824
1096.735739 604.799820
514.485344 683.925845
594.098307 689.322395
679.063009 695.121338
769.819578 701.416404
866.910152 708.058591
971.398236 715.167703
1083.643260 722.866848
916.559703 307.079894
1026.981269 314.639146
1130.209876 321.695355
1227.080922 328.422906
1318.092242 334.759503
1403.862626 340.564352
1484.682547 346.207710
907.014268 427.141490
1015.905759 430.645277
1117.814799 434.042064
1213.518247 437.158784
1303.489069 440.135030
1388.360888 442.906412
1468.396052 445.535648
897.920919 543.056333
1005.148462 542.864860
1105.775941 542.638993
1200.302043 542.511282
1289.326964 542.388747
1373.335089 542.098618
1452.646127 542.042818
888.995800 655.082031
994.833710 651.304065
1094.055575 647.803844
1187.510895 644.549768
1275.550564 641.480116
1358.671184 638.494572
1437.309205 635.803541
880.459088 763.256684
984.776807 756.235340
1082.763270 749.663967
1175.001726 743.553287
1262.223539 737.652809
1344.454190 732.184862
1422.364984 726.894646
872.234841 867.999577
975.104094 857.928884
1071.780473 848.471229
1163.054157 839.577813
1249.242305 831.073428
1330.745392 823.114463
1407.946236 815.599571
864.203704 969.279323
965.549102 956.329292
1061.190190 944.094016
1151.379416 932.709107
1236.674687 921.784140
1317.334657 911.460750
1393.855514 901.806409
857.676266 86.700392
956.817354 99.973831
1050.250094 112.359454
1138.637151 124.251177
1222.229906 135.488330
1301.568447 146.076557
1376.852903 156.156176
868.169596 180.509421
969.124069 191.218869
1064.271669 201.333091
1154.011347 210.889267
1238.853425 219.988122
1319.130814 228.561436
1395.270012 236.600666
879.127461 278.542090
981.933251 286.513599
1078.715463 294.025186
1169.952250 301.193759
1256.010189 307.951118
1337.377488 314.179458
1414.546258 320.252946
890.631632 381.148558
995.447983 386.064938
1093.870782 390.745207
1186.485520 395.135882
1273.811539 399.365773
1356.339984 403.297151
1434.463843 407.064242
902.673889 488.535119
1009.418120 490.127640
1109.511674 491.771578
1203.655805 493.332082
1292.429501 494.646067
1376.083230 496.032240
1455.140245 497.275325
915.399755 601.128361
1024.097061 599.172204
1126.081273 597.441200
1221.738993 595.757386
1311.793143 594.133134
1396.700189 592.600514
1476.797320 591.226285
928.598684 719.286258
1039.386824 713.432638
1143.335314 707.830242
1240.635038 702.781664
1332.048799 697.860359
1418.057423 693.270051
1499.181362 689.023257
686.210413 68.523624
794.637424 71.828318
901.649143 75.047082
1007.403337 78.380050
1111.826378 81.575232
1215.055482 84.777099
1316.986456 87.990212
683.470521 167.238459
793.556836 170.010067
902.240173 172.687770
1009.692863 175.411060
1115.703946 178.063980
1220.421623 180.753429
1323.767971 183.382121
680.605671 269.188958
792.419492 271.307612
902.816915 273.414072
1011.961957 275.519431
1119.622396 277.606007
1225.859924 279.621174
1330.791352 281.722528
677.654973 374.383533
791.327576 375.803150
903.492055 377.276641
1014.265310 378.720909
1123.589113 380.176955
1231.464023 381.638751
1337.980693 383.053003
674.662564 483.060626
790.178949 483.749296
904.063397 484.571522
1016.639142 485.313826
1127.726889 486.052993
1237.265965 486.838787
1345.325802 487.599546
671.591374 595.315683
788.879516 595.330983
904.823218 595.386208
1019.130500 595.401969
1131.954625 595.451555
1243.306961 595.473006
1353.083027 595.548427
668.359413 711.417563
787.630975 710.582916
905.512221 709.792025
1021.758374 709.100683
1136.369277 708.372492
1249.394245 707.644821
1360.939728 706.972258
588.107982 378.102567
698.243856 376.716063
810.656490 375.376692
925.759562 373.935352
1043.356974 372.510790
1163.574878 371.035959
1286.373998 369.472287
597.134286 488.672141
705.465613 488.510435
816.018558 488.409798
929.019796 488.228764
1044.440796 487.941966
1162.459719 487.761406
1282.921505 487.571574
605.988625 595.520698
712.497197 596.412542
821.153705 597.323131
932.167611 598.278466
1045.597350 599.211569
1161.433401 600.160752
1279.685275 601.213994
614.492522 698.593332
719.309244 700.496158
826.082597 702.497485
935.219322 704.540081
1046.645557 706.528590
1160.373269 708.594473
1276.485442 710.731004
622.778624 798.231292
725.878697 801.093498
830.963875 804.051523
938.182083 807.014569
1047.666177 810.076018
1159.392386 813.242484
1273.368875 816.426168
630.746044 894.697009
732.184755 898.445822
835.565705 902.254712
941.030314 906.138515
1048.641094 910.135541
1158.488058 914.263458
1270.472105 918.464478
638.480184 987.944899
738.286172 992.488308
840.048325 997.082827
943.836979 1001.931299
1049.584988 1006.809005
1157.529278 1011.770235
1267.631841 1016.943165
220.507090 442.238771
353.901629 444.595391
480.655489 446.834557
601.507666 449.030009
716.702995 451.114626
826.663272 452.985689
931.791931 454.795884
231.246884 552.461120
360.041845 552.118976
482.530712 551.859014
599.434004 551.493700
711.050739 551.144562
817.814886 550.782406
919.948936 550.466362
241.548959 655.463875
365.752997 652.723506
484.251935 650.061037
597.488075 647.539482
705.836534 645.144309
809.491989 642.736418
908.854531 640.521492
251.008279 751.853798
371.196334 746.980417
485.833949 742.282119
595.661595 737.864206
700.876507 733.608959
801.612003 729.489250
898.343807 725.573498
260.001125 842.097176
376.203723 835.486016
487.455843 829.041541
593.909183 822.928783
696.230639 817.004372
794.204179 811.387229
888.399914 805.906420
268.438686 927.134298
381.018520 918.857466
488.828410 910.856658
592.391734 903.228807
691.769543 895.823407
787.279335 888.769681
879.087743 881.996804
276.351737 1007.107684
385.413436 997.380212
490.213129 987.948142
590.846010 979.023873
687.625509 970.379083
780.584623 962.044036
870.179625 954.088219
242.435214 205.518039
367.007711 213.505639
485.835422 221.045157
599.394008 228.401273
707.993618 235.371907
811.998787 241.972032
911.647752 248.368834
242.363283 319.733224
366.904969 325.034523
485.673229 330.125308
599.156163 334.916955
707.724998 339.583620
811.643889 343.962570
911.176023 348.261216
242.467601 433.833610
366.806201 436.472860
485.481932 438.949580
598.973460 441.392379
707.411347 443.709496
811.252221 445.835469
910.776215 447.981563
242.405347 547.832229
366.836645 547.774284
485.369486 547.688319
598.746050 547.666538
707.097583 547.714290
810.845557 547.606220
910.324844 547.624784
242.508686 661.534151
366.730510 658.835457
485.171337 656.246616
598.392774 653.863657
706.790890 651.501217
810.424146 649.290540
909.788183 647.116326
242.658361 775.186382
366.633320 769.859486
485.017103 764.772037
598.207434 759.922797
706.490309 755.202456
810.120223 750.793234
909.418211 746.517830
242.800402 888.595981
366.551703 880.660669
484.968461 872.968542
598.011384 865.771394
706.205762 858.763317
809.680973 852.101488
908.940648 845.745479
270.969497 99.436968
384.730692 109.122825
493.692277 118.270472
598.137003 127.230622
698.431717 135.749901
794.753932 143.938795
887.330002 151.786521
264.762964 191.589533
381.195838 199.422784
492.590647 206.921812
599.238328 214.124718
701.565314 221.030876
799.695105 227.664726
893.952342 234.020832
258.227078 287.986881
377.411221 293.849923
491.305079 299.448679
600.380979 304.839393
704.818468 309.978626
804.942492 314.825763
901.000144 319.625379
251.348026 388.958996
373.561897 392.605422
490.067296 396.098553
601.495832 399.419053
708.153686 402.710971
810.330711 405.784460
908.336236 408.769083
244.244932 494.787954
369.389012 496.021821
488.629769 497.291200
602.644239 498.450221
711.647062 499.557405
815.933155 500.662775
915.859833 501.668042
236.808445 605.878453
364.970590 604.514182
487.295647 603.257601
603.908014 602.019969
715.334501 600.820926
821.902220 599.698662
923.853640 598.638038
228.840356 722.578386
360.411064 718.375914
485.837160 714.205889
605.241641 710.407335
719.219186 706.694434
827.930497 703.216221
932.005375 699.847712
78.349106 83.493570
218.354412 91.363252
353.597902 98.926214
484.575981 106.357139
611.262415 113.480531
733.935882 120.312446
852.771690 127.016940
90.036506 214.985459
227.405416 220.532043
360.007262 225.985936
488.302277 231.103891
612.629174 236.096312
733.058457 240.964813
849.697995 245.744451
101.837317 341.527342
236.070952 344.907471
366.110543 348.191177
492.023350 351.302156
614.005972 354.381771
732.207863 357.284829
846.771311 360.123682
112.792049 463.290247
244.519175 464.562433
371.913115 465.878420
495.529851 467.147172
615.253482 468.346514
731.309494 469.457437
843.938544 470.612900
123.458325 580.335457
252.587834 579.847764
377.645150 579.293161
498.821937 578.793508
616.480590 578.261536
730.474871 577.822284
841.162373 577.314264
133.845087 693.246571
260.416162 690.962684
383.098729 688.735978
502.113385 686.621944
617.613248 684.432942
729.772064 682.399528
838.566224 680.476405
143.827834 801.978085
267.940360 798.096412
388.450761 794.249144
505.297139 790.641908
618.773888 786.992862
728.974796 783.490455
836.025224 780.222066
136.119527 207.871637
284.177707 216.819956
424.257506 225.262395
557.243402 233.324465
683.435113 241.048755
803.387249 248.208581
917.635312 255.075193
151.021918 337.047418
293.441835 342.308291
428.402020 347.388656
556.556944 352.043858
678.477987 356.525225
794.646350 360.728842
905.353692 364.776797
165.187817 457.002905
302.033919 459.048098
432.150091 460.913356
555.941985 462.732205
673.917611 464.473042
786.481763 466.027645
893.882414 467.525132
178.177064 568.605730
310.157586 567.795080
435.591177 566.985595
555.369420 566.271340
669.638756 565.567443
778.744044 564.760723
883.111038 564.159593
190.329711 672.514950
317.655031 669.363543
439.030160 666.170445
554.742014 663.243072
665.641155 660.363759
771.451210 657.693821
872.913128 655.049300
201.816777 769.838811
324.779093 764.495111
442.058620 759.316745
554.332006 754.397604
661.777158 749.590580
764.747040 745.116610
863.407510 740.825439
212.599594 860.929525
331.318188 853.698125
445.022166 846.711164
553.848713 840.131384
658.233265 833.705373
758.253201 827.558050
854.359393 821.759699
116.837563 278.242744
241.305343 280.479116
363.804132 282.655367
484.742063 284.940853
603.995033 287.095615
721.709909 289.222893
837.746243 291.350541
110.359091 394.876997
235.936815 396.277629
359.537200 397.735790
481.454939 399.212077
601.776394 400.594092
720.389539 401.982791
837.291397 403.343975
103.950769 513.486943
230.449471 514.094423
355.145388 514.753477
478.214162 515.377848
599.449842 515.951873
718.981132 516.460612
836.861933 517.089361
97.243426 634.140566
225.083455 633.843784
350.843892 633.599595
474.834185 633.379602
597.061156 633.111977
717.575088 632.848864
836.437988 632.671091
90.528096 756.743463
219.439555 755.544368
346.295100 754.501924
471.369989 753.364309
594.632787 752.198906
716.164151 751.153028
835.879173 750.131645
83.860319 881.517315
213.770714 879.343019
341.760445 877.418460
467.861630 875.412672
592.217516 873.357664
714.773176 871.396301
835.507298 869.472711
76.773157 1008.355412
207.955011 1005.188007
337.204939 1002.229447
464.392478 999.451619
589.700805 996.476330
713.281756 993.586102
835.015980 990.775671
242.241188 168.856515
363.729592 177.532664
479.667223 185.642539
590.557907 193.626899
696.730832 201.177526
798.592568 208.390902
896.269433 215.301640
232.638059 262.382216
358.035798 269.040840
477.710968 275.412607
591.939200 281.523880
701.250064 287.415644
805.832783 292.970153
906.011041 298.275741
222.264890 361.980906
351.961087 366.507494
475.476342 370.783070
593.451582 374.910050
705.938237 378.835385
813.479113 382.488636
916.435341 386.115566
211.171329 468.545424
345.621497 470.483659
473.323666 472.352199
594.912617 474.108330
710.870413 475.915221
821.578710 477.512455
927.432101 479.119296
199.357439 582.635672
338.618641 581.622242
470.723799 580.825415
596.493877 580.007845
716.178650 579.176162
830.193938 578.475105
938.981363 577.785040
186.744124 705.034869
331.147380 700.736880
468.299828 696.817963
598.240200 693.012742
721.863786 689.363655
839.410360 685.982895
951.459177 682.711352
173.031132 836.723673
323.229610 828.731501
465.565719 821.036559
600.137730 813.864209
727.877778 806.984631
849.161206 800.539318
964.558756 794.411047
997.049533 412.014212
1090.024062 408.377968
1188.919181 404.731204
1294.634979 400.673447
1407.481129 396.467004
1528.444904 391.820118
1658.364362 386.820318
1008.733620 504.483817
1100.183595 503.900849
1197.261266 503.298286
1300.852587 502.593682
1411.290886 501.799855
1529.553038 501.006867
1656.335632 500.194299
1019.996973 593.528915
1109.890775 595.516814
1205.313921 597.675554
1306.778026 599.977529
1415.060362 602.507483
1530.651864 605.066416
1654.502506 607.963123
1030.812131 678.899767
1119.216506 683.370321
1212.943468 688.220256
1312.576994 693.345575
1418.637855 698.693737
1531.707575 704.548768
1652.617486 710.721209
1041.287270 761.089627
1128.265098 767.895160
1220.373236 775.123314
1318.122348 782.703916
1422.042650 790.884559
1532.751297 799.571215
1650.880400 808.866959
1051.286448 840.240472
1136.849782 849.183323
1227.401830 858.606601
1323.352133 868.564529
1425.266563 879.233667
1533.668800 890.556157
1649.167604 902.635008
1060.984473 916.467318
1145.167324 927.244544
1234.159051 938.726836
1328.465065 950.937314
1428.337014 963.878213
1534.498451 977.546649
1647.547428 992.219861
1039.373577 235.763375
1127.812937 227.387664
1221.537336 218.624571
1321.242157 209.310523
1427.215168 199.380109
1540.351263 188.826506
1661.241152 177.496242
1035.590626 325.189973
1124.420232 319.524518
1218.581410 313.449085
1318.752697 307.070882
1425.359442 300.180298
1539.147256 292.933896
1660.766392 285.215690
1031.773290 415.816952
1120.986541 412.694551
1215.636967 409.475233
1316.283962 406.015486
1423.530506 402.419655
1537.914315 398.432461
1660.396220 394.384839
1027.903613 507.282348
1117.530524 506.886984
1212.633052 506.610287
1313.783381 506.285552
1421.599041 505.847440
1536.708819 505.483045
1659.963209 505.004752
1024.073743 599.844648
1114.094025 602.246215
1209.587951 604.917057
1311.310154 607.633409
1419.657613 610.626102
1535.508542 613.748814
1659.530989 617.213939
1020.117374 693.482407
1110.449896 698.783751
1206.525126 704.440906
1308.638841 710.343143
1417.687340 716.803194
1534.256182 723.659153
1659.072561 731.039693
1016.145969 788.150180
1106.902104 796.260124
1203.414013 805.005816
1306.169933 814.354747
1415.732991 824.283888
1533.038877 834.941889
1658.655317 846.422205
1069.239826 182.727595
1154.321559 173.386318
1244.234760 163.614714
1339.594650 153.286767
1440.630915 142.305059
1548.182554 130.635668
1662.648512 118.202537
1059.328362 260.897736
1145.596685 253.749545
1236.917244 246.081133
1333.804164 238.054472
1436.723053 229.414411
1546.220413 220.341715
1662.924656 210.698641
1049.018991 341.951369
1136.573625 336.929539
1229.347179 331.692216
1327.848030 326.071854
1432.609653 320.161397
1544.155524 313.729782
1663.375373 307.092750
1038.383719 425.824301
1127.247639 423.137834
1221.508346 420.471896
1321.638900 417.540135
1428.282386 414.408511
1542.063977 411.192244
1663.737979 407.598408
1027.404255 512.809204
1117.604954 512.717041
1213.250132 512.762746
1315.249684 512.653297
1423.816526 512.666311
1539.953690 512.611630
1664.175000 512.685915
1015.969604 602.971124
1107.400373 605.696006
1204.825721 608.677722
1308.414170 611.705694
1419.135159 615.118636
1537.605953 618.633424
1664.546595 622.481970
1004.104963 696.541928
1097.037269 702.226679
1195.953682 708.328730
1301.521424 714.866579
1414.244390 721.813328
1535.232112 729.287987
1665.022942 737.334456
1148.473702 257.631213
1239.337405 252.068979
1334.159902 246.298540
1433.451335 240.339442
1537.228004 234.065330
1646.260442 227.478619
1760.556222 220.561849
1140.782664 334.018646
1233.727509 330.098723
1330.896796 325.948052
1432.741234 321.698887
1539.415950 317.165058
1651.394702 312.496073
1769.033808 307.565578
1132.633194 414.376702
1227.857836 412.129878
1327.502416 409.879174
1432.032090 407.492021
1541.647545 405.041208
1656.848208 402.336547
1778.170256 399.693683
1124.170178 498.871138
1221.695422 498.536885
1323.926803 498.362580
1431.229319 498.069701
1543.935045 497.829626
1662.643219 497.635668
1787.703442 497.295879
1115.236912 587.882265
1215.229081 589.678150
1320.004973 591.815721
1430.442091 593.876289
1546.399784 596.169173
1668.926271 598.509053
1797.888864 601.070185
1105.813390 681.749646
1208.203456 686.041790
1316.046806 690.653443
1429.422966 695.370483
1548.994706 700.538601
1675.410514 705.884512
1808.808426 711.501147
1095.783073 780.897713
1200.937876 787.861619
1311.700737 795.238065
1428.623367 803.090816
1551.765975 811.383808
1682.278895 820.096725
1820.402732 829.366626
1151.731040 377.928779
1257.104575 375.563419
1366.105485 373.238280
1479.151117 370.822397
1596.233124 368.355863
1717.807900 365.721594
1843.946629 363.048327
1151.295547 479.516229
1256.505355 479.036395
1365.496395 478.479801
1478.387109 477.980943
1595.288209 477.406437
1716.730302 476.850609
1842.796091 476.381572
1150.822235 581.063238
1255.903287 582.302085
1364.835770 583.594780
1477.545195 584.915724
1594.407507 586.390142
1715.680030 587.725018
1841.727476 589.339963
1150.391913 682.308296
1255.424071 685.260354
1364.129604 688.423792
1476.749788 691.659901
1593.501007 694.989975
1714.580349 698.455912
1840.213738 702.006745
1150.012764 783.389466
1254.885917 788.096661
1363.447834 793.040258
1475.961661 798.138466
1592.562282 803.489686
1713.587034 808.952490
1839.029420 814.701677
1149.577189 884.279441
1254.323535 890.779891
1362.832419 897.506418
1475.126316 904.522136
1591.558808 911.814690
1712.468648 919.305821
1837.789427 927.099301
1149.167835 984.889718
1253.750588 993.109376
1362.114697 1001.667086
1474.398089 1010.615415
1590.552956 1019.569720
1711.285887 1029.158593
1836.825531 1039.490773
1079.484919 257.439446
1185.949020 250.248398
1298.056951 242.856544
1416.593176 234.942373
1541.639864 226.670793
1673.948010 217.813943
1814.265051 208.444542
1089.461913 358.434700
1193.049960 354.195009
1301.868623 349.679158
1416.658705 344.887871
1537.574274 339.786271
1665.406995 334.473401
1800.600722 328.872459
1099.013398 453.898693
1199.755314 452.025128
1305.563328 450.050434
1416.760868 447.953823
1533.928631 445.878286
1657.465885 443.535969
1787.961540 441.164412
1107.949465 543.881270
1206.059670 544.201779
1308.884096 544.625526
1416.952255 545.071594
1530.544748 545.409446
1650.029278 545.835325
1776.032018 546.255480
1116.523919 629.003217
1212.084711 631.337585
1312.177674 633.772586
1417.096200 636.284872
1527.345386 639.002173
1643.123312 641.814446
1764.953287 644.746450
1124.526171 709.741915
1217.730854 713.869743
1315.149103 718.090050
1417.184152 722.523090
1524.169054 727.263461
1636.557487 732.148761
1754.501986 737.313178
1132.200243 786.324449
1223.035905 791.916499
1317.964567 797.786188
1417.330404 804.023357
1521.283892 810.529963
1630.333093 817.263198
1744.754536 824.431739
1140.891873 88.029335
1249.545043 80.310470
1362.140418 72.430695
1479.220253 64.253668
1600.206680 55.717807
1726.303897 46.904824
1857.358412 37.058384
1141.611265 195.253980
1249.331650 189.629764
1360.949437 183.690192
1476.784711 177.630036
1596.797215 171.282589
1721.530677 164.743030
1850.840886 157.951208
1142.255438 300.862638
1249.081140 297.027921
1359.807835 293.110611
1474.488944 289.003192
1593.366374 284.901810
1716.831775 280.434342
1845.196107 276.008473
1142.919811 404.508555
1248.840128 402.524864
1358.529115 400.562993
1472.191964 398.523580
1589.975823 396.342816
1712.260621 394.120053
1839.092127 391.781630
1143.679885 506.437184
1248.683162 506.279766
1357.391617 506.118019
1469.980419 505.944305
1586.699617 505.862545
1707.820575 505.660886
1833.407310 505.477217
1144.301015 606.734376
1248.386297 608.323823
1356.198683 609.899468
1467.732303 611.613926
1583.345652 613.456508
1703.361274 615.240779
1827.791753 617.151188
1144.959671 705.304723
1248.158723 708.472830
1354.988330 711.815492
1465.642216 715.378410
1580.159784 719.035440
1698.932226 722.703339
1822.199563 726.677825
