504.964576 401.747012
584.583338 397.682734
669.435868 393.537772
760.257377 389.053127
857.388933 384.292323
961.820607 379.098965
1074.198382 373.504181
527.124081 496.797010
605.789830 495.935844
689.434792 495.047874
778.806761 494.098875
874.312141 492.913916
976.823440 491.785911
1086.928213 490.613561
548.488639 588.124762
626.092739 590.006019
708.627699 592.085333
796.560423 594.248448
890.547169 596.645541
991.117222 599.063937
1099.020492 601.806257
568.937260 675.657411
645.588255 680.175169
726.946277 685.040019
813.583907 690.270636
906.018809 695.671637
1004.785281 701.490766
1110.500210 707.744699
588.650635 759.834148
664.355860 766.787129
744.658492 774.163360
829.975866 781.953349
920.856733 790.295180
1017.847582 799.157296
1121.492529 808.687646
607.577483 840.888116
682.330575 850.041229
761.537516 859.732683
845.564446 869.939111
935.021084 880.863797
1030.308016 892.533055
1131.969495 905.020977
625.821330 918.832505
699.642918 929.950503
777.701578 941.745515
860.604499 954.278696
948.584869 967.583198
1042.198137 981.749693
1142.014084 996.953321
631.961296 159.778674
706.459481 149.515685
785.314472 138.756833
869.028905 127.389863
957.949012 115.183329
1052.820532 102.231568
1153.833688 88.473975
614.078997 239.308371
689.399265 231.286935
769.189207 222.764626
853.985758 213.738318
944.357367 204.039644
1040.666836 193.847021
1143.429959 182.934342
595.515865 321.892759
671.738782 316.086975
752.528220 310.025997
838.496633 303.543413
930.122406 296.671428
1027.933907 289.260968
1132.582851 281.498102
576.356886 407.372602
653.398174 404.040990
735.214950 400.664651
822.312508 397.006774
915.297476 393.057319
1014.735205 388.926412
1121.204166 384.403352
556.533094 496.156310
634.408707 495.511594
717.139597 495.008506
805.580613 494.266112
899.845296 493.588277
1000.941654 492.787491
1109.229328 492.109720
535.863067 588.288832
614.488682 590.544292
698.475948 593.095780
787.948318 595.661265
883.739321 598.575941
986.440411 601.530433
1096.733687 604.774954
514.396089 683.953488
594.033206 689.345205
679.016822 695.133682
769.782314 701.419105
866.889661 708.059259
971.385079 715.160126
1083.640454 722.848094
916.561527 307.070714
1026.983322 314.621212
1130.201994 321.676267
1227.053564 328.404135
1318.048378 334.743534
1403.802794 340.551055
1484.604018 346.197797
907.010275 427.131602
1015.902329 430.623107
1117.810621 434.018077
1213.498075 437.135022
1303.454166 440.114120
1388.313762 442.888542
1468.329373 445.520696
897.914848 543.050689
1005.142581 542.846645
1105.773855 542.612777
1200.287404 542.486545
1289.299364 542.366496
1373.296394 542.079247
1452.591715 542.025976
888.977917 655.081039
994.823157 651.290935
1094.054118 647.780207
1187.501230 644.525601
1275.529516 641.459343
1358.639767 638.477576
1437.267050 635.788702
880.438958 763.260986
984.768833 756.227739
1082.761826 749.646695
1174.995691 743.535897
1262.208411 737.637018
1344.429931 732.172266
1422.332069 726.885665
872.228282 868.008202
975.101674 857.925008
1071.781468 848.462901
1163.052059 839.563195
1249.234024 831.060176
1330.726672 823.102101
1407.917375 815.594195
864.209996 969.305044
965.550243 956.328532
1061.188828 944.085132
1151.375557 932.695306
1236.666524 921.769155
1317.318739 911.444112
1393.827914 901.794418
857.696955 86.754724
956.832629 100.009071
1050.255416 112.396806
1138.621987 124.290398
1222.188690 135.516103
1301.502666 146.093004
1376.765832 156.166331
868.181737 180.507916
969.133985 191.210850
1064.270956 201.331133
1153.993693 210.885916
1238.814425 219.978262
1319.074607 228.548738
1395.194567 236.589788
879.131090 278.534833
981.938142 286.499043
1078.715752 294.008042
1169.938115 301.175107
1255.975860 307.932968
1337.328217 314.163421
1414.479575 320.242124
890.629472 381.140165
995.443010 386.045710
1093.869284 390.721999
1186.469836 395.113673
1273.779816 399.346532
1356.295333 403.279217
1434.402178 407.049304
902.669303 488.527651
1009.412547 490.106894
1109.509417 491.745772
1203.639704 493.307826
1292.398861 494.623460
1376.041453 496.013291
1455.081437 497.258614
915.388269 601.123987
1024.092327 599.152780
1126.077680 597.415712
1221.723861 595.733466
1311.765079 594.112705
1396.661387 592.583578
1476.741753 591.210033
928.581638 719.284479
1039.382102 713.416614
1143.331367 707.809655
1240.620907 702.762678
1332.024103 697.844571
1418.022978 693.258639
1499.129982 689.010613
686.230727 68.541146
794.657153 71.880932
901.668866 75.108248
1007.424893 78.410078
1111.829103 81.629608
1215.029677 84.818685
1316.935051 88.010783
683.464480 167.223285
793.569372 170.007556
902.250918 172.683515
1009.698994 175.411928
1115.692636 178.076535
1220.383771 180.760014
1323.703136 183.383438
680.590814 269.183448
792.419246 271.300261
902.820572 273.404918
1011.966440 275.504387
1119.616167 277.590121
1225.830282 279.603665
1330.740213 281.707075
677.630954 374.379876
791.320054 375.791775
903.489644 377.267547
1014.261659 378.699158
1123.583945 380.154926
1231.439312 381.618038
1337.937326 383.035794
674.633530 483.064916
790.162214 483.744433
904.058391 484.563274
1016.635474 485.292229
1127.722309 486.027119
1237.244099 486.814784
1345.287745 487.579678
671.550544 595.326274
788.853677 595.331963
904.811487 595.382008
1019.125110 595.382936
1131.950464 595.426338
1243.288809 595.450641
1353.050066 595.529973
668.308987 711.433347
787.597693 710.586298
905.493148 709.790724
1021.750534 709.086002
1136.365787 708.351696
1249.379711 707.626965
1360.912475 706.958941
588.059318 378.107546
698.223198 376.709733
810.651166 375.366997
925.756722 373.923620
1043.355993 372.488829
1163.561737 371.015085
1286.338493 369.453602
597.091023 488.684484
705.437554 488.512160
816.005412 488.405178
929.015479 488.218257
1044.438615 487.919065
1162.449524 487.736045
1282.891738 487.549655
605.938443 595.537063
712.459939 596.419606
821.133399 597.323851
932.156195 598.272349
1045.594419 599.189885
1161.425674 600.136208
1279.661575 601.192528
614.430815 698.613246
719.266579 700.503549
826.056403 702.497937
935.201672 704.536659
1046.641833 706.510745
1160.367008 708.573618
1276.468295 710.713931
622.719641 798.267304
725.837487 801.115200
830.937666 804.062301
938.172534 807.015229
1047.668251 810.065776
1159.390775 813.227612
1273.357045 816.412595
630.704929 894.747038
732.168612 898.475949
835.565329 902.266855
941.029845 906.136334
1048.640333 910.128995
1158.484126 914.249238
1270.460123 918.447641
638.473770 988.014486
738.293696 992.544897
840.055467 997.119219
943.848216 1001.937788
1049.590998 1006.790892
1157.527414 1011.744285
1267.620854 1016.914190
295.677143 375.455680
427.613610 380.790523
550.918636 385.685143
666.537377 390.417707
775.158214 394.877993
877.401958 398.908176
973.855020 402.788539
297.658831 492.245776
426.333290 493.617293
546.728391 494.984901
659.779151 496.191422
766.127962 497.368655
866.433692 498.369595
961.072619 499.407135
299.766921 603.195359
425.094024 601.059086
542.717302 598.978104
653.356990 597.104855
757.556241 595.329707
855.930144 593.531031
948.881583 591.928875
301.593395 708.794097
424.039249 703.379955
538.872749 698.274355
647.159046 693.559430
749.308765 689.085408
845.799252 684.746414
937.149110 680.773348
303.466733 809.231736
422.891077 801.016035
535.309437 793.148513
641.212202 785.826247
741.475671 778.824158
836.108900 772.312361
925.847071 766.008508
305.212299 905.261899
421.954465 894.348470
531.817403 883.997376
635.700201 874.257331
733.894631 864.945049
826.921238 856.204047
915.142935 847.945898
306.916056 996.834613
420.847041 983.501858
528.544451 970.792415
630.283696 958.894661
726.664376 947.568482
817.956100 936.811049
904.750905 926.686789
305.812232 154.824412
427.335610 166.839747
541.471849 177.994164
649.060499 188.688531
750.581689 198.760765
846.581129 208.200658
937.462138 217.168848
305.044033 264.654065
427.491729 273.315400
542.445741 281.464127
650.705101 289.136642
752.837382 296.415641
849.348291 303.242630
940.677556 309.711658
304.343251 376.097258
427.574309 381.366820
543.343184 386.293609
652.361597 391.028181
755.095012 395.412724
852.145553 399.477702
943.996322 403.406247
303.523593 489.333489
427.778478 491.003326
544.306973 492.609561
653.994577 494.167722
757.365818 495.673206
854.961566 496.968795
947.310551 498.300835
302.793879 604.121554
427.900126 602.198431
545.211360 600.448026
655.596516 598.834013
759.663101 597.217849
857.805690 595.795373
950.607082 594.345086
302.092698 720.760899
428.056379 715.152085
546.221839 709.874690
657.394390 704.947346
762.012321 700.222112
860.765716 695.831592
954.069883 691.658078
301.379794 839.135242
428.205512 829.742570
547.322012 820.728352
659.118411 812.467179
764.478417 804.554679
863.665928 797.142947
957.473734 790.181426
312.312478 93.860582
426.962104 106.953337
534.999704 119.146901
637.217599 130.891897
733.929875 141.958976
825.684380 152.383696
912.746547 162.309458
310.824883 187.447491
427.904877 197.970302
538.226106 207.912992
642.347637 217.310412
740.821002 226.228505
834.073897 234.654767
922.490399 242.626204
309.214333 285.208638
428.837821 293.050432
541.426850 300.402624
647.729132 307.384260
747.963387 313.977283
842.813050 320.100865
932.724055 326.031553
307.452880 387.577636
429.930740 392.360990
544.907841 396.866460
653.219405 401.130678
755.366387 405.244102
851.902913 409.042743
943.344434 412.672583
305.696712 494.735791
430.938392 496.233636
548.370451 497.706866
658.921616 499.095442
763.087210 500.347988
861.350910 501.595393
954.235151 502.709738
303.955238 607.069751
432.019501 604.981374
552.212320 603.107211
665.012416 601.320246
771.152981 599.544186
871.301329 597.950196
965.761351 596.416627
302.016506 724.940710
433.156464 718.944011
556.159087 713.191355
671.353771 708.019202
779.591726 703.037684
881.456501 698.361995
977.596393 693.970401
91.228706 24.309569
229.317598 33.910112
360.750349 41.705908
489.324545 50.403325
613.331683 58.259869
733.584881 65.924969
849.860302 73.210412
97.673086 153.241570
233.111635 159.733809
364.059782 166.113237
490.849699 172.228883
613.706782 178.144721
732.771882 183.883330
848.127554 189.509968
103.652093 279.199041
237.444075 283.607589
367.038166 287.884814
492.637720 292.048655
614.297510 296.076629
732.204882 299.885824
846.508901 303.679915
109.199071 402.666143
241.820435 405.001799
370.017681 407.293403
494.319655 409.523467
614.815366 411.709144
731.577116 413.743675
844.903182 415.818162
114.852705 523.566631
245.980680 524.025764
372.976673 524.447892
495.965933 524.847810
615.356214 525.167780
731.003715 525.592280
843.250784 525.900049
120.429616 642.235355
250.137827 640.781269
375.855116 639.396190
497.679607 638.026879
615.878462 636.598045
730.523941 635.289498
841.741849 634.038658
125.916927 758.501799
254.230316 755.208421
378.727050 751.975368
499.341438 748.991125
616.414870 745.909064
729.968740 742.982638
840.182035 740.257962
135.983151 207.901184
284.053838 216.829030
424.155147 225.261792
557.186405 233.329082
683.424511 241.040924
803.391926 248.201448
917.642234 255.066856
150.885099 337.078236
293.313587 342.324928
428.303256 347.398857
556.497501 352.048383
678.455201 356.520485
794.639373 360.717972
905.351188 364.767649
165.041168 457.053910
301.910070 459.086984
432.056569 460.947674
555.885453 462.749698
673.888242 464.476026
786.465673 466.022331
893.878311 467.518582
178.025204 568.664934
310.032254 567.834182
435.492106 567.020658
555.310158 566.294358
669.601006 565.577856
778.716978 564.761376
883.103413 564.156938
190.203008 672.574907
317.531547 669.412476
438.924559 666.204524
554.669429 663.266086
665.593033 660.376895
771.417532 657.695433
872.894498 655.049411
201.671886 769.921871
324.645990 764.550209
441.947216 759.369097
554.254560 754.437276
661.722904 749.611723
764.706356 745.124722
863.385853 740.826926
212.460407 861.050383
331.192563 853.771273
444.928005 846.773282
553.784795 840.191031
658.187588 833.743706
758.222386 827.578444
854.339821 821.770164
116.688906 278.259782
241.166597 280.495738
363.689608 282.653654
484.651481 284.945757
603.957125 287.097570
721.700042 289.213941
837.747386 291.342714
110.226885 394.913406
235.799785 396.315107
359.419898 397.759147
481.376055 399.229785
601.732287 400.600675
720.369681 401.975219
837.287899 403.335853
103.780591 513.549771
230.300896 514.144978
355.030178 514.787264
478.131594 515.412960
599.407713 515.966084
718.952023 516.462896
836.851383 517.085261
97.110514 634.205975
224.945888 633.902438
350.721496 633.637176
474.743074 633.409013
597.004177 633.130361
717.534592 632.854528
836.417428 632.671570
90.397880 756.810100
219.297800 755.622506
346.167443 754.554672
471.266558 753.413569
594.566203 752.231092
716.116602 751.168919
835.852247 750.137001
83.700445 881.658746
213.639446 879.479121
341.641435 877.500309
467.777666 875.483656
592.166026 873.411926
714.745452 871.427761
835.497423 869.484795
76.623468 1008.564714
207.856995 1005.368419
337.104066 1002.341548
464.323927 999.562265
589.678208 996.564421
713.286445 993.647325
835.025332 990.812438
242.125934 168.877963
363.623750 177.532887
479.583754 185.647549
590.519128 193.630071
696.725874 201.165206
798.602736 208.384896
896.279143 215.292000
232.499441 262.396013
357.922343 269.038043
477.615636 275.418964
591.897777 281.528270
701.237424 287.409973
805.830815 292.963849
906.011194 298.267352
222.128666 362.015451
351.843431 366.522965
475.393921 370.796056
593.403910 374.914560
705.918266 378.827806
813.473560 382.478883
916.432168 386.105291
211.027842 468.595358
345.503262 470.519381
473.240982 472.386336
594.868273 474.121198
710.844444 475.915045
821.567359 477.506892
927.426775 479.109306
199.215409 582.690555
338.497759 581.658398
470.637369 580.858296
596.444727 580.025537
716.144307 579.182221
830.177087 578.474157
938.971509 577.777924
186.611304 705.102404
331.023033 700.786939
468.199453 696.856769
598.177516 693.035487
721.823084 689.370967
839.387589 685.983361
951.442440 682.705534
172.891557 836.837882
323.100839 828.802801
465.471029 821.096277
600.079157 813.910076
727.838034 807.006575
849.139474 800.548415
964.551255 794.407356
997.043510 411.992441
1090.022660 408.353113
1188.903112 404.709147
1294.599123 400.653636
1407.424245 396.451373
1528.357532 391.809310
1658.244350 386.817352
1008.729028 504.463959
1100.181656 503.874998
1197.246521 503.273244
1300.820917 502.572095
1411.241385 501.782097
1529.475541 500.994208
1656.230768 500.189195
1019.992194 593.509599
1109.888903 595.491259
1205.300350 597.652243
1306.751416 599.956109
1415.018475 602.490829
1530.584002 605.053874
1654.410547 607.959410
1030.807575 678.881418
1119.214553 683.348440
1212.931920 688.199713
1312.553962 693.328715
1418.602571 698.681971
1531.650215 704.539745
1652.537256 710.722092
1041.284653 761.076215
1128.263654 767.879005
1220.365441 775.108887
1318.103206 782.692172
1422.010231 790.878460
1532.696935 799.567330
1650.802525 808.867361
1051.289835 840.232651
1136.850678 849.168691
1227.395854 858.590827
1323.334874 868.548433
1425.232604 879.221858
1533.607603 890.539556
1649.076391 902.613527
1060.981546 916.461347
1145.162887 927.231225
1234.149570 938.712587
1328.444022 950.920982
1428.296901 963.867778
1534.434789 977.528576
1647.457886 992.193622
1039.377470 235.750682
1127.803028 227.379640
1221.502700 218.617278
1321.180415 209.303744
1427.118106 199.375875
1540.224265 188.823270
1661.086102 177.497618
1035.591502 325.170664
1124.414058 319.505632
1218.555352 313.430549
1318.706256 307.055157
1425.288044 300.168513
1539.045582 292.925262
1660.634728 285.214645
1031.771302 415.793930
1120.982555 412.670840
1215.616575 409.452897
1316.245187 405.996783
1423.470603 402.404390
1537.825985 398.422832
1660.278532 394.382283
1027.901106 507.260449
1117.527900 506.861096
1212.616054 506.585347
1313.750155 506.263937
1421.547885 505.828925
1536.630600 505.469389
1659.857962 504.998331
1024.069043 599.824592
1114.091696 602.220961
1209.573887 604.893913
1311.283088 607.612950
1419.615605 610.609713
1535.441308 613.735958
1659.437199 617.210091
1020.110684 693.465815
1110.448613 698.762301
1206.514109 704.421057
1308.618020 710.326364
1417.653936 716.793745
1534.199618 723.652343
1658.994682 731.042963
1016.145836 788.140090
1106.903320 796.245733
1203.408193 804.991214
1306.154780 814.341458
1415.701415 824.276547
1532.980223 834.934685
1658.567610 846.415777
1069.237183 182.736006
1154.301078 173.399816
1244.185981 163.626941
1339.522494 153.297011
1440.516491 142.315576
1548.040553 130.644941
1662.485531 118.210780
1059.331575 260.882891
1145.584896 253.733155
1236.882005 246.066299
1333.745914 238.042542
1436.631745 229.403894
1546.099267 220.333139
1662.777410 210.695457
1049.018828 341.931137
1136.565182 336.910504
1229.319721 331.673491
1327.801302 326.056614
1432.539337 320.150245
1544.055860 313.722766
1663.243568 307.092093
1038.381015 425.801747
1127.242374 423.114092
1221.487407 420.449214
1321.600800 417.521041
1428.223009 414.393923
1541.975554 411.183117
1663.620670 407.594864
1027.401740 512.787522
1117.601719 512.690627
1213.232372 512.739130
1315.216521 512.631717
1423.765069 512.648438
1539.875032 512.599714
1664.071445 512.680914
1015.964414 602.952889
1107.398049 605.670621
1204.812308 608.654300
1308.387639 611.685036
1419.094509 615.102070
1537.538378 618.621326
1664.455300 622.477625
1004.096535 696.529241
1097.035370 702.207037
1195.944045 708.308670
1301.500448 714.850381
1414.211222 721.803184
1535.175173 729.281598
1664.945325 737.338096
1148.460968 257.613197
1239.302106 252.051891
1334.103499 246.284211
1433.363100 240.327931
1537.114762 234.055134
1646.122699 227.472916
1760.400861 220.559873
1140.773804 333.999442
1233.698401 330.080027
1330.850223 325.932023
1432.671497 321.688482
1539.319009 317.157972
1651.267303 312.495856
1768.888400 307.571863
1132.627333 414.352593
1227.835321 412.108123
1327.462281 409.860490
1431.970188 407.477824
1541.558824 405.031732
1656.729939 402.332983
1778.033911 399.703258
1124.166336 498.845378
1221.676600 498.512285
1323.891965 498.341229
1431.175920 498.052335
1543.853665 497.817554
1662.537448 497.630479
1787.580731 497.309411
1115.234490 587.856165
1215.214260 589.654195
1319.975794 591.795490
1430.396856 593.860479
1546.327431 596.157651
1668.830404 598.505333
1797.785252 601.094132
1105.811012 681.727825
1208.192116 686.019876
1316.023497 690.636132
1429.385422 695.358415
1548.931892 700.531148
1675.325813 705.886500
1808.720785 711.542858
1095.783255 780.883560
1200.932389 787.846273
1311.683517 795.225636
1428.588830 803.084221
1551.706695 811.380228
1682.193369 820.097699
1820.282623 829.396708
1151.721691 377.907812
1257.074398 375.542584
1366.056077 373.222359
1479.075843 370.811849
1596.126379 368.351058
1717.675376 365.724633
1843.807202 363.063042
1151.287287 479.490722
1256.480159 479.013792
1365.454867 478.460704
1478.321428 477.966178
1595.193738 477.397721
1716.611058 476.850900
1842.672930 476.403694
1150.816133 581.038478
1255.882212 582.280245
1364.800797 583.576923
1477.488224 584.900512
1594.323916 586.382528
1715.577303 587.726526
1841.624087 589.374970
1150.386458 682.285640
1255.407974 685.241460
1364.101577 688.409512
1476.702713 691.648481
1593.430259 694.986011
1714.492534 698.463405
1840.131743 702.058911
1150.010693 783.374276
1254.874449 788.083643
1363.423761 793.030947
1475.919028 798.134372
1592.495162 803.488158
1713.497555 808.960604
1838.913532 814.742720
1149.575244 884.264868
1254.313721 890.763661
1362.810154 897.493055
1475.079763 904.508208
1591.482890 911.794419
1712.362342 919.287687
1837.645253 927.108579
1149.165540 984.868899
1253.740642 993.084847
1362.086064 1001.653747
1474.347407 1010.607899
1590.478231 1019.551477
1711.183811 1029.138969
1836.699862 1039.494975
1079.483141 257.426427
1185.926866 250.234640
1298.006543 242.843599
1416.509515 234.933048
1541.522194 226.661705
1673.798652 217.812463
1814.106978 208.438753
1089.459771 358.412654
1193.031529 354.174859
1301.828536 349.662744
1416.595673 344.875883
1537.481074 339.779710
1665.279246 334.473527
1800.456458 328.882514
1099.011125 453.872960
1199.739331 452.001586
1305.528851 450.029226
1416.706478 447.937885
1533.845399 445.867186
1657.353920 443.530940
1787.831791 441.174936
1107.947209 543.855394
1206.044515 544.177389
1308.853124 544.603273
1416.905223 545.054254
1530.471156 545.397010
1649.931734 545.829322
1775.918707 546.269056
1116.521408 628.978305
1212.071459 631.315156
1312.152093 633.753000
1417.057056 636.269627
1527.281623 638.989745
1643.037872 641.810672
1764.856072 644.765053
1124.524368 709.721103
1217.719648 713.850994
1315.127182 718.074309
1417.151220 722.512836
1524.116018 727.255634
1636.484093 732.150367
1754.416778 737.337636
1132.199032 786.308525
1223.028813 791.902496
1317.946687 797.774131
1417.298917 804.017138
1521.231076 810.526083
1630.258643 817.262291
1744.657948 824.447352
1140.885057 88.079032
1249.509214 80.344165
1362.064436 72.453536
1479.072230 64.276946
1600.058829 55.720170
1726.169489 46.875024
1857.291177 36.983988
1141.595211 195.257376
1249.286071 189.632216
1360.872121 183.691737
1476.667459 177.630089
1596.654127 171.284106
1721.363434 164.744494
1850.693879 157.932029
1142.244729 300.843511
1249.049261 297.010574
1359.752252 293.096500
1474.402083 288.992876
1593.248566 284.896133
1716.688222 280.435831
1845.048983 276.010794
1142.912237 404.485100
1248.813121 402.504375
1358.483330 400.546196
1472.121166 398.510630
1589.873179 396.335975
1712.132464 394.120904
1838.957375 391.798011
1143.673607 506.411570
1248.660388 506.256347
1357.352542 506.098123
1469.918642 505.928467
1586.609106 505.853106
1707.706998 505.659438
1833.288477 505.501196
1144.296645 606.709658
1248.367000 608.302724
1356.165698 609.881582
1467.680274 611.598184
1583.266758 613.448641
1703.263471 615.241144
1827.691066 617.185140
1144.955349 705.283201
1248.144431 708.454427
1354.961832 711.802241
1465.600059 715.368073
1580.093186 719.032236
1698.846451 722.709204
1822.112804 726.725656
