-1.90380248388000 -1.77736628658913 0.11036126884320 
-1.96927040095145 -1.97645787947420 0.43126097880369 
-1.99942704965339 -2.15746767234854 0.78047546852550 
2.03742304150724 2.12930026467983 0.64954671315357 
2.00544028384462 2.01163650499964 0.41355643465549 
1.93056935324324 1.81793480992808 0.08884097456275 
-1.99531575227788 -2.03311710808708 -0.52509380986985 
2.08466978593695 2.07578196215581 -0.12218683679122 
-2.05809017114286 -2.03587097321603 -0.09675841506221 
2.01254405912327 2.07719765225548 -0.55292580649503 
2.04608750607914 2.18319025663229 0.77215004919383 
1.98296397979672 1.94918365782277 0.30138882765717 
1.92991283469087 1.81793268150600 0.08906033604972 
2.16075607935832 2.18764664846610 0.32821342100694 
-2.01778296686312 -2.14952982974378 -0.76103990003526 
2.13302925529300 2.13246780927606 -0.01329866550862 
1.92852825107137 1.81895117531522 -0.11346191218645 
-1.90411381533036 -1.77788012815336 0.11018560706946 
-1.98350783051348 -2.03970609207466 0.54481907782815 
-1.99897181585450 -2.15784841370561 0.77984261074756 
2.03022669640746 2.19416213003017 -0.79219999336637 
-2.08993733288899 -2.09812636107422 0.22906075999411 
-1.90762665745579 -1.77650999224831 -0.09058029017458 
-2.05610248563492 -2.03682816251972 0.11760328290662
