-32.79457068484705 -13.98919972712963 83.11379010918006
-30.04765796067755 -23.82664923663701 88.52432280911010
-25.86552175711073 -31.35570603935876 96.20958325469792
-6.68846712465449 -17.33900291637451 64.03338638658566
-8.26289874520749 -23.88205198238729 68.24251025211953
-11.38923119203009 -31.23335220250237 76.26515872950998
-19.89764144956362 -13.55391424904811 64.59658204846868
-20.75835485826028 -32.38466813470349 77.48325967968530
-25.21664526095632 -14.45228953374137 72.20963891193696
-22.63696806557219 -30.32445964401510 88.42017310289039
-36.62330805123979 -13.71686734148130 62.94533069214019
-39.77473869667860 -26.48530618731204 71.00954698269071
-41.93253115786655 -30.91859258000889 76.52148143299786
-46.38245340549406 -30.56496743955180 63.44453110388726
-41.21045400281548 -20.31530024055631 57.12802890062391
-47.77691172866807 -19.19934720339180 69.17510472884675
-44.21157303056690 -25.48198767553434 74.15410175911360
-3.36481260518485 -13.57042510656919 85.21291857911666
0.65338258327379 -25.97568065930973 92.89718577615143
3.50211256649333 -30.36182807590794 98.32450558607910
8.43422177470993 -24.59930734317218 96.58432931174359
5.91300652420351 -15.53818216294476 81.78350043603727
0.79653296881615 -21.52233679543469 77.37259999366449
4.77546197044976 -31.73613222425158 78.60767227421130
