505.015166 401.753538
584.624639 397.682714
669.460729 393.536380
760.266631 389.053512
857.372772 384.298795
961.778809 379.108333
1074.116174 373.503567
527.177667 496.797249
605.826966 495.931939
689.459004 495.044775
778.813290 494.099477
874.294538 492.922278
976.784937 491.804819
1086.856700 490.625996
548.542028 588.120658
626.131036 589.999756
708.654913 592.078658
796.566016 594.245172
890.526023 596.651736
991.079508 599.084821
1098.955813 601.822790
568.986499 675.642117
645.630951 680.160280
726.971379 685.028381
813.583957 690.267783
905.997580 695.676607
1004.747990 701.507843
1110.446552 707.758341
588.702376 759.807200
664.393236 766.766948
744.675989 774.144445
829.965681 781.945186
920.824952 790.298925
1017.805820 799.178717
1121.439541 808.700363
607.609506 840.854294
682.342805 850.016663
761.532054 859.714833
845.521488 869.935763
934.956933 880.887913
1030.252031 892.579655
1131.916657 905.058921
625.842147 918.796300
699.644528 929.919878
777.685290 941.734383
860.555501 954.284464
948.530900 967.619634
1042.148963 981.797612
1141.959634 997.000679
555.513111 256.785870
633.043343 248.593110
715.458322 240.020959
803.334908 230.882573
897.089634 221.082077
997.586971 210.610407
1105.269917 199.345141
555.728927 351.918141
633.217623 346.778427
715.542673 341.275717
803.324159 335.503502
897.043156 329.203473
997.404853 322.542804
1104.976628 315.421802
555.971674 447.136356
633.384668 444.832950
715.660956 442.487457
803.355862 439.921846
897.026297 437.227595
997.231890 434.257961
1104.707504 431.201183
556.197096 542.035569
633.556614 542.630145
715.740772 543.416337
803.387770 544.221257
896.961573 544.970136
997.056141 545.868526
1104.381043 546.748491
556.479976 636.828656
633.758636 640.340631
715.899246 644.178157
803.483952 648.190181
896.880614 652.554919
996.909854 657.123524
1104.074992 662.133053
556.690601 731.468756
633.846367 737.890573
716.062315 744.788553
803.421748 752.122590
896.805244 759.977758
996.743528 768.290670
1103.748397 777.262152
556.952357 825.956270
634.100074 835.220788
716.144411 845.159872
803.550640 855.789822
896.758247 867.078127
996.600876 879.153470
1103.481116 892.176757
631.961868 159.788353
706.450294 149.511444
785.285062 138.737997
868.980465 127.358199
957.876881 115.139173
1052.741584 102.163334
1153.766761 88.392843
614.103406 239.324065
689.412039 231.301762
769.188520 222.773006
853.961033 213.739455
944.300548 204.039053
1040.542564 193.826675
1143.325406 182.886633
595.550071 321.898548
671.759044 316.092228
752.539663 310.028529
838.483612 303.548486
930.087386 296.680378
1027.836179 289.260883
1132.484639 281.476873
576.398900 407.373254
653.425561 404.037341
735.228168 400.663815
822.305366 397.012153
915.270537 393.066512
1014.671159 388.935829
1121.124186 384.397055
556.583030 496.154681
634.441814 495.509013
717.158438 495.006284
805.579617 494.269572
899.823101 493.598417
1000.892308 492.807838
1109.157379 492.119804
535.918009 588.285930
614.528307 590.538240
698.505044 593.088188
787.956723 595.657278
883.719902 598.581133
986.403534 601.549405
1096.670994 604.790291
514.454403 683.939336
594.082196 689.325872
679.052041 695.118352
769.796042 701.409851
866.874694 708.059593
971.352934 715.173093
1083.591091 722.863005
916.531025 307.078668
1026.896533 314.621739
1130.113416 321.661023
1226.976790 328.371868
1317.994193 334.696601
1403.770601 340.487237
1484.596457 346.110395
906.985866 427.142528
1015.842367 430.636521
1117.736514 434.018581
1213.427711 437.120891
1303.396478 440.085650
1388.276510 442.845745
1468.314333 445.457281
897.893007 543.060409
1005.097865 542.868295
1105.704586 542.626723
1200.218725 542.488731
1289.241151 542.356506
1373.255936 542.051303
1452.568867 541.984317
888.958790 655.084729
994.786033 651.308721
1093.994695 647.795398
1187.436968 644.536689
1275.466390 641.459680
1358.595477 638.461674
1437.239856 635.759042
880.418518 763.259599
984.734885 756.243445
1082.712022 749.662411
1174.941790 743.542129
1262.149879 737.636052
1344.385365 732.157818
1422.298288 726.857340
872.179288 868.008346
975.046099 857.950468
1071.729093 848.494171
1162.996549 839.575440
1249.165120 831.059138
1330.673394 823.087912
1407.881283 815.562508
864.167267 969.313163
965.496705 956.370045
1061.138513 944.137148
1151.322338 932.738038
1236.589886 921.793802
1317.250551 911.455779
1393.773284 901.797196
896.501709 193.664323
1002.924519 204.657831
1102.728744 214.890611
1196.635390 224.667204
1285.107738 233.866146
1368.669146 242.427626
1447.575447 250.579296
895.953207 309.656902
1002.348881 316.944261
1102.131480 323.819404
1195.991337 330.288247
1284.407207 336.395915
1367.874242 342.126313
1446.723096 347.559793
895.489822 425.472222
1001.725637 429.113378
1101.471288 432.508223
1195.282196 435.799154
1283.665333 438.861635
1367.079458 441.607564
1445.940862 444.397738
894.951076 541.125223
1001.201059 541.073236
1100.832690 541.076786
1194.596783 541.093474
1282.920217 541.138138
1366.277607 541.092868
1445.141669 541.166777
894.423865 656.549629
1000.551353 652.852906
1100.117495 649.473497
1193.783753 646.313786
1282.175607 643.240389
1365.484390 640.447334
1444.238526 637.697118
893.972458 771.859382
999.989998 764.596608
1099.462117 757.844675
1193.130359 751.457073
1281.366602 745.317493
1364.755415 739.584649
1443.512715 734.244768
893.454480 886.947103
999.293183 876.097972
1098.859458 865.828821
1192.433728 856.350338
1280.669679 847.210110
1363.921618 838.656808
1442.685183 830.688276
857.640094 86.699960
956.757822 99.954728
1050.177450 112.334415
1138.548291 124.221422
1222.119879 135.429382
1301.452736 145.982888
1376.736010 156.049455
868.144687 180.500588
969.048592 191.205552
1064.142918 201.307263
1153.885013 210.842427
1238.724059 219.911413
1319.018147 228.466984
1395.167462 236.499946
879.105756 278.540733
981.873450 286.504664
1078.611679 294.001449
1169.849578 301.150566
1255.901908 307.892305
1337.279691 314.108412
1414.452426 320.168241
890.606299 381.147984
995.389226 386.054840
1093.787774 390.720563
1186.395282 395.098694
1273.714130 399.315236
1356.249793 403.238085
1434.379953 406.987798
902.646689 488.538223
1009.361509 490.126638
1109.436127 491.754967
1203.571493 493.303149
1292.340455 494.604043
1376.000748 495.980147
1455.062071 497.209175
915.363491 601.133890
1024.045584 599.174119
1126.010471 597.428913
1221.653161 595.740098
1311.709189 594.103485
1396.625180 592.558537
1476.723994 591.170715
928.556294 719.291595
1039.338848 713.434647
1143.275932 707.820763
1240.558475 702.767048
1331.974619 697.834042
1417.988352 693.231253
1499.109874 688.975497
662.220170 375.511130
785.314502 376.676073
906.606036 377.888902
1026.358554 379.136122
1144.321904 380.369585
1260.626024 381.422307
1375.290137 382.555536
668.184123 487.247640
787.009364 487.670815
904.061163 488.125805
1019.628346 488.520613
1133.489228 488.857129
1245.921233 489.191251
1356.724298 489.633563
673.931185 591.466881
788.550827 591.152521
901.682006 590.797936
1013.299558 590.468865
1123.500873 590.231877
1232.218836 589.772712
1339.446341 589.499937
679.182515 688.664314
790.032926 687.736592
899.388834 686.753736
1007.439150 685.906871
1114.098427 684.966963
1219.343160 683.964337
1323.244529 683.090503
684.186468 779.525045
791.461617 778.095745
897.357638 776.580247
1001.904203 775.148010
1105.315018 773.694173
1207.284977 772.329282
1308.041540 770.878894
688.846345 864.888071
792.834738 862.927903
895.384377 860.966336
996.830955 859.045117
1096.995056 857.094089
1196.027923 855.247215
1293.833824 853.434677
693.264705 945.092884
793.963615 942.638821
893.580961 940.188077
991.981490 937.935724
1089.204418 935.592648
1185.384121 933.265366
1280.417706 931.142213
686.204271 68.509112
794.611515 71.824802
901.610316 75.043362
1007.340466 78.353754
1111.759675 81.547583
1214.972146 84.725701
1316.903289 87.900968
683.463687 167.227539
793.549650 170.000116
902.205309 172.677056
1009.590598 175.392738
1115.584810 178.033680
1220.298120 180.686536
1323.650059 183.283448
680.608739 269.194334
792.417289 271.307405
902.791212 273.412441
1011.872729 275.504803
1119.512982 277.570372
1225.745804 279.561724
1330.688807 281.643525
677.653570 374.378876
791.321066 375.794641
903.463222 377.275930
1014.197639 378.706123
1123.504435 380.148561
1231.366178 381.592889
1337.887062 382.993013
674.659020 483.062200
790.164676 483.747793
904.035799 484.575096
1016.580859 485.311174
1127.650005 486.033298
1237.177520 486.804360
1345.241890 487.549922
671.583152 595.320047
788.861266 595.328892
904.789063 595.391228
1019.079193 595.404908
1131.883150 595.438106
1243.221561 595.454525
1353.004667 595.512453
668.347022 711.416554
787.606385 710.578536
905.472114 709.794774
1021.710297 709.103967
1136.309674 708.363606
1249.318198 707.630028
1360.869144 706.942449
588.099435 378.109487
698.241534 376.708830
810.647458 375.370635
925.725908 373.933066
1043.281797 372.490904
1163.483766 371.000755
1286.276235 369.416922
597.130676 488.682375
705.458714 488.509584
816.001603 488.409454
928.987662 488.232668
1044.375715 487.935975
1162.377909 487.736796
1282.832699 487.530974
605.980693 595.531446
712.486527 596.412835
821.131138 597.323124
932.129624 598.283896
1045.540970 599.209882
1161.357987 600.146510
1279.599106 601.190410
614.477733 698.595409
719.294062 700.489877
826.052740 702.496101
935.175509 704.545900
1046.596810 706.528457
1160.310514 708.583969
1276.409323 710.712129
622.759058 798.239257
725.852418 801.094082
830.921881 804.051576
938.134946 807.022061
1047.620246 810.088637
1159.334903 813.236226
1273.293518 816.407406
630.722035 894.710646
732.166765 898.454973
835.524053 902.267197
940.964720 906.167198
1048.586633 910.179383
1158.427803 914.286188
1270.384015 918.467406
638.471662 987.980356
738.281456 992.520779
840.028231 997.120352
943.801674 1001.966909
1049.539146 1006.839976
1157.469396 1011.792588
1267.555503 1016.969431
675.018134 142.526748
769.644256 139.359917
865.888726 136.101926
964.033211 132.909933
1063.995347 129.565578
1166.025606 126.147454
1269.843469 122.717403
661.748950 221.834767
758.886222 219.338277
857.843025 216.741735
958.784791 214.178764
1061.729265 211.527133
1166.648173 208.850712
1273.553048 206.145364
647.613573 305.813738
747.505017 304.010469
849.290745 302.230924
953.247759 300.401379
1059.224716 298.573661
1167.298040 296.607655
1277.580679 294.796944
632.671576 394.816215
735.507573 393.825997
840.334894 392.937602
947.316700 391.923841
1056.533713 390.964233
1168.010725 390.030266
1281.779955 389.042332
616.872246 489.418418
722.706453 489.349630
830.605841 489.476733
941.056277 489.430687
1053.654845 489.435054
1168.753388 489.485780
1286.203206 489.580445
600.045516 590.037197
708.955866 591.082257
820.506223 592.263668
934.280141 593.374640
1050.587851 594.582392
1169.581015 595.752573
1291.086693 596.995837
582.030752 697.285815
694.529245 699.546568
809.522762 701.931751
927.139669 704.386703
1047.301062 706.841235
1170.407817 709.373188
1296.174423 711.979649
295.742682 375.457777
427.664527 380.795412
550.965353 385.688425
666.563324 390.416092
775.163404 394.880325
877.381313 398.916094
973.812007 402.800921
297.731598 492.240363
426.389660 493.614364
546.777270 494.983609
659.807159 496.188334
766.136889 497.368514
866.416873 498.376762
961.039237 499.425006
299.847418 603.179923
425.155668 601.047721
542.768277 598.972450
653.391799 597.098586
757.573108 595.322959
855.915005 593.534391
948.851954 591.943678
301.680215 708.766663
424.108183 703.357602
538.927470 698.255298
647.201323 693.543714
749.327584 689.075518
845.788388 684.747560
937.121066 680.781575
303.558114 809.189231
422.961711 800.978785
535.361325 793.112565
641.249484 785.801973
741.492202 778.805543
836.099728 772.305522
925.820271 766.013002
305.299170 905.198580
422.018638 894.292533
531.854977 883.948892
635.719300 874.224618
733.893361 864.923321
826.890957 856.194991
915.090036 847.951196
306.982885 996.777526
420.897183 983.450711
528.574149 970.750132
630.289194 958.857675
726.659457 947.540061
817.921077 936.809951
904.683998 926.710891
305.835667 154.829082
427.353171 166.845122
541.490485 178.002842
649.068346 188.702366
750.580753 198.767369
846.555866 208.200168
937.416214 217.172061
305.092635 264.665429
427.529337 273.326593
542.488510 281.473201
650.727634 289.146863
752.847946 296.420895
849.331199 303.249459
940.641891 309.719887
304.406601 376.099183
427.623977 381.371562
543.389764 386.297068
652.389301 391.026825
755.105054 395.413264
852.130471 399.485472
943.962931 403.419141
303.595105 489.327593
427.834702 491.000352
544.356789 492.609502
654.024349 494.164177
757.377775 495.672078
854.946968 496.975744
947.280317 498.316893
302.872590 604.105165
427.961264 602.185014
545.262101 600.440870
655.631755 598.826800
759.679653 597.211132
857.792115 595.798703
950.577294 594.359676
302.179578 720.732446
428.124512 715.127865
546.276511 709.853062
657.435788 704.930318
762.027811 700.212069
860.751664 695.832645
954.039829 691.669852
301.471904 839.085396
428.274095 829.699507
547.366563 820.688626
659.146145 812.440839
764.483231 804.536756
863.640115 797.137872
957.437173 790.192230
312.315743 93.837892
426.966267 106.933239
535.001896 119.131210
637.209826 130.890550
733.916309 141.947297
825.649528 152.367985
912.695469 162.301367
310.857432 187.458818
427.929775 197.982209
538.254044 207.925076
642.364057 217.326341
740.827169 226.238627
834.054772 234.660255
922.454145 242.633967
309.267070 285.217901
428.878223 293.060805
541.471486 300.410131
647.752652 307.390816
747.974963 313.981197
842.798076 320.106238
932.691719 326.039615
307.516249 387.579180
429.982365 392.365322
544.955501 396.870476
653.247884 401.127740
755.375707 405.244916
851.887720 409.049667
943.311122 412.685992
305.768001 494.729218
430.994111 496.230492
548.418389 497.705366
658.950190 499.092872
763.098318 500.347026
861.335935 501.603013
954.203450 502.727122
304.034081 607.053475
432.081349 604.969815
552.263358 603.101093
665.047491 601.313316
771.166169 599.538338
871.284391 597.955033
965.729274 596.433698
302.104559 724.911680
433.224401 718.919711
556.213220 713.169141
671.391733 708.002821
779.602180 703.030312
881.438458 698.364840
977.563257 693.985711
91.059564 24.108736
229.282182 33.829100
360.737748 41.627057
489.324446 50.306132
613.313135 58.203602
733.552953 65.881248
849.806009 73.148611
97.671641 153.215704
233.140624 159.735825
364.082318 166.117865
490.868504 172.233035
613.716123 178.153201
732.768954 183.885893
848.097917 189.505393
103.703252 279.205649
237.502739 283.615937
367.084668 287.893438
492.682371 292.058175
614.328133 296.084724
732.217550 299.892193
846.493505 303.685696
109.264976 402.670283
241.892594 405.001425
370.075147 407.295391
494.370347 409.527057
614.851177 411.707493
731.592216 413.743824
844.891585 415.825028
114.930756 523.561600
246.060478 524.016943
373.040137 524.441031
496.020364 524.844991
615.393118 525.164534
731.023944 525.589194
843.240834 525.904693
120.518915 642.219604
250.225614 640.761307
375.926001 639.377818
497.737131 638.015737
615.920537 636.587368
730.548667 635.280120
841.732511 634.039294
126.021656 758.470181
254.326800 755.175621
378.803647 751.944219
499.401743 748.962071
616.460522 745.886265
729.990928 742.966089
840.174053 740.254399
136.015046 207.900716
284.095498 216.839987
424.185242 225.273473
557.217733 233.341783
683.439154 241.054816
803.385314 248.207125
917.608058 255.073323
150.948499 337.083746
293.375068 342.328803
428.350869 347.405297
556.543346 352.052804
678.477200 356.520942
794.639637 360.720473
905.323955 364.775549
165.118664 457.052801
301.978540 459.083793
432.110742 460.947653
555.931948 462.749544
673.913890 464.473507
786.468393 466.025024
893.857804 467.528155
178.112333 568.653815
310.108173 567.822469
435.552223 567.012050
555.359711 566.291183
669.631992 565.573435
778.727804 564.757549
883.084135 564.164224
190.298098 672.552568
317.613397 669.390511
438.990520 666.186868
554.721323 663.252551
665.631035 660.364261
771.429641 657.689086
872.877845 655.051270
201.774678 769.887380
324.731976 764.517328
442.015941 759.337891
554.307905 754.406866
661.762262 749.592121
764.720594 745.112386
863.372397 740.825833
212.572127 860.989341
331.279038 853.718659
444.992777 846.726892
553.824892 840.147113
658.210456 833.716113
758.222687 827.559197
854.310359 821.762498
116.740004 278.266707
241.225936 280.504273
363.735100 282.663217
484.695486 284.954800
603.989944 287.105634
721.713683 289.220869
837.732932 291.349404
110.290633 394.917897
235.871509 396.316342
359.477315 397.761542
481.426584 399.235110
601.769188 400.600591
720.385296 401.974747
837.277273 403.342533
103.855357 513.544667
230.382548 514.136285
355.096073 514.780329
478.186466 515.409628
599.447290 515.963189
718.973465 516.460048
836.842743 517.089627
97.194162 634.192061
225.035355 633.883207
350.796180 633.619684
474.802927 633.397321
597.049989 633.120630
717.562164 632.847182
836.410246 632.671425
90.492978 756.782538
219.396876 755.589430
346.249985 754.522450
471.331260 753.385069
594.614720 752.204083
716.142179 751.151393
835.844087 750.130883
83.823040 881.580961
213.747468 879.414242
341.722969 877.443344
467.832923 875.432842
592.193479 873.373169
714.749279 871.403358
835.462238 869.479251
76.716437 1008.491589
207.940988 1005.302902
337.166955 1002.284236
464.371738 999.507577
589.689954 996.525155
713.275542 993.619297
834.994129 990.812630
242.159441 168.888082
363.648667 177.544403
479.607037 185.657941
590.538336 193.643360
696.734610 201.177189
798.592493 208.389500
896.246934 215.293654
232.555057 262.406926
357.966064 269.049280
477.656483 275.428723
591.932125 281.537113
701.254020 287.417817
805.826715 292.970117
905.983387 298.274293
222.198924 362.018404
351.900850 366.526568
475.444455 370.803479
593.443365 374.915734
705.936127 378.826366
813.469469 382.483294
916.403719 386.114887
211.104642 468.591865
345.568382 470.516171
473.294233 472.386768
594.908039 474.119338
710.864546 475.913989
821.561941 477.512350
927.400606 479.123130
199.302106 582.678211
338.569435 581.644806
470.695208 580.850561
596.488260 580.020518
716.169369 579.176010
830.171873 578.474436
938.944098 577.791948
186.709230 705.076878
331.104090 700.761707
468.262574 696.836108
598.225079 693.017260
721.849084 689.358356
839.380157 685.982284
951.412832 682.716573
173.003701 836.782691
323.188416 828.756478
465.532938 821.053931
600.115565 813.876993
727.851345 806.984969
849.118157 800.540275
964.512667 794.420134
996.990568 412.006105
1089.945500 408.354753
1188.830239 404.695872
1294.539105 400.620423
1407.394586 396.396106
1528.357366 391.723028
1658.289170 386.698411
1008.680305 504.485468
1100.109724 503.888074
1197.175470 503.272251
1300.765227 502.553654
1411.210838 501.741764
1529.470137 500.931286
1656.264143 500.100428
1019.946898 593.532975
1109.822123 595.506506
1205.230261 597.661443
1306.694142 599.948925
1414.986811 602.461634
1530.574165 605.008094
1654.434442 607.892240
1030.763189 678.899621
1119.157043 683.362086
1212.869306 688.207543
1312.501814 693.321516
1418.570699 698.654749
1531.634348 704.503007
1652.552426 710.670797
1041.241285 761.092823
1128.210935 767.888230
1220.305223 775.108728
1318.053267 782.678947
1421.982520 790.843429
1532.682887 799.536643
1650.814943 808.832552
1051.239929 840.264691
1136.797956 849.186847
1227.327491 858.596843
1323.273798 868.546503
1425.195626 879.214597
1533.581890 890.557857
1649.079868 902.641073
1060.926986 916.514783
1145.109795 927.275093
1234.072382 938.741139
1328.375892 950.953005
1428.246737 963.918206
1534.407343 977.591764
1647.459606 992.264459
1039.243179 235.742937
1127.687431 227.346549
1221.408930 218.553668
1321.122140 209.212023
1427.102084 199.257501
1540.246763 188.660730
1661.164786 177.293305
1035.504738 325.169611
1124.325454 319.491725
1218.475212 313.398323
1318.652520 307.001041
1425.270199 300.087837
1539.057526 292.807040
1660.698504 285.055599
1031.701732 415.804462
1120.906050 412.668939
1215.545666 409.434847
1316.188943 405.961524
1423.445069 402.345259
1537.827249 398.335590
1660.322717 394.264915
1027.843029 507.280976
1117.457642 506.871409
1212.547345 506.582124
1313.697267 506.243265
1421.519722 505.787702
1536.627278 505.406242
1659.893211 504.910565
1024.022154 599.846661
1114.026198 602.235119
1209.505157 604.902180
1311.228122 607.604404
1419.584747 610.580804
1535.430820 613.689522
1659.462865 617.144025
1020.069339 693.484051
1110.393693 698.776645
1206.453227 704.427614
1308.564910 710.319437
1417.621871 716.765201
1534.184381 723.617038
1659.009623 730.993238
1016.104955 788.159200
1106.851313 796.260065
1203.349201 804.992303
1306.096847 814.330449
1415.671539 824.245415
1532.965746 834.915391
1658.579032 846.399747
1069.111333 182.707864
1154.202681 173.346134
1244.108253 163.539985
1339.480168 153.186331
1440.510847 142.183957
1548.066898 130.480438
1662.551620 118.014473
1059.205730 260.875771
1145.483190 253.703753
1236.796952 246.009384
1333.696385 237.962527
1436.624524 229.294905
1546.125572 220.180012
1662.859634 210.502434
1048.933546 341.929886
1136.481774 336.896177
1229.243382 331.643046
1327.750230 326.006090
1432.520138 320.073396
1544.066447 313.609417
1663.304537 306.943883
1038.310427 425.812171
1127.167909 423.111470
1221.416619 420.431856
1321.546538 417.487277
1428.198686 414.334879
1541.976803 411.097507
1663.665772 407.481525
1027.344899 512.808039
1117.531612 512.701151
1213.164619 512.736299
1315.164481 512.612609
1423.737428 512.607252
1539.873150 512.536171
1664.105772 512.593281
1015.919362 602.974672
1107.332216 605.686056
1204.744023 608.663211
1308.331594 611.678093
1419.063303 615.073723
1537.529254 618.576059
1664.480910 622.412607
1004.058220 696.546411
1096.981597 702.221647
1195.884429 708.316420
1301.447516 714.843936
1414.178350 721.775693
1535.160899 729.245335
1664.961943 737.287934
1148.360692 257.584896
1239.219232 251.998118
1334.054576 246.207754
1433.356781 240.224734
1537.136882 233.911169
1646.191410 227.293203
1760.545314 220.341344
1140.688844 333.984389
1233.622024 330.049308
1330.800195 325.882223
1432.652842 321.612612
1539.325112 317.048005
1651.321520 312.352585
1769.014621 307.398060
1132.552619 414.347684
1227.764029 412.087964
1327.409667 409.824774
1431.946773 407.417427
1541.559807 404.945091
1656.773766 402.220309
1778.152992 399.561782
1124.095144 498.853334
1221.607357 498.506438
1323.841352 498.317575
1431.149378 498.007633
1543.852929 497.750305
1662.572549 497.540605
1787.692443 497.193576
1115.167645 587.870466
1215.144976 589.661748
1319.922981 591.784583
1430.368833 593.829067
1546.320722 596.107450
1668.860477 598.435135
1797.883614 600.999408
1105.754153 681.742169
1208.129118 686.028748
1315.970420 690.628008
1429.355170 695.330978
1548.920432 700.493529
1675.350125 705.832537
1808.802336 711.463097
1095.733497 780.897974
1200.873053 787.847774
1311.628461 795.213620
1428.563103 803.050182
1551.693049 811.355630
1682.217495 820.066523
1820.380203 829.356849
1151.643471 377.895795
1257.005894 375.512419
1366.012849 373.173055
1479.062971 370.732383
1596.148597 368.241795
1717.752823 365.587808
1843.978487 362.898582
1151.215707 479.493045
1256.414488 478.998326
1365.412274 478.426265
1478.305757 477.908142
1595.208204 477.315903
1716.675917 476.744953
1842.825560 476.275063
1150.747985 581.048895
1255.816482 582.281064
1364.758080 583.555040
1477.469475 584.860076
1594.329507 586.322362
1715.628467 587.646656
1841.746609 589.271834
1150.328278 682.297414
1255.345272 685.244572
1364.057215 688.392736
1476.679473 691.617098
1593.427188 694.941052
1714.532856 698.401006
1840.221265 701.973633
1149.956161 783.381608
1254.813116 788.079899
1363.381168 793.009568
1475.898955 798.098740
1592.489621 803.459168
1713.537689 808.916661
1839.017502 814.693218
1149.520758 884.292285
1254.240974 890.775827
1362.751333 897.497551
1475.043446 904.525431
1591.466330 911.828365
1712.394664 919.324204
1837.775971 927.155640
1149.109820 984.916284
1253.672304 993.134119
1362.030330 1001.705067
1474.312899 1010.669502
1590.467436 1019.624702
1711.220323 1029.225187
1836.848611 1039.613315
1079.362218 257.412814
1185.830039 250.193233
1297.942915 242.770697
1416.492334 234.833348
1541.546570 226.513058
1673.883860 217.617416
1814.293602 208.205339
1089.374587 358.408241
1192.952750 354.153703
1301.769213 349.620795
1416.570125 344.808717
1537.487190 339.675127
1665.335232 334.336432
1800.601060 328.711152
1098.937169 453.879056
1199.669337 451.992162
1305.472815 450.001370
1416.678057 447.888820
1533.844859 445.790034
1657.392922 443.428818
1787.950824 441.044233
1107.877054 543.869395
1205.974922 544.180083
1308.799485 544.589125
1416.873662 545.019761
1530.464328 545.341055
1649.960032 545.752272
1776.014096 546.168343
1116.458292 628.992433
1212.003981 631.323929
1312.096579 633.745977
1417.025273 636.243625
1527.269476 638.948232
1643.054986 641.752128
1764.931047 644.683620
1124.469251 709.733473
1217.658896 713.856702
1315.076513 718.066533
1417.118211 722.485578
1524.097296 727.221186
1636.491000 732.103993
1754.473198 737.269345
1132.147167 786.316957
1222.967616 791.900363
1317.894487 797.760251
1417.270734 803.982117
1521.216622 810.495323
1630.264767 817.232127
1744.716994 824.397996
1140.818417 87.999260
1249.460518 80.247572
1362.052827 72.339976
1479.115337 64.143972
1600.111129 55.577930
1726.235363 46.717466
1857.337911 36.863974
1141.489131 195.215034
1249.207261 189.552671
1360.836171 183.585361
1476.670688 177.489080
1596.699854 171.099809
1721.479476 164.520187
1850.880663 157.692502
1142.153447 300.825082
1248.973331 296.967666
1359.711323 293.030758
1474.399790 288.892328
1593.280730 284.757342
1716.784794 280.261068
1845.240174 275.807535
1142.836299 404.479318
1248.745599 402.477907
1358.438303 400.504574
1472.106844 398.438150
1589.890788 396.234789
1712.201402 393.993523
1839.120336 391.643170
1143.602783 506.417000
1248.595346 506.245884
1357.307916 506.069173
1469.899730 505.877158
1586.619080 505.778733
1707.763681 505.561969
1833.427920 505.379212
1144.230474 606.720177
1248.300651 608.306019
1356.120653 609.864058
1467.658138 611.562082
1583.267318 613.394443
1703.306152 615.168291
1827.801308 617.089782
1144.899432 705.294485
1248.083054 708.456783
1354.916373 711.787243
1465.575345 715.335738
1580.085009 718.992272
1698.876956 722.652511
1822.199605 726.645923
