-33.28308711488951 -10.37028289744073 81.95852518676348
-24.23443245106931 -33.21881506305836 99.47715019520965
-6.02981491424192 -13.84846596297727 62.58668679273338
-12.60006028631600 -33.07549613117369 79.34218899146975
-20.90558281569543 -34.65845820158676 80.76247693156712
-25.38579997138795 -10.86048178369291 70.52705801759917
-36.03337377349213 -10.18616240771418 61.90420904173125
-38.81113113900781 -23.57649907027927 68.52734106627069
-43.14452831999603 -32.81333340516812 79.73097642551843
-45.99063955408695 -27.13893705786095 61.45197248470703
-36.71009149871728 -20.29424345290595 56.06495996294798
-47.75030673628914 -19.17932743799406 69.20527558703995
-41.68172722087515 -25.46703960152707 72.37347177216103
-3.82255204190380 -9.99253668804049 84.02561815604101
-0.62405650840115 -23.34548181569287 90.63448939254980
5.13222839792047 -31.97563052188075 101.40191819376014
7.98407081323447 -24.58697598750661 99.55582475244955
5.93284005823689 -15.51330463344018 81.80202081130361
-1.55174149960894 -21.62108657896529 81.21984330876239
4.79521128675123 -31.70856869401552 78.63034661708427
