-1.87562506953011 -1.70709175630939 0.01067159614206 
-2.00159764559575 -2.21188541333948 0.90555835661920 
2.04669069284922 2.18428942277130 0.77192649682401 
1.89858751052455 1.75011460634376 -0.01313130265040 
2.03167932210450 2.01468687495982 -0.22744328301383 
-2.00926912478137 -1.97310349876215 -0.20027845209442 
-2.02238780292960 -2.20388190496385 -0.88584083343731 
2.00474979954399 2.01119707663119 0.41309286954098 
1.89804122585671 1.74990140659736 -0.01265699322799 
-2.15798153985176 -2.20492711404660 -0.44470917741114 
-2.02266854696569 -2.20325974138968 -0.88619229169134 
2.13308253459717 2.13237105259740 -0.01397919289509 
1.89822770408729 1.74983489794277 -0.01279759853309 
-1.87550153898320 -1.70854254172513 0.01023805408826 
-1.96998187082464 -1.97713923054720 0.43263197611768 
2.03224007748585 2.24678618031603 -0.91846154933316 
2.03162315609314 2.24709123395093 -0.91970677310241 
-2.08986634988306 -2.09805287075211 0.22967202698293 
-1.87629255356789 -1.70840582594135 0.01017529180218 
-2.05597922902913 -2.03670009599593 0.11817361323421
