496.917488 456.818709
576.976982 454.497665
662.343428 451.980452
753.547519 449.406950
851.412776 446.599701
956.534286 443.447730
1069.806078 440.173699
526.364764 547.717992
605.067546 548.174540
688.917637 548.881516
778.298277 549.619664
873.987693 550.334851
976.543919 551.143490
1086.730313 551.953496
554.285001 633.745712
631.712598 636.973169
714.006963 640.390803
801.650215 643.999630
895.249121 647.882410
995.357079 651.888057
1102.847120 656.536586
580.739786 715.366419
656.885332 720.963628
737.662922 726.846454
823.687563 733.247911
915.242018 739.863249
1013.037474 746.927311
1117.812046 754.626426
605.847104 792.980674
680.819098 800.662417
760.189447 808.762536
844.560152 817.452771
934.309012 826.620207
1029.777189 836.403960
1131.736332 846.897458
629.865875 866.911289
703.553154 876.421315
781.529513 886.557091
864.261201 897.267954
952.129837 908.651470
1045.456741 920.795265
1145.153649 933.769868
652.660550 937.167810
725.128801 948.410681
801.785486 960.274959
883.023926 972.945199
968.956057 986.268585
1060.321892 1000.537914
1157.629330 1015.739938
660.880576 140.501639
733.974886 129.976315
811.160678 118.920129
892.979260 107.177875
979.710071 94.710112
1072.043297 81.392383
1170.162905 67.288586
638.531722 212.303302
712.752130 203.500320
791.138505 194.401387
874.380420 184.678930
962.966661 174.262520
1057.177437 163.272927
1157.496912 151.582867
615.220030 287.533134
690.448779 280.845857
770.278904 273.775864
855.070009 266.146171
945.244257 258.156221
1041.495779 249.520451
1144.196314 240.490239
590.804131 366.339439
667.225040 361.828989
748.227454 357.087626
834.527163 352.083732
926.539831 346.603790
1024.748831 340.866065
1129.978190 334.700712
565.069726 449.222798
642.634723 447.108507
725.116267 444.926581
812.965307 442.610210
906.906305 440.232649
1007.255951 437.430188
1114.784138 434.608740
538.074285 536.302401
616.737164 536.829568
700.654496 537.693978
790.192501 538.341488
885.934200 539.152286
988.463941 539.888778
1098.788433 540.795572
509.652161 627.973682
589.499534 631.466021
674.942840 635.254126
766.114119 639.568732
863.727408 643.892473
968.783707 648.576181
1081.702430 653.723253
924.438626 371.449698
1036.010354 376.796860
1140.404128 381.891214
1237.961046 386.832578
1329.840895 391.417441
1416.203489 395.608749
1497.594169 399.681897
910.318216 488.929031
1019.527137 490.366029
1121.948519 491.837311
1217.852656 493.184023
1308.101957 494.497929
1393.287261 495.717840
1473.480881 496.840556
896.920962 600.593212
1003.840731 598.470072
1104.210676 596.562416
1198.588396 594.724395
1287.462090 592.991711
1371.231692 591.276576
1450.414758 589.855604
884.075963 706.785607
988.908712 701.401601
1087.395858 696.434116
1180.148253 691.771987
1267.617479 687.249516
1350.113266 683.103614
1428.376003 679.106187
872.033187 807.852389
974.721623 799.555648
1071.320149 791.857203
1162.430643 784.524483
1248.681555 777.566227
1329.944782 771.082314
1407.109937 764.727496
860.371725 904.303554
961.065133 893.300326
1055.999303 883.061994
1145.684671 873.356399
1230.355236 864.118557
1310.634573 855.358961
1386.722871 847.083581
849.341386 996.314941
948.086810 982.886626
1041.292331 970.156044
1129.478895 958.415970
1212.909212 947.095635
1292.032625 936.420570
1367.155499 926.237774
842.915423 65.256234
939.474875 78.640614
1030.689534 91.334309
1116.969760 103.399275
1198.902558 114.886849
1276.656893 125.799096
1350.533268 135.895883
856.028940 148.983243
954.865945 160.376818
1048.154918 171.131240
1136.289945 181.278179
1219.749307 190.936005
1298.895839 200.089696
1373.964431 208.906163
870.002340 237.734869
971.164481 246.706721
1066.653356 255.286698
1156.625474 263.368702
1241.648188 271.094587
1322.148620 278.261450
1398.572999 285.042572
884.785505 331.748892
988.535547 338.129262
1086.072894 344.219500
1178.077848 350.037586
1264.714447 355.363058
1346.605066 360.526102
1424.393138 365.448356
900.592623 431.629824
1006.841734 435.107642
1106.735637 438.435186
1200.554228 441.534347
1289.118788 444.446232
1372.581366 447.216616
1451.387312 449.808313
917.291073 538.033165
1026.335668 538.066385
1128.553236 538.360051
1224.511103 538.468814
1314.758410 538.608677
1399.887604 538.696265
1480.137146 538.852860
935.235738 651.579455
1047.018351 647.773942
1151.775888 644.284730
1249.910287 641.239818
1342.008171 638.200630
1428.663066 635.336095
1510.318306 632.702150
692.800819 42.131588
797.553666 45.556394
901.076446 48.854751
1003.275348 52.219284
1104.351051 55.416834
1204.260357 58.673345
1302.901073 61.911106
689.001805 131.202139
796.222011 134.144880
902.015693 136.960456
1006.686662 139.842429
1109.952004 142.645639
1212.094748 145.489039
1312.771257 148.384540
685.137373 224.602020
794.760214 226.944942
903.085984 229.349505
1010.188506 231.619160
1115.873975 233.992053
1220.171121 236.247195
1323.306244 238.532208
681.029099 322.395796
793.355323 324.213408
904.158572 325.956260
1013.885711 327.755585
1121.962657 329.432268
1228.595916 331.268417
1334.095637 333.007442
676.750518 425.046876
791.830750 426.188298
905.509053 427.414467
1017.583873 428.521925
1128.463234 429.687553
1237.632563 430.860406
1345.381072 431.959047
672.197148 532.997355
790.231983 533.397725
906.669125 533.979888
1021.681938 534.389237
1135.071742 534.910518
1246.904513 535.346082
1357.296706 535.808952
667.562251 646.637972
788.472091 646.189005
908.005369 645.856625
1025.902225 645.627397
1142.163669 645.353175
1256.789777 645.000097
1369.835391 644.819934
580.144145 440.393580
691.960353 439.562028
806.227605 438.708687
922.879802 437.936768
1042.399834 437.102147
1164.452275 436.185121
1289.309114 435.361192
593.968843 548.256054
703.030041 548.535438
814.423980 548.923721
928.022464 549.319447
1044.251619 549.721331
1163.099392 550.157268
1284.309795 550.572585
607.141336 650.644951
713.537303 652.084310
822.027192 653.512513
932.931718 654.928974
1046.141011 656.342312
1161.800579 657.836846
1279.909513 659.546558
619.720346 748.068866
723.517311 750.385086
829.386011 752.783554
937.554510 755.280752
1047.855085 757.643028
1160.464259 760.205693
1275.524666 762.823111
631.604009 840.820081
733.032904 843.991882
836.452788 847.259083
941.921411 850.550844
1049.593310 853.890359
1159.339323 857.424791
1271.273005 860.869657
643.002575 929.251369
742.064596 933.163696
843.094553 937.177310
946.149002 941.263791
1051.083557 945.423807
1158.200423 949.682100
1267.422932 954.063520
653.804044 1013.652672
750.657865 1018.213227
849.428688 1022.780296
950.136601 1027.653282
1052.550209 1032.609749
1157.103599 1037.641033
1263.711142 1042.836035
297.615689 441.350956
430.505246 444.363336
554.691929 447.150604
670.898785 449.982244
780.284630 452.549367
882.986325 454.863755
979.976202 457.041639
300.357495 552.671937
428.728658 552.003666
549.205706 551.388476
662.059207 550.776989
768.367039 550.308508
868.570304 549.818008
963.097395 549.249957
302.791275 656.789156
427.182169 652.897442
543.869693 649.251541
653.656717 645.719605
757.168463 642.455681
854.880159 639.300140
947.260973 636.488381
305.185587 754.358820
425.655411 747.640840
538.891894 741.236067
645.802649 735.272598
746.638361 729.557116
841.951981 724.227093
932.249537 719.101481
307.468589 846.065915
424.374374 836.793049
534.310488 828.129102
638.210366 819.816757
736.695140 811.908046
829.660560 804.623418
917.999096 797.495735
309.589949 932.484041
422.940927 920.951003
529.998209 910.108450
631.214439 899.798560
727.191640 890.041038
818.067874 880.761247
904.505741 872.021757
311.484269 1013.954768
421.704187 1000.402144
525.835969 987.550999
624.575590 975.528614
718.185053 964.114007
806.997902 953.248826
891.554213 942.916127
301.925614 200.421081
426.767831 211.168552
543.869566 221.294791
653.927551 230.877219
757.759475 239.947947
855.764814 248.404001
948.479909 256.310436
301.825997 315.979079
426.551620 323.057554
543.580417 329.744801
653.636462 336.075800
757.354282 342.079335
855.372672 347.714169
947.904857 352.987864
301.727630 431.342497
426.267875 434.750568
543.305712 438.094579
653.299041 441.198532
756.971612 444.118467
854.881931 446.795693
947.498333 449.465028
301.674764 546.491961
426.099268 546.379174
542.980604 546.261470
652.977883 546.192759
756.602980 546.028920
854.383782 545.953118
946.985367 545.858932
301.523402 661.575938
425.953603 657.843235
542.714096 654.386814
652.562083 651.027624
756.229640 647.896376
853.969939 644.971947
946.422313 642.111807
301.423860 776.527294
425.766252 769.178422
542.424219 762.268067
652.258625 755.775302
755.800937 749.644485
853.489455 743.810122
945.939542 738.330851
301.436494 891.247512
425.529679 880.349764
542.232913 869.842838
651.996599 860.305202
755.454272 851.208656
853.081763 842.560838
945.445204 834.419547
315.849949 72.090207
426.653437 85.358940
531.430726 97.914222
630.492090 109.813168
724.632068 121.080341
813.949923 131.777856
898.862805 141.805632
313.972242 155.606535
427.922767 166.820578
535.408171 177.363291
637.125548 187.416701
733.288954 196.827634
824.607958 205.899514
911.255648 214.460338
312.112777 244.044945
429.231714 252.942986
539.668818 261.380736
643.902827 269.226518
742.382685 276.760013
835.751304 283.790131
924.292530 290.494662
310.011068 337.677146
430.635133 343.975817
544.088982 349.921831
651.125489 355.541420
752.047693 360.728164
847.501320 365.756859
938.060871 370.504705
307.815671 437.193227
432.124173 440.551385
548.864080 443.764664
658.651035 446.738533
762.283990 449.525827
860.016314 452.156040
952.423950 454.574694
305.413751 543.182453
433.657593 543.184762
553.824392 543.305214
666.827064 543.314304
773.001215 543.333442
873.116111 543.265488
967.654130 543.290403
303.020960 656.146386
435.284365 652.390588
559.164035 648.719810
675.367507 645.612452
784.340831 642.477274
887.003690 639.530244
983.675045 636.806700
78.162977 83.650998
218.355329 91.524784
353.643169 99.070881
484.522294 106.541692
611.375329 113.609970
734.002327 120.436404
852.828753 127.071210
90.291512 215.281091
227.411084 220.765400
360.071233 226.099064
488.355879 231.245699
612.697474 236.269774
733.105281 241.141154
849.690814 245.899328
101.878561 341.789736
236.082595 345.168719
366.198715 348.495075
492.060150 351.474123
613.985748 354.563501
732.196192 357.396151
846.835585 360.265263
112.918253 463.458266
244.516384 464.796561
371.926294 466.080691
495.632682 467.347689
615.256674 468.464543
731.319871 469.639155
844.012836 470.729104
123.512058 580.645628
252.615949 580.082299
377.693090 579.593301
498.888437 579.069409
616.552470 578.443390
730.558285 577.989583
841.229142 577.449778
133.830037 693.555664
260.435232 691.233043
383.144745 688.986923
502.169725 686.862274
617.647064 684.673728
729.772540 682.571669
838.605548 680.585256
143.907050 802.282506
267.881452 798.421125
388.461453 794.410707
505.352278 790.878471
618.854662 787.218266
729.052012 783.722034
836.060515 780.414637
219.470984 204.587588
367.580765 216.571612
505.071176 227.716963
633.040941 238.168770
752.768014 247.955053
864.683147 256.977706
969.770095 265.430049
225.399376 334.887288
367.947306 341.816879
500.872762 348.355959
624.804618 354.397612
740.825358 360.161952
849.684585 365.502094
951.929024 370.441073
230.892365 456.051463
368.337663 458.673110
496.794956 461.061401
616.931885 463.284933
729.652188 465.405758
835.578125 467.337038
935.360814 469.256396
235.853264 568.985668
368.698426 567.741461
492.926658 566.603064
609.595715 565.519649
719.131958 564.431764
822.260957 563.431435
919.636580 562.515367
240.572284 674.456901
369.043411 669.846139
489.470925 665.615911
602.547462 661.573414
709.316555 657.665383
809.706053 654.110985
904.711432 650.661728
244.939700 773.289347
369.313468 765.759287
486.114269 758.735573
596.156747 752.060574
699.938860 745.751338
797.929371 739.809534
890.670142 734.192342
249.223016 865.960614
369.595133 855.867519
482.982638 846.245230
590.003815 837.415457
691.104466 828.922400
786.708883 820.919956
877.336148 813.336008
116.756404 278.219316
241.317678 280.491707
363.834255 282.648538
484.727693 284.894749
604.053929 287.063017
721.672115 289.152739
837.757606 291.213500
110.325868 394.889243
236.002335 396.268362
359.534676 397.634923
481.466868 399.132715
601.751943 400.488863
720.317204 401.898055
837.228641 403.272380
104.000157 513.442266
230.444941 514.052296
355.193075 514.756296
478.234809 515.274718
599.362414 515.887455
718.922164 516.356796
836.836503 516.972085
97.396394 634.003341
225.054588 633.809262
350.755465 633.507826
474.782000 633.373436
596.989818 632.987755
717.440912 632.741386
836.402962 632.557409
90.640231 756.696201
219.378109 755.485670
346.243947 754.480058
471.377419 753.342144
594.664222 752.123670
716.206760 751.060663
835.721482 749.970145
83.708989 881.582397
213.875971 879.266812
341.622498 877.384832
467.880424 875.330801
592.169915 873.320892
714.635407 871.281173
835.422903 869.359012
76.892829 1008.466634
207.711451 1005.516199
337.113307 1002.148993
464.371364 999.377548
589.651477 996.404660
713.200226 993.472759
834.943920 990.700923
279.189330 162.967085
402.081939 174.702919
517.637379 185.727209
626.330861 196.191053
729.045063 205.987360
826.051835 215.270943
917.920530 223.878330
276.019491 258.026728
402.795169 267.182183
521.641462 275.689690
633.361097 283.635183
738.652666 291.159111
838.035491 298.314143
931.895762 305.102836
272.689183 359.363664
403.395598 365.358288
525.910817 371.042463
640.849199 376.307912
748.801787 381.332922
850.588270 385.971125
946.759464 390.362599
269.147362 467.295294
404.253427 469.885298
530.385184 472.280388
648.718457 474.633930
759.621466 476.634679
863.861375 478.697725
962.311092 480.593013
265.279622 582.774077
404.944014 581.437372
535.255764 580.189889
657.013952 579.000836
771.114172 577.896469
878.108418 576.874900
978.772654 575.744279
261.090128 706.575797
405.799938 700.607719
540.314567 695.276140
665.905417 690.121729
783.164853 685.408011
893.065989 680.885474
996.220403 676.629849
256.759721 839.625230
406.581001 828.458159
545.877327 818.064279
675.427584 808.663699
796.142404 799.676654
909.074422 791.269230
1014.765627 783.496449
993.445086 465.157590
1087.146161 463.150612
1186.921437 461.057112
1293.203504 458.923772
1407.072206 456.562625
1529.072158 453.970682
1660.160161 451.304199
1009.006012 553.554418
1100.677481 554.295456
1197.993950 555.202942
1301.576265 556.178469
1412.333602 557.171633
1530.805880 558.287858
1657.574922 559.490466
1023.760873 637.361234
1113.397616 640.772836
1208.476565 644.266626
1309.538179 647.900269
1417.357143 651.887448
1532.340926 656.017752
1655.522286 660.779747
1037.813936 717.175775
1125.523899 722.684796
1218.373349 728.550261
1317.055818 734.866153
1421.998684 741.397914
1533.812056 748.495576
1653.295783 755.963469
1051.206172 793.020218
1136.963825 800.551467
1227.836691 808.583502
1324.106877 817.027627
1426.518449 826.027778
1535.265156 835.614958
1651.081021 845.770305
1063.915970 865.327018
1147.865905 874.612929
1236.811372 884.537353
1330.885397 894.948980
1430.609132 906.062587
1536.563375 917.847682
1649.287447 930.414892
1075.962530 934.199159
1158.298538 945.080270
1245.275916 956.593088
1337.315652 968.951769
1434.515398 981.937748
1537.703288 995.727915
1647.394906 1010.369459
1024.847992 270.679758
1114.620415 263.090272
1209.917390 255.034853
1311.133402 246.651941
1419.162622 237.588147
1534.479026 227.959279
1657.904728 217.567741
1024.631628 363.567409
1114.370283 358.788832
1209.523360 353.764312
1310.752117 348.471764
1418.666325 342.746997
1533.850848 336.691595
1657.094300 330.336510
1024.514062 456.360837
1114.154484 454.404530
1209.260586 452.408573
1310.376093 450.151793
1418.218209 447.754657
1533.294825 445.201428
1656.567062 442.616061
1024.392473 549.071998
1113.904848 549.858735
1208.909230 550.747254
1310.002821 551.724546
1417.650893 552.636271
1532.501901 553.707823
1655.875621 554.880129
1024.359890 641.582669
1113.651528 645.158417
1208.668685 648.974189
1309.501116 653.062354
1417.269060 657.404201
1532.080938 662.059176
1654.819438 667.004718
1024.157323 734.105198
1113.382698 740.335469
1208.344369 747.183406
1309.164112 754.285229
1416.650401 761.946231
1531.354994 770.072376
1654.186899 778.850493
1024.063091 826.417045
1113.193610 835.401218
1207.967663 844.989252
1308.802610 855.396710
1416.052994 866.237909
1530.738071 877.965025
1653.471102 890.558413
1085.419422 165.961771
1168.617343 156.412698
1256.525849 146.355147
1349.328772 135.764819
1447.653639 124.610115
1552.131012 112.663163
1663.068766 100.021506
1073.103015 236.845197
1157.960685 229.160606
1247.553538 220.981562
1342.393216 212.308057
1443.055846 203.065979
1550.100207 193.364499
1663.771476 183.115182
1060.314863 311.171167
1146.663385 305.415511
1238.243376 299.287149
1335.199656 292.709922
1438.240648 285.767474
1547.852156 278.366603
1664.855996 270.593033
1046.790476 389.043870
1134.962566 385.308049
1228.320491 381.477924
1327.579145 377.287575
1433.065990 372.821414
1545.482864 368.164454
1665.831074 363.230619
1032.744950 470.574641
1122.607842 469.250943
1218.064487 467.891899
1319.455449 466.394011
1427.776769 464.838755
1543.206256 463.123392
1666.655051 461.358114
1017.906792 556.295668
1109.530463 557.425860
1207.099364 558.919130
1311.014922 560.316718
1421.913007 561.928745
1540.538328 563.500771
1667.785314 565.340617
1002.351230 646.368644
1095.806479 650.353624
1195.613052 654.716297
1302.043729 659.534954
1415.742703 664.479014
1537.882391 669.871733
1668.939645 675.785871
1129.482981 264.824037
1215.643531 257.919421
1306.629874 250.516311
1402.922655 242.819174
1505.006416 234.695781
1613.603592 225.879749
1729.211862 216.640059
1117.876095 339.496214
1205.728842 334.538217
1298.593106 329.282958
1397.017483 323.718140
1501.740449 317.792167
1613.078677 311.565825
1731.770428 304.950535
1105.741587 417.707945
1195.277433 414.879592
1290.299949 411.956887
1391.084821 408.772647
1498.253032 405.399489
1612.500983 401.817079
1734.614052 398.026371
1093.047452 499.766526
1184.420710 499.278190
1281.417350 498.866256
1384.622731 498.370931
1494.503970 497.797444
1611.744628 497.291593
1737.631994 496.677347
1079.762426 585.800633
1172.997208 587.939693
1272.266007 590.271625
1377.888132 592.745398
1490.737045 595.485511
1611.328220 598.232365
1740.555220 601.325631
1065.705838 676.287009
1160.982907 681.318366
1262.470266 686.799184
1370.740616 692.515420
1486.445485 698.686462
1610.527562 705.287470
1744.026249 712.423818
1050.983677 771.525056
1148.250156 779.659237
1252.152112 788.514232
1363.206002 798.003853
1482.037760 808.012731
1609.971198 818.970091
1747.554293 830.617941
1151.408930 377.983060
1256.812744 375.603624
1365.873309 373.236040
1478.666742 370.864761
1595.719607 368.439803
1717.283564 365.725747
1843.225903 363.079061
1151.017495 479.555196
1256.200626 479.034995
1365.209962 478.471390
1477.934844 477.965864
1594.805265 477.420128
1716.353758 476.877382
1842.049501 476.302788
1150.554717 580.996352
1255.594290 582.309526
1364.474309 583.573053
1477.168065 584.913617
1593.968366 586.292870
1715.116809 587.610252
1840.968033 589.243807
1150.113706 682.321722
1255.089276 685.275381
1363.697396 688.405803
1476.373928 691.624408
1593.000800 694.971581
1714.018409 698.407163
1839.785869 701.989004
1149.718359 783.387004
1254.475954 788.092343
1363.084259 793.081965
1475.468454 798.151140
1592.117788 803.524259
1712.943478 809.001104
1838.384222 814.668012
1149.234615 884.356262
1253.887307 890.688521
1362.429302 897.494264
1474.732117 904.488619
1591.106321 911.758712
1711.840984 919.157446
1837.154590 926.932294
1148.852461 985.002736
1253.313329 993.166715
1361.696101 1001.617702
1473.955160 1010.556835
1590.070035 1019.671068
1710.664364 1029.231470
1835.916696 1039.128437
1033.702728 266.567628
1132.034786 257.942797
1237.027491 248.787301
1349.094873 239.055100
1469.552100 228.633998
1598.884964 217.304457
1738.372344 205.305307
1048.689062 363.357800
1144.763867 358.063519
1247.091618 352.498650
1356.224337 346.545487
1473.057265 340.236436
1598.482661 333.463320
1733.024594 326.144275
1062.913941 455.010828
1156.809998 452.825416
1256.605173 450.436305
1362.967476 447.805785
1476.554992 445.043911
1598.080639 442.091955
1728.603737 439.029552
1076.425440 542.096902
1168.211193 542.505611
1265.594639 542.939715
1369.276412 543.471134
1479.699400 543.930411
1597.540289 544.414757
1724.144994 544.980254
1089.310041 624.693500
1179.016172 627.538154
1274.167293 630.532916
1375.140780 633.747194
1482.875350 637.131386
1597.367197 640.731630
1719.683735 644.564265
1101.516878 703.361312
1189.195137 708.243819
1282.252032 713.631272
1380.861480 719.228235
1485.580485 725.202688
1596.961425 731.517769
1715.915817 738.256803
1113.101338 778.254272
1198.936550 785.106916
1289.890431 792.352937
1386.208431 800.294237
1488.110385 808.462137
1596.624676 817.316285
1712.089298 826.626404
1140.572217 88.226563
1249.224949 80.476037
1361.906610 72.510740
1478.585448 64.399405
1599.816514 55.909567
1725.918029 47.045536
1856.600582 37.525292
1141.307882 195.504663
1249.019655 189.743911
1360.635033 183.846469
1476.287679 177.764889
1596.273837 171.440752
1721.071106 164.933791
1850.434997 158.180303
1141.995587 300.931529
1248.799289 297.108482
1359.452120 293.261087
1474.082863 289.131969
1592.882784 284.949238
1716.298297 280.511213
1844.577529 276.044105
1142.707977 404.584301
1248.550214 402.626597
1358.164491 400.642042
1471.844403 398.573224
1589.504152 396.437276
1711.621164 394.220500
1838.654664 391.886893
1143.423933 506.478305
1248.318091 506.382707
1357.057510 506.238263
1469.549049 506.047367
1586.327955 505.994589
1707.201362 505.804912
1832.792160 505.618673
1144.008218 606.881041
1247.998588 608.308907
1355.899940 609.917615
1467.406327 611.675987
1582.957113 613.508742
1702.735972 615.276841
1827.270946 617.181395
1144.796259 705.395651
1247.784626 708.517908
1354.577030 711.822183
1465.282994 715.482059
1579.668071 719.094978
1698.382950 722.801271
1821.560531 726.752382
