500.053616 458.085343
578.725097 455.236319
663.161347 452.434516
753.853011 449.442553
851.396492 446.385979
956.433684 443.303629
1069.303085 440.166446
528.402118 547.992216
606.090667 548.352737
689.177943 548.798598
778.245288 549.368124
873.825468 549.946008
976.445941 550.724213
1086.495342 551.630042
555.744846 633.676760
632.323254 636.787945
714.031982 640.102995
801.414891 643.715885
895.030106 647.672615
995.213097 651.703920
1102.344687 656.169078
581.829587 715.030066
657.300836 720.611016
737.660039 726.625854
823.397628 733.098932
915.027913 739.736026
1012.789318 746.739711
1117.044325 754.191436
606.850512 792.378639
681.201570 800.235997
760.248950 808.427470
844.303257 817.131539
933.890861 826.356577
1029.236932 835.983522
1130.756970 846.125545
630.694513 865.949709
703.917638 875.753025
781.516930 885.974583
863.959047 896.700449
951.588000 908.047999
1044.673007 919.866547
1143.441276 932.276593
653.587960 935.867054
725.534560 947.227699
801.767564 959.216332
882.658951 971.858035
968.292359 984.984027
1059.122545 998.717841
1155.290306 1013.144868
663.712885 146.478527
735.817154 135.715692
812.127487 124.536881
893.008395 113.048466
978.702088 101.080574
1069.653402 88.896568
1165.863292 76.312149
641.003415 216.436710
714.277647 207.340900
792.065498 197.909343
874.570419 188.192035
962.344469 178.149723
1055.470857 167.785843
1154.362699 157.222729
617.302633 290.349077
691.752309 283.147491
770.901075 275.669228
855.164071 267.951173
944.869869 260.089694
1040.327159 251.914309
1141.875840 243.753427
592.569738 368.158372
668.180172 363.165870
748.667886 358.098577
834.550687 352.760584
926.324498 347.291531
1024.173955 341.825459
1128.503860 336.250302
566.765762 450.351397
643.435101 447.834740
725.212657 445.436738
812.873484 442.759574
906.548951 440.301314
1006.834242 437.638370
1113.973278 435.175971
539.727231 536.968822
617.372017 537.333266
700.671006 537.935729
789.846880 538.425197
885.590087 539.167345
988.219822 539.920545
1098.220650 540.942026
511.462119 628.182855
590.338226 631.675504
674.982868 635.498977
765.773425 639.688834
863.344858 644.098960
968.424382 648.906892
1081.193662 653.889694
923.801475 371.740994
1034.987793 377.247885
1138.603148 382.735010
1235.068915 388.096503
1325.122806 393.296809
1409.077985 398.221928
1487.445605 403.061262
909.662521 488.675666
1018.811210 490.170991
1120.681609 491.837353
1215.773348 493.468525
1304.587358 495.089256
1387.679543 496.681254
1465.188714 498.302559
896.263001 600.319345
1003.182267 598.217002
1103.256225 596.281139
1196.993482 594.469089
1284.609911 592.928643
1366.616339 591.340968
1443.385624 590.028957
883.361964 706.662644
988.206691 701.226837
1086.419441 696.115573
1178.630277 691.288510
1265.071204 686.730109
1346.029347 682.361575
1422.068816 678.350963
871.288133 807.603038
973.891931 799.346347
1070.300393 791.386377
1160.881610 783.863729
1246.102991 776.590293
1326.008333 769.817801
1401.208422 763.264114
859.738865 903.678807
960.249618 892.781848
1054.784646 882.287155
1143.829202 872.320951
1227.653614 862.683124
1306.632845 853.536780
1380.929512 844.862909
848.845564 994.873854
947.095305 981.595456
1039.952062 968.790995
1127.394115 956.757206
1209.905572 945.021339
1287.699163 933.784200
1361.179394 923.132543
843.541910 72.942100
938.783043 85.773355
1028.815325 98.214397
1113.880315 110.418890
1194.257893 122.287258
1270.302074 133.697855
1342.137164 144.811883
856.388703 153.780557
954.143324 164.707045
1046.473712 175.427120
1133.519887 185.861832
1215.605491 196.070927
1293.047971 205.840013
1366.013189 215.355889
869.965880 240.170742
970.466814 248.997016
1065.084207 257.648563
1154.251354 266.126625
1237.946000 274.406770
1316.753776 282.271709
1390.939128 289.991801
884.512866 332.754822
987.877651 339.045589
1084.854216 345.340576
1175.910579 351.442041
1261.334129 357.410338
1341.509574 363.190626
1416.904853 368.803174
900.113492 431.914098
1006.235738 435.298416
1105.595754 438.844432
1198.699081 442.263586
1285.816478 445.511685
1367.442739 448.848308
1443.796454 452.010431
916.822040 538.113873
1025.713243 538.174833
1127.647724 538.454140
1222.677998 538.796650
1311.457397 539.073287
1394.486621 539.487759
1471.997241 539.968029
934.579518 651.720646
1046.371914 648.017137
1150.765156 644.377987
1247.823427 641.212305
1338.300218 638.130511
1422.526318 635.357775
1501.188968 632.707638
696.094694 51.714466
799.031498 54.211134
900.975495 57.134624
1001.730476 60.543375
1101.090015 64.325085
1198.877002 68.530970
1294.880058 73.185013
691.557292 137.487082
797.259693 139.539942
901.947584 142.027403
1005.379619 144.974002
1107.374217 148.340498
1207.635083 151.996677
1305.909451 156.094080
686.865389 228.275622
795.434270 229.888996
902.923325 231.897171
1009.217686 234.329683
1113.836248 237.176674
1216.583549 240.193746
1317.316487 243.694002
682.128014 324.325445
793.631641 325.428362
904.022457 326.978474
1013.088213 328.807533
1120.441481 330.988768
1225.801860 333.442957
1329.025817 336.158307
677.352020 425.973787
791.764856 426.606745
905.064889 427.633813
1017.071913 428.794766
1127.219637 430.198449
1235.227459 431.870248
1340.875902 433.708126
672.507073 533.408945
789.818271 533.578088
906.308852 533.977066
1021.186142 534.462764
1134.134664 535.023937
1244.885965 535.715196
1353.109010 536.556463
667.609912 646.789397
788.093028 646.392998
907.595978 646.033562
1025.411942 645.784037
1141.252995 645.380350
1254.595653 645.054380
1365.398301 644.734610
581.946486 441.335265
692.510852 439.929577
806.107117 438.768579
922.662786 437.817539
1041.777164 437.131968
1163.046460 436.634601
1285.996934 436.442029
595.061081 548.396136
703.152660 548.495843
814.047238 548.688192
927.729818 549.044695
1043.822645 549.432305
1162.045423 549.967801
1281.771027 550.659562
607.953735 650.538244
713.517633 651.887356
821.686823 653.279590
932.557537 654.723782
1045.684145 656.202857
1160.759558 657.542960
1277.343115 659.047428
620.367114 747.676863
723.504659 750.105854
829.007266 752.639528
937.056396 755.102698
1047.282255 757.423903
1159.271946 759.655100
1272.782650 761.868331
632.416168 840.040798
733.131424 843.502130
836.179608 846.828240
941.389502 850.110595
1048.725915 853.312107
1157.714066 856.379146
1268.208689 859.284717
643.928572 927.897617
742.282168 932.203781
842.772177 936.330422
945.405358 940.351131
1049.949997 944.237044
1156.162045 947.959281
1263.666719 951.491986
655.079040 1011.340031
751.039756 1016.244191
849.142042 1021.059843
949.237937 1025.839774
1051.061664 1030.311990
1154.423021 1034.601368
1259.108261 1038.806454
306.587462 444.507447
434.801947 446.298012
556.357074 448.264269
671.252965 450.347133
779.832008 452.479347
882.370876 454.587876
979.141832 456.818352
308.359159 553.983146
432.545685 552.687041
550.418895 551.714101
662.102758 550.821072
767.805868 550.050108
867.926665 549.388829
962.422365 548.875197
310.515064 656.714060
430.715042 652.753455
545.075355 649.016544
653.726753 645.508366
756.629232 642.225205
854.200673 639.041057
946.553229 636.154132
312.840734 753.109157
429.333794 746.754990
540.213414 740.628333
645.895730 734.829161
746.179752 729.336061
841.246632 723.999267
931.493729 718.912478
315.473868 843.452947
428.349137 835.083519
536.034598 826.884691
638.622184 819.089670
736.356266 811.452590
829.021785 804.299925
917.201315 797.276682
318.171900 928.353100
427.696726 918.180923
532.139257 908.199147
631.943628 898.586806
727.026225 889.196653
817.586504 880.200065
903.697024 871.547663
321.141708 1007.945190
427.170964 996.185770
528.660591 984.642791
625.678823 973.569016
718.335464 962.671640
806.598745 952.112742
890.779496 942.001718
314.452378 210.120123
434.040116 218.280740
547.837339 226.432061
655.928473 234.623989
758.491497 242.665616
855.669553 250.555614
947.781981 258.344757
312.278516 322.097736
432.265529 327.221194
546.388568 332.560311
654.786028 337.920398
757.581383 343.188845
855.073258 348.341606
947.328514 353.542932
310.668456 434.806475
430.881496 437.062486
545.250411 439.438715
653.909399 441.923268
756.810794 444.419387
854.428787 446.818992
946.835219 449.390610
309.615709 548.228473
430.030357 547.424991
544.434745 546.796647
653.129285 546.328855
756.153082 546.029429
853.799788 545.726314
946.330898 545.669205
309.254372 661.720134
429.498670 657.928792
543.930555 654.339083
652.636812 650.984507
755.652469 647.770461
853.263810 644.842623
945.749885 642.047331
309.363722 775.172778
429.474072 768.383821
543.800748 761.789482
652.405747 755.573370
755.330967 749.540588
852.853628 743.839315
945.241286 738.343885
310.066951 888.133166
429.805876 878.347150
544.000832 868.750640
652.333006 859.750340
755.141034 850.860030
852.382978 842.378575
944.621193 834.248726
330.614257 86.937837
436.311943 97.098670
537.520198 107.134293
634.224195 117.255353
726.598326 127.244799
814.721393 137.051819
898.703125 146.689000
326.923871 166.782629
435.963503 175.269108
540.266020 183.816353
639.794074 192.358268
734.680084 200.806966
825.043012 209.053014
910.994101 217.214384
323.263389 251.993221
435.831966 258.741425
543.292506 265.469977
645.823336 272.198169
743.238650 278.863404
835.862283 285.339233
923.954211 291.877351
319.670017 343.211648
436.056886 347.755532
546.836077 352.428765
652.251950 357.040227
752.358577 361.694336
847.391011 366.295477
937.631034 370.922672
316.411387 440.758315
436.482113 442.830400
550.655067 445.164197
659.223834 447.485275
762.088120 449.760726
859.608053 452.192349
951.916452 454.593649
313.378562 545.059950
437.288081 544.366883
555.252763 543.949410
666.907765 543.648693
772.580263 543.353530
872.655832 543.226341
967.171339 543.202387
310.594013 656.560014
438.628886 652.749861
560.340266 649.024829
675.279561 645.784929
783.852552 642.552801
886.341204 639.669004
983.114008 636.830348
108.365848 104.433018
238.237337 107.838479
366.262956 111.816443
492.088810 116.272763
615.448744 121.178451
735.921729 126.626001
853.211059 132.533742
115.610751 228.976126
243.584898 231.089502
369.719038 233.762124
493.717453 236.804399
615.413650 240.233481
734.263929 243.965628
849.875598 248.096780
123.587150 350.254856
249.554214 351.359797
373.730515 352.717443
495.961345 354.361251
615.726306 356.321047
732.708463 358.407410
846.648109 360.809272
131.973194 468.252472
255.974886 468.113457
378.110425 468.283204
498.398984 468.612566
616.284113 469.131626
731.349527 469.732902
843.601612 470.609407
141.030029 582.462804
262.861235 581.347101
383.003608 580.268933
501.164477 579.369965
617.112848 578.522555
730.257693 577.846160
840.717095 577.250607
150.405284 692.934944
270.115262 690.819156
388.110168 688.668095
504.221424 686.600062
618.149665 684.454739
729.551582 682.431418
838.045018 680.497802
160.092549 799.488793
277.544903 796.364344
393.521018 793.114273
507.549570 790.037291
619.453716 786.746631
728.835854 783.447171
835.506865 780.289260
236.313460 215.616309
376.967850 224.339756
509.875234 233.023416
635.316285 241.754911
753.444034 250.413236
864.479301 258.821174
968.826538 267.156972
239.328206 341.418977
375.432490 346.152562
504.271534 351.106822
626.121135 356.080963
741.011376 360.949308
849.370064 365.791741
951.312301 370.678334
242.898103 459.572085
374.547840 460.875098
499.416586 462.293325
617.781531 463.854279
729.518100 465.526428
835.110874 467.115687
934.680313 468.909742
246.738133 570.405090
374.171678 568.545272
495.121887 566.889410
610.078588 565.489143
718.812655 564.266900
821.652990 563.039670
918.951555 562.139572
251.006904 674.118504
374.251953 669.641754
491.626001 665.285215
603.059216 661.272499
708.939389 657.360111
809.005907 653.843845
904.010822 650.434324
255.365761 771.447327
374.759021 764.572604
488.432998 757.891338
596.754216 751.509237
699.698099 745.343144
797.348700 739.607882
889.942804 734.026313
259.989171 862.592700
375.402669 853.552834
485.713034 844.776860
590.918601 836.482286
691.099028 828.330993
786.182675 820.515807
876.583500 813.076794
138.674362 288.876590
255.411090 288.668431
372.365681 288.734979
489.484455 289.284805
606.370030 290.122137
722.626739 291.309245
837.804520 292.854200
130.573178 401.741436
248.524780 401.360534
366.720903 401.287579
485.099729 401.565881
603.303889 402.021167
720.694604 402.677275
837.051847 403.630986
123.108413 517.215304
242.144336 516.793650
361.483740 516.533767
481.149119 516.448402
600.407220 516.480492
718.867895 516.572635
836.393317 516.996740
116.156127 635.033507
236.443228 634.509123
356.862027 634.047770
477.442651 633.608384
597.805810 633.175311
717.348830 632.788740
835.854308 632.585042
110.167747 754.851821
231.154781 754.237801
352.569202 753.620026
474.126338 752.830168
595.419535 751.961451
715.990850 751.035984
835.311115 750.151655
104.534157 876.429994
226.453983 875.720655
348.787813 874.900938
471.198970 873.832902
593.380848 872.469486
714.807438 870.909276
834.986897 869.203583
100.140331 999.141148
222.308508 998.567889
345.754907 997.256703
468.801870 996.089923
591.624557 994.222844
713.660825 992.046727
834.568986 989.579600
293.623008 174.603814
410.950164 183.455301
522.755473 192.185667
629.172989 201.025489
730.338617 209.676835
826.433457 218.223256
917.592986 226.614725
288.701373 266.391106
410.056715 273.035738
525.547213 279.772597
635.270059 286.511756
739.434439 293.177053
838.110824 299.698821
931.538120 306.235682
283.841406 364.871085
409.375042 369.103695
528.716359 373.411319
642.016717 377.804181
749.079436 382.157339
850.399328 386.395475
946.292836 390.736022
279.089001 470.742131
409.223983 472.071282
532.505421 473.626028
649.220203 475.212071
759.436403 476.939359
863.557723 478.665288
961.872882 480.567947
274.749808 584.410329
409.289363 582.417294
536.653402 580.801148
657.162132 579.331624
770.604314 577.913008
877.550607 576.845943
978.253601 575.780905
270.672815 706.440061
409.886799 700.680079
541.756783 695.378176
665.957705 690.357211
782.653894 685.563230
892.540106 681.071857
995.722578 676.790726
266.946206 837.377271
411.146946 827.359329
547.497355 817.675637
675.504087 808.682626
795.733706 799.841638
908.312755 791.589875
1014.001941 783.640813
993.230278 464.830081
1086.556855 462.993271
1185.441191 461.323450
1290.301517 459.652408
1401.244424 458.085535
1518.549107 456.596308
1642.400639 455.220447
1008.735936 553.108614
1100.110546 554.017955
1196.692673 555.032558
1298.894974 556.224209
1406.856594 557.501795
1520.870221 559.047725
1640.996132 560.766649
1023.503521 637.172060
1112.824383 640.420574
1207.157457 643.811965
1306.740755 647.444839
1411.816747 651.440053
1522.555936 655.483737
1639.055787 659.987107
1037.405961 716.922732
1124.721943 722.275406
1216.774427 727.925239
1313.883493 733.867771
1416.174075 740.047438
1523.745903 746.514499
1636.741956 753.277867
1050.587950 792.633277
1135.966070 799.922079
1225.891211 807.484119
1320.484890 815.335011
1420.036800 823.631553
1524.540547 832.219770
1634.147780 841.161073
1062.964451 864.602113
1146.477606 873.606551
1234.198064 882.901429
1326.435445 892.498526
1423.342888 902.584168
1524.980348 912.965500
1631.329713 923.742080
1074.774475 932.999912
1156.380817 943.393520
1242.027520 954.179414
1332.026472 965.452518
1426.316437 977.092197
1525.027675 989.031917
1628.311072 1001.475616
1024.026201 272.453533
1112.924252 265.444692
1206.740992 258.386295
1305.867332 251.281515
1410.363450 244.039135
1520.471624 236.779018
1636.346402 229.444783
1024.088779 364.057794
1113.171602 359.727225
1207.234806 355.320356
1306.611323 350.943730
1411.423716 346.509146
1521.778135 342.123159
1637.972566 337.831380
1024.113566 456.372245
1113.332082 454.595967
1207.526525 452.887547
1307.012554 451.222154
1411.937446 449.743572
1522.456778 448.183189
1638.827927 447.008472
1024.074409 548.884240
1113.305870 549.726679
1207.541524 550.790599
1307.029348 552.011947
1412.037672 553.303276
1522.610494 554.839585
1639.075216 556.544154
1024.007463 641.484056
1113.145064 645.014104
1207.327276 648.755002
1306.756222 652.706003
1411.682657 657.048352
1522.264542 661.508288
1638.600868 666.397380
1023.752741 734.012721
1112.673539 740.213963
1206.784947 746.747965
1306.045625 753.457803
1410.879716 760.648359
1521.355307 768.082762
1637.517732 775.957644
1023.395390 826.216911
1112.217765 834.917867
1206.078949 844.092489
1305.191728 853.764087
1409.687954 863.768846
1519.839038 874.183700
1635.732871 885.089688
1083.349282 170.464353
1165.199350 161.913481
1251.083587 153.227907
1341.202772 144.469371
1435.583307 135.548358
1534.522975 126.620232
1637.978251 117.588366
1071.592834 239.548040
1155.302714 232.579341
1243.305361 225.446212
1335.704061 218.269095
1432.779564 211.030677
1534.508107 203.762526
1641.035375 196.519685
1059.195755 312.547899
1144.792836 307.253694
1234.919007 301.913467
1329.786691 296.539411
1429.442255 291.221941
1534.099532 285.762922
1643.914991 280.556190
1046.062862 389.470246
1133.653150 386.097685
1225.956024 382.860183
1323.197777 379.512126
1425.649013 376.252951
1533.347496 373.113684
1646.498219 369.998290
1032.226944 470.651442
1121.750958 469.472012
1216.159825 468.484876
1316.033693 467.438705
1421.236972 466.666385
1532.098369 465.894742
1648.707175 465.414555
1017.529532 556.229278
1108.847826 557.550549
1205.684252 559.101978
1308.011809 560.732871
1416.166507 562.645785
1530.233213 564.667941
1650.501348 567.015595
1001.871612 646.391135
1095.310913 650.423744
1194.396091 654.712759
1299.363861 659.378399
1410.345767 664.311934
1527.807557 669.578401
1651.708755 675.128287
1127.543988 267.263797
1212.370707 261.157603
1301.373439 254.995890
1394.750507 248.851044
1492.549950 242.643811
1595.082692 236.425657
1702.295067 230.255566
1116.521449 340.709003
1203.230218 336.358654
1294.466169 331.948232
1390.224909 327.637685
1490.847777 323.323117
1596.300506 319.005649
1706.713938 314.820769
1104.767464 418.222950
1193.490465 415.760924
1286.944731 413.371192
1385.328069 411.071795
1488.607331 408.936945
1597.098888 406.716877
1710.921058 404.821997
1092.382811 499.820948
1183.151079 499.514357
1278.866602 499.481219
1379.687013 499.505571
1485.868371 499.658960
1597.537715 500.033222
1714.870349 500.516619
1079.248904 585.817064
1172.067506 587.962516
1269.971088 590.457263
1373.534361 593.034526
1482.545850 595.960081
1597.550790 599.001141
1718.367490 602.467981
1065.229747 676.344289
1159.914918 681.332594
1260.356494 686.617069
1366.451429 692.110815
1478.583298 698.047390
1596.913066 704.227166
1721.474437 710.829291
1050.315314 771.555059
1147.178265 779.537498
1249.911069 787.946129
1358.774868 796.791188
1473.909296 806.049694
1595.651666 815.850526
1724.063522 825.941614
1149.982748 378.933990
1253.842244 377.247637
1360.361313 375.935417
1469.412986 374.815289
1580.730356 373.900703
1694.210951 373.173596
1809.573586 372.738694
1149.944390 479.749352
1253.833475 479.630838
1360.556059 479.674319
1469.712018 479.932000
1581.153948 480.338452
1694.815518 480.892700
1810.195034 481.650455
1149.672914 580.980129
1253.571749 582.331948
1360.298691 583.810806
1469.467560 585.362192
1580.950623 587.158412
1694.566567 588.883574
1810.024541 590.917004
1149.185626 682.115784
1253.044364 684.892237
1359.578563 687.836552
1468.715471 690.871680
1580.159329 693.905701
1693.613926 696.991000
1809.012825 700.093621
1148.538569 782.959228
1252.178825 787.265392
1358.553243 791.625621
1467.533470 795.992091
1578.733838 800.444598
1692.079405 804.784148
1807.216883 809.218995
1147.657813 883.368545
1250.999488 889.210087
1357.105001 895.001582
1465.736202 900.782426
1576.712928 906.525536
1689.836968 912.143128
1804.766511 917.759879
1146.631527 983.065624
1249.571364 990.315660
1355.326896 997.486798
1463.698235 1004.753938
1574.261916 1011.782225
1686.850695 1018.525910
1801.589565 1025.598312
1032.854497 268.288769
1130.133520 260.371508
1233.314437 252.397222
1342.749445 244.257928
1458.604961 236.055431
1581.089030 227.771630
1710.364489 219.399020
1048.031085 363.717773
1143.320451 359.020524
1244.155709 354.190804
1350.938535 349.385538
1463.745975 344.520811
1582.900354 339.743880
1708.386395 334.966147
1062.460843 454.965123
1155.691739 452.988311
1254.201900 451.008688
1358.325277 449.101932
1468.146319 447.400818
1583.939021 445.593985
1705.786229 444.061601
1075.989211 541.760489
1167.185503 542.239230
1263.385312 542.916151
1364.913755 543.777342
1471.885585 544.705108
1584.360970 545.782526
1702.638125 547.019899
1088.815653 624.337117
1178.020998 627.135639
1271.994162 630.080136
1370.885426 633.238545
1475.040240 636.676843
1584.367562 640.319340
1699.112761 644.205936
1100.807720 702.976069
1188.006178 707.854454
1279.733716 712.886991
1376.172504 718.131750
1477.527273 723.746265
1583.939390 729.555575
1695.270856 735.684234
1112.172701 777.761988
1197.424144 784.315088
1286.988637 791.183378
1381.095172 798.471136
1479.673878 805.988795
1583.030844 813.749498
1691.136245 821.920134
1137.086979 96.023048
1243.140951 89.928738
1352.016599 84.304530
1463.597821 79.048441
1577.573447 74.200551
1693.856068 69.664422
1812.026605 65.688016
1138.727228 199.653059
1244.344739 195.198205
1352.861179 191.032769
1464.008476 187.247645
1577.478759 183.825132
1693.193703 180.712401
1810.759375 177.973889
1140.159518 302.872533
1245.272028 299.964011
1353.292221 297.322686
1463.840685 294.940822
1576.679755 292.951590
1691.715077 291.055748
1808.698370 289.630087
1141.403425 405.204587
1245.862692 403.815428
1353.162244 402.712297
1463.059336 401.828915
1575.221947 401.067883
1689.548940 400.559627
1805.729479 400.239052
1142.464138 506.502725
1246.255631 506.677130
1352.809687 506.962224
1461.861504 507.391202
1573.233537 508.092788
1686.737262 508.866353
1802.010194 509.781698
1143.207654 606.575600
1246.165113 608.223735
1351.898512 609.901070
1460.047855 611.744960
1570.567845 613.751742
1683.210781 615.721815
1797.638146 617.838416
1143.726000 705.136466
1245.838152 708.070435
1350.634976 711.111268
1457.949458 714.368362
1567.474905 717.584248
1678.992283 720.778933
1792.417718 724.095912
