-32.78456797915947 -13.99965666221054 83.13519294639620
-30.03642999040472 -23.83804582153035 88.54340364815367
-25.85303323312348 -31.36794222149449 96.22711981232911
-6.68024503815687 -17.34597627858860 64.04811060120007
-8.25423484712033 -23.88995437769208 68.25585057899320
-11.37987211088687 -31.24308123983548 76.27973737882981
-32.06963058618341 -20.87048102844250 79.37680207865134
-19.88979413932150 -13.56105293112071 64.61417163233388
-20.74899366232476 -32.39472853387601 77.49724357083207
-8.79841770508427 -20.63579326348504 62.44964831114437
-27.88765117605362 -26.34978302379438 91.30305622658096
-25.20816478656162 -14.46081390614203 72.22728760554050
-22.62619544671882 -30.33568920965159 88.43731114383556
-10.73605545289423 -26.14534051519275 71.14340000295429
-47.90781975908418 -32.81964277766053 83.50271471208158
-36.61751595536253 -13.72482820466560 62.96976444502581
-39.76427841467628 -26.49505025834705 71.02575999378396
-41.92147154027950 -30.92942502404999 76.53738931003488
-43.38207503827174 -14.81321567259478 64.03080219694341
-35.88552842586540 -21.68882157782946 63.81012360493185
-46.37421829020015 -30.57461215988431 63.46513921882308
-37.28477666150240 -23.83872136649294 57.14252712321657
-47.76716230307665 -19.20988895335082 69.19368069307413
-46.41574267686615 -25.54452816110989 76.23340702192648
-40.43629906707198 -23.71267203542503 69.26852769146261
-3.35550098011468 -13.58061574908485 85.23010016468720
0.66485430300728 -25.98723436289873 92.91686164335789
3.51410811998182 -30.37349797552324 98.34244348893189
1.22821540398478 -9.81211884384142 76.71699172373776
6.40394786585993 -32.42324126137969 95.64662615269236
5.32176084286790 -27.42875429937937 102.72422380014909
6.29942771684617 -22.85430748393391 96.51473391361964
5.91844929565695 -15.54830432800451 81.78589620717797
-1.09273221251585 -25.18409507624499 82.37722505542246
1.26184295315479 -25.16420556869133 78.59140802186290
7.19386365408212 -31.73190451680103 75.56089776218907
