-1.90371363325014 -1.77725632797718 0.11043797904633 
-1.96914998018639 -1.97634277417994 0.43137083066583 
-1.99929760667668 -2.15737222294702 0.78058146363106 
2.03746890099014 2.12931399511155 0.64961536692498 
2.00547214482639 2.01165556922979 0.41362129011335 
1.93059248283954 1.81797414943189 0.08885139814558 
-1.97405264779690 -1.91116698515374 0.11540955640785 
-1.99527223442143 -2.03302627638908 -0.52508189681368 
2.08471466463518 2.07584947012526 -0.12220723456742 
2.03775792689759 2.12921041666660 0.64989006765146 
-1.99424902064219 -2.09915437521737 0.66199121874414 
-2.05800248085393 -2.03575808261984 -0.09674041321263 
2.01257209259704 2.07727095341816 -0.55303974142488 
1.95898804488538 1.88447391338796 0.19342351785418 
1.95474999999239 1.88661009136140 -0.21786857629528 
2.04626200128990 2.18328689448058 0.77203134936062 
1.98297446300272 1.94921600138138 0.30141393347624 
1.92992885963052 1.81801286425407 0.08903266156164 
-2.00891647021219 -2.09340169634896 -0.63970490579556 
2.03689357481443 2.12883792991883 0.65016382640370 
2.16092028714048 2.18785291703446 0.32805769283282 
-2.01775253276983 -2.14941365294873 -0.76077781535929 
2.13320476332601 2.13269830417329 -0.01338709524729 
1.95475158090922 1.88660871382136 -0.21823200255340 
1.92855642429140 1.81905788671636 -0.11351321133452 
-1.90410455798294 -1.77787185870677 0.11008159989197 
-1.98342800161716 -2.03963463126111 0.54494657667063 
-1.99889406290874 -2.15777487757207 0.77996258324187 
-1.93373850965606 -1.84383540417658 -0.19329971226652 
2.02316765867393 2.13625866945525 -0.66977703350701 
2.03225122219415 2.24718785127765 -0.91722039198811 
2.03026653785068 2.19419394757399 -0.79230341949526 
-2.08992096471923 -2.09804687050405 0.22876241568628 
-1.90765254458587 -1.77652211581809 -0.09071430697587 
-1.94362559273864 -1.84500264376505 0.00896203918600 
-2.05609756135681 -2.03676223166042 0.11740246914750
