504.965050 401.766513
584.573194 397.687903
669.402908 393.535883
760.199972 389.048945
857.305581 384.288077
961.728050 379.096334
1074.124290 373.489066
527.132463 496.805832
605.773446 495.940879
689.400681 495.050704
778.744103 494.102912
874.227978 492.926351
976.737066 491.807675
1086.853109 490.624332
548.491143 588.136799
626.074399 590.012570
708.596144 592.094050
796.494878 594.263370
890.463213 596.672173
991.032926 599.104527
1098.939564 601.840587
568.942912 675.662591
645.575062 680.181255
726.910477 685.051483
813.514075 690.296276
905.940629 695.707779
1004.703977 701.535502
1110.423677 707.791283
588.653626 759.833213
664.333426 766.795566
744.610409 774.167185
829.891523 781.975853
920.766232 790.332856
1017.762156 799.217329
1121.408741 808.747936
607.557393 840.876559
682.281382 850.045103
761.464004 859.738603
845.443079 869.976568
934.895644 880.939380
1030.206908 892.639708
1131.883393 905.122659
625.785172 918.808446
699.567150 929.939303
777.596121 941.747160
860.467387 954.328869
948.462640 967.684363
1042.091818 981.871576
1141.907140 997.080599
555.450341 256.784769
632.980795 248.581685
715.394775 240.006821
803.259009 230.858057
897.023187 221.056775
997.569695 210.576210
1105.313020 199.306788
555.678563 351.923983
633.160238 346.775669
715.481585 341.270988
803.254365 335.491304
896.981562 329.186625
997.376911 322.521287
1105.002984 315.402808
555.921682 447.143468
633.329243 444.837367
715.602179 442.487887
803.286489 439.917250
896.963881 437.222722
997.195190 434.249700
1104.717023 431.193876
556.146936 542.049549
633.497292 542.640271
715.681654 543.425676
803.315280 544.233139
896.898675 544.983490
997.013830 545.880211
1104.372876 546.758962
556.430667 636.847767
633.703549 640.358493
715.838696 644.199418
803.413817 648.215374
896.821168 652.582167
996.865358 657.147174
1104.053802 662.158607
556.648540 731.490669
633.790331 737.916836
716.001290 744.813193
803.349937 752.150025
896.740148 760.011264
996.697685 768.322858
1103.716633 777.305412
556.903488 825.973243
634.042331 835.245509
716.083736 845.185270
803.475139 855.818010
896.685510 867.123543
996.552658 879.207638
1103.443406 892.237395
631.892935 159.779667
706.385257 149.505021
785.205229 138.726719
868.903390 127.341046
957.841270 115.115712
1052.749132 102.121016
1153.801956 88.337027
614.038180 239.313137
689.347335 231.288255
769.117614 222.749745
853.887666 213.712660
944.243849 204.013451
1040.559264 193.784335
1143.375765 182.848572
595.497505 321.895485
671.697668 316.085095
752.471194 310.018009
838.416385 303.530638
930.030726 296.660704
1027.837515 289.232190
1132.523148 281.454037
576.347668 407.376618
653.370217 404.037655
735.165821 400.661865
822.235928 397.002775
915.209800 393.055653
1014.647191 388.920889
1121.141778 384.387028
556.534298 496.164269
634.384344 495.516188
717.099507 495.010624
805.506908 494.272579
899.760594 493.603066
1000.857042 492.808675
1109.157678 492.121022
535.867983 588.302048
614.470968 590.551939
698.447152 593.102743
787.885800 595.675653
883.655332 598.602904
986.356920 601.569640
1096.652948 604.809272
514.415579 683.961423
594.035044 689.347658
678.995248 695.141690
769.728508 701.434541
866.808225 708.092129
971.305477 715.201902
1083.559635 722.896683
916.473285 307.059862
1026.890433 314.599798
1130.141457 321.645072
1227.026499 328.367928
1318.053577 334.707767
1403.831772 340.512906
1484.657712 346.163919
906.924954 427.135475
1015.817263 430.626821
1117.746519 434.012174
1213.459997 437.126235
1303.441341 440.105245
1388.323351 442.880333
1468.362323 445.508781
897.829868 543.073661
1005.058300 542.879811
1105.696435 542.636793
1200.233535 542.509192
1289.268645 542.386193
1373.285284 542.088919
1452.602069 542.031508
888.898466 655.112790
994.741558 651.332994
1093.972164 647.818195
1187.438429 644.568288
1275.480548 641.499245
1358.609774 638.509778
1437.251359 635.813705
880.352029 763.293729
984.688608 756.273882
1082.678329 749.698397
1174.930651 743.585630
1262.150391 737.682301
1344.386514 732.211974
1422.294724 726.918483
872.102120 868.051621
974.996597 857.997162
1071.687541 848.548409
1162.973653 839.627153
1249.156236 831.103939
1330.664826 823.139596
1407.874566 815.618941
864.075911 969.356685
965.433306 956.435218
1061.091315 944.204174
1151.288114 932.806791
1236.572244 921.860243
1317.223308 911.523338
1393.741369 901.861555
896.433036 193.639577
1002.911793 204.624492
1102.772098 214.856280
1196.698883 224.643826
1285.190035 233.861068
1368.745102 242.441030
1447.656848 250.611619
895.892442 309.637687
1002.324325 316.922089
1102.155273 323.801490
1196.031990 330.278733
1284.464222 336.402831
1367.934445 342.146842
1446.787881 347.596501
895.427805 425.465874
1001.691314 429.104391
1101.479319 432.499842
1195.310652 435.803167
1283.709071 438.878772
1367.126379 441.638664
1445.991003 444.441118
894.887868 541.138021
1001.159534 541.085631
1100.824100 541.086189
1194.609253 541.112879
1282.947941 541.166166
1366.307676 541.129678
1445.175810 541.214088
894.365487 656.577874
1000.507679 652.876984
1100.096944 649.496957
1193.785978 646.346976
1282.190429 643.280924
1365.497799 640.497242
1444.247767 637.752303
893.907836 771.893691
999.945471 764.628637
1099.430647 757.884089
1193.122470 751.502446
1281.366250 745.364044
1364.756787 739.640648
1443.501910 734.307858
893.379206 886.995197
999.245761 876.153551
1098.822871 865.885549
1192.417883 856.401134
1280.658330 847.258250
1363.915724 838.708383
1442.661136 830.745666
857.569697 86.700442
956.724874 99.935168
1050.185770 112.292368
1138.585339 124.176629
1222.192135 135.391978
1301.550321 145.966833
1376.839506 156.065880
868.068200 180.475389
969.008848 191.175416
1064.174722 201.267248
1153.936787 210.809920
1238.801868 219.894379
1319.098786 228.467600
1395.244248 236.519257
879.041786 278.518938
981.838845 286.480898
1078.639268 293.976180
1169.889011 301.133480
1255.962277 307.889850
1337.343642 314.120053
1414.519258 320.193297
890.543691 381.137072
995.354020 386.041212
1093.799593 390.708839
1186.425612 395.098135
1273.761035 399.327426
1356.301800 403.265542
1434.435199 407.026151
902.585860 488.542267
1009.327485 490.127179
1109.435888 491.756404
1203.592399 493.315793
1292.376888 494.626793
1376.038988 496.014727
1455.102024 497.256315
915.306656 601.154950
1024.007055 599.192130
1126.000472 597.448862
1221.666872 595.771046
1311.729878 594.140826
1396.647484 592.603413
1476.740859 591.224206
928.502184 719.321952
1039.298189 713.463382
1143.260260 707.856751
1240.562187 702.808626
1331.982035 697.883003
1417.990144 693.290404
1499.097625 689.039674
493.942970 279.038297
584.107765 272.765560
678.985085 266.339740
779.161705 259.514237
884.810970 252.251323
996.747812 244.570704
1115.292580 236.410971
507.977871 382.973085
597.112662 379.597842
690.784242 376.031173
789.528806 372.294985
893.668667 368.196385
1003.875859 363.945121
1120.424876 359.466682
521.717259 483.963479
609.705193 483.093219
702.204832 482.231047
799.572394 481.250300
902.298070 480.256982
1010.740798 479.110763
1125.393630 478.021744
534.944668 581.743223
621.886367 583.314230
713.200472 585.023946
809.300290 586.781022
910.561848 588.543618
1017.365264 590.453526
1130.137678 592.440761
547.828185 676.586997
633.754238 680.477923
723.963129 684.538969
818.720502 688.740916
918.563707 693.268639
1023.764152 697.935951
1134.718145 702.881789
560.293634 768.699236
645.203242 774.695422
734.334403 781.067070
827.832928 787.665756
926.287564 794.636748
1029.938730 801.886165
1139.140919 809.618980
572.471213 858.123017
656.376345 866.062851
744.350159 874.507309
836.752487 883.405819
933.787303 892.674712
1035.921593 902.401242
1143.482337 912.713368
662.163035 375.510223
785.246495 376.667889
906.546012 377.875409
1026.340971 379.120769
1144.343920 380.361837
1260.673630 381.430274
1375.344430 382.583080
668.126459 487.253186
786.940633 487.674258
903.999102 488.129560
1019.599198 488.520558
1133.494169 488.860650
1245.952521 489.207579
1356.763485 489.665825
673.872724 591.480614
788.481715 591.169978
901.621599 590.817849
1013.258804 590.486020
1123.490742 590.249819
1232.234259 589.802135
1339.467879 589.540476
679.124697 688.686015
789.964688 687.762785
899.330704 686.784690
1007.396553 685.933109
1114.077969 684.995808
1219.346684 684.003276
1323.253434 683.138761
684.126599 779.551818
791.390710 778.122490
897.292781 776.614701
1001.859073 775.181229
1105.282801 773.737092
1207.276115 772.376853
1308.037824 770.930944
688.785126 864.914855
792.762172 862.955456
895.314729 861.007739
996.787059 859.092994
1096.958785 857.149396
1196.012359 855.296156
1293.822121 853.483834
693.188611 945.108304
793.871010 942.657723
893.496489 940.239708
991.927348 938.001128
1089.161684 935.659073
1185.360650 933.336279
1280.390616 931.217486
686.128822 68.506034
794.535787 71.833997
901.555072 75.039128
1007.338728 78.305741
1111.785124 81.492411
1215.029256 84.671067
1316.990229 87.864203
683.396968 167.217174
793.471132 169.981880
902.135797 172.651777
1009.579929 175.354669
1115.627973 177.993885
1220.371008 180.658658
1323.741780 183.280687
680.545055 269.183590
792.347977 271.287727
902.731457 273.389903
1011.865012 275.476663
1119.550501 277.546963
1225.806756 279.549688
1330.758019 281.651422
677.594342 374.377594
791.253361 375.786379
903.400796 377.262955
1014.174756 378.689901
1123.523483 380.138306
1231.409280 381.595663
1337.939617 383.014242
674.601116 483.068221
790.095603 483.749894
903.974438 484.577579
1016.551855 485.309882
1127.654273 486.035245
1237.206651 486.818804
1345.280664 487.580276
671.525821 595.334453
788.791592 595.347271
904.729011 595.411597
1019.039924 595.421921
1131.874976 595.458622
1243.236927 595.486573
1353.025741 595.554133
668.289862 711.440387
787.537763 710.605006
905.414628 709.826247
1021.669405 709.132668
1136.292863 708.398960
1249.322723 707.672748
1360.874627 706.995985
871.385511 233.382263
985.894911 243.592978
1092.848935 253.093623
1193.029607 262.104096
1287.081602 270.600231
1375.496770 278.426789
1458.770813 285.914208
862.426529 357.656429
975.269865 363.539902
1080.782459 369.136897
1179.729122 374.287429
1272.625665 379.230091
1360.106034 383.780959
1442.537261 388.148650
853.896213 477.562152
964.985136 479.449328
1069.066832 481.173119
1166.749858 482.909861
1258.626896 484.534370
1345.190034 485.906182
1426.861750 487.357650
845.538475 593.285314
955.124213 591.378471
1057.754880 589.619209
1154.248165 588.039044
1245.046402 586.557874
1330.665911 585.051845
1411.578463 583.750842
837.534528 704.986629
945.482305 699.621028
1046.803180 694.568096
1142.009646 689.938474
1231.900602 685.477707
1316.566758 681.336204
1396.719657 677.331845
829.873851 813.041309
936.269894 804.466790
1036.142345 796.380337
1130.326875 788.790895
1219.111325 781.532597
1303.032078 774.773551
1382.388721 768.381845
822.430863 917.474087
927.204977 905.808116
1025.929748 894.810386
1118.913581 884.589963
1206.758912 874.736714
1289.722655 865.501335
1368.380018 856.863290
588.082430 221.188118
665.130402 212.140743
746.858363 202.620605
833.921678 192.516102
926.765569 181.636606
1026.153842 170.090900
1132.438390 157.706043
575.075366 309.804036
652.653869 303.454626
735.068240 296.639711
822.890981 289.470214
916.691377 281.693479
1017.082934 273.490884
1124.619846 264.720398
561.718831 400.794526
639.887803 397.090140
723.005701 393.242996
811.615044 389.080593
906.343494 384.698226
1007.754743 379.873664
1116.630063 374.919721
548.030014 493.982024
626.783356 493.139926
710.584860 492.369225
799.993063 491.521869
895.657074 490.531685
998.191952 489.570589
1108.330170 488.436183
534.053069 589.561614
613.365809 591.716585
697.808352 594.175810
788.136195 596.687373
884.642510 599.485350
988.345099 602.340207
1099.733791 605.564180
519.626671 687.582156
599.433070 692.925492
684.789082 698.792447
775.738709 704.942938
873.285705 711.683114
978.121355 718.736147
1090.841484 726.387991
504.886734 788.115884
585.369064 796.841782
671.303847 806.219496
763.255090 816.285512
861.645139 827.057589
967.727208 838.591243
1081.749253 851.104799
588.046894 378.113230
698.181755 376.705991
810.578399 375.361326
925.666989 373.918901
1043.273495 372.476187
1163.511283 370.993938
1286.329037 369.426931
597.077720 488.689998
705.398901 488.514675
815.930426 488.411829
928.930741 488.236499
1044.356691 487.934571
1162.390349 487.744018
1282.868798 487.552828
605.925362 595.545814
712.426738 596.428369
821.060649 597.342760
932.074927 598.305761
1045.508910 599.228298
1161.356339 600.169931
1279.618002 601.226371
614.427470 698.617299
719.231517 700.514038
825.983375 702.525763
935.123681 704.575380
1046.558103 706.557117
1160.298522 708.621343
1276.413312 710.757908
622.704013 798.264102
725.788355 801.118129
830.848521 804.083145
938.082007 807.056632
1047.577723 810.133079
1159.312443 813.284226
1273.284800 816.454882
630.664706 894.728313
732.092749 898.475895
835.440087 902.305025
940.900519 906.222514
1048.541572 910.242648
1158.400123 914.351292
1270.360299 918.534771
638.394805 987.991804
738.184747 992.533992
839.933189 997.152271
943.727418 1002.028653
1049.479297 1006.916170
1157.414737 1011.873923
1267.491129 1017.031576
674.948923 142.520688
769.567478 139.348542
865.811221 136.082736
963.994427 132.883924
1064.008907 129.523225
1166.071042 126.104996
1269.932071 122.683488
661.684779 221.822650
758.817419 219.316960
857.769834 216.714542
958.741004 214.150084
1061.762595 211.487672
1166.704088 208.820407
1273.641076 206.133744
647.552368 305.806041
747.437919 303.999820
849.225851 302.213222
953.198472 300.380422
1059.242149 298.548195
1167.338828 296.590589
1277.647540 294.796476
632.616585 394.816909
735.444012 393.823458
840.265343 392.928658
947.260221 391.912595
1056.530519 390.949698
1168.037212 390.026742
1281.828729 389.054712
616.818420 489.425765
722.645108 489.353250
830.535355 489.479606
941.000640 489.434454
1053.639502 489.432070
1168.767161 489.492625
1286.239016 489.602432
599.990081 590.052203
708.895736 591.096952
820.434819 592.282162
934.224755 593.395257
1050.557433 594.599399
1169.581867 595.776529
1291.106462 597.032741
581.984585 697.307951
694.469399 699.570198
809.453377 701.959198
927.085681 704.417062
1047.262488 706.870536
1170.398758 709.411867
1296.179548 712.026575
859.541293 157.179844
964.717829 169.056450
1063.506828 180.137339
1156.566427 190.716907
1244.346859 200.671934
1327.386889 210.034168
1405.945507 218.978546
866.873200 263.882099
973.357979 272.542837
1073.403549 280.724571
1167.461784 288.407149
1256.123083 295.710247
1339.836896 302.626770
1419.004961 309.115038
874.457663 373.900044
982.272089 379.227206
1083.483414 384.214204
1178.625255 388.985632
1268.177851 393.473059
1352.647706 397.587058
1432.547434 401.654564
882.249743 487.500104
991.576784 489.180244
1093.920269 490.815019
1190.076586 492.362550
1280.536394 493.885676
1365.811119 495.216873
1446.359393 496.605985
890.327501 604.677888
1000.991437 602.510172
1104.547403 600.660772
1201.768028 598.903560
1293.250338 597.134396
1379.337323 595.619148
1460.478969 594.067026
898.729909 725.687718
1010.799100 719.577301
1115.660411 713.926320
1213.952223 708.611487
1306.311083 703.471556
1393.290712 698.729228
1475.195102 694.285359
907.290463 850.768929
1020.786227 840.382661
1127.088165 830.530082
1226.497061 821.554080
1319.814169 812.899996
1407.507208 804.821959
1490.149800 797.306635
252.883074 86.591319
359.733767 92.869099
463.640011 98.860306
564.917371 104.875910
663.689692 110.622401
760.056873 116.233452
853.908453 121.760789
239.849616 167.307851
349.889082 172.604408
456.933661 177.777884
561.191936 182.884268
662.778511 187.780973
761.678541 192.611020
857.994255 197.243340
226.009935 252.901326
339.427457 257.185091
449.756752 261.389724
557.240002 265.458986
661.685682 269.419204
763.336444 273.198119
862.367908 277.000088
211.198495 343.856159
328.419818 346.923133
442.261909 349.971641
552.911109 352.840493
660.482429 355.752927
765.119720 358.543994
866.961425 361.296590
195.527837 440.699795
316.626635 442.387636
434.069333 444.190595
548.322603 445.833443
659.234596 447.419054
767.005782 449.023625
871.754996 450.563878
178.828028 543.944681
303.967130 544.145447
425.619706 544.479820
543.467698 544.694439
657.939751 544.904014
769.082140 545.089623
876.974520 545.301103
160.933089 654.222628
290.606756 652.785308
416.537638 651.278967
538.387707 649.916793
656.550281 648.521196
771.154833 647.227758
882.353826 645.941395
295.704750 375.475858
427.612896 380.809349
550.914447 385.696227
666.505069 390.415860
775.094625 394.874271
877.317293 398.907228
973.763973 402.790287
297.708872 492.258779
426.350497 493.625622
546.730416 494.993149
659.750991 496.195256
766.071123 497.372881
866.348077 498.382597
960.987667 499.430995
299.841985 603.195464
425.124560 601.065022
542.719667 598.989168
653.334679 597.111681
757.508104 595.340502
855.845736 593.554981
948.798873 591.964569
301.683571 708.782672
424.085124 703.377067
538.887478 698.277680
647.147208 693.565829
749.263788 689.098906
845.720757 684.777624
937.071338 680.809407
303.565254 809.196445
422.946244 800.986794
535.321050 793.127531
641.193856 785.827858
741.427248 778.829229
836.025632 772.336124
925.763836 766.044377
305.316824 905.173065
422.011518 894.287851
531.818056 883.955432
635.663650 874.246097
733.827936 864.947699
826.815448 856.227999
915.026844 847.990529
307.026768 996.711541
420.895682 983.409392
528.535896 970.726337
630.223395 958.868109
726.573193 947.552458
817.833152 936.837316
904.604288 926.764460
305.779009 154.837794
427.276728 166.855137
541.407476 178.005163
649.002124 188.692306
750.511595 198.748373
846.480828 208.174243
937.357329 217.146976
305.043502 264.675179
427.464531 273.334255
542.429932 281.474023
650.665153 289.138395
752.780588 296.408424
849.264304 303.230371
940.588069 309.701072
304.367471 376.117890
427.573621 381.386496
543.339404 386.304966
652.332399 391.026257
755.039454 395.408665
852.063334 399.476711
943.905771 403.408172
303.571212 489.346291
427.794633 491.011525
544.309079 492.618684
653.967738 494.171592
757.312202 495.676321
854.878007 496.980695
947.226540 498.323166
302.868592 604.121375
427.930068 602.203202
545.213702 600.458239
655.573734 598.840841
759.613730 597.229532
857.722867 595.819807
950.524538 594.380901
302.183212 720.747487
428.101485 715.146211
546.235093 709.874908
657.378149 704.953461
761.962251 700.235684
860.685018 695.863039
953.992029 691.697540
301.481200 839.088161
428.258841 829.705633
547.322997 820.704150
659.088372 812.467300
764.416746 804.560558
863.566743 797.172689
957.388557 790.223359
312.254287 93.852623
426.882481 106.947275
534.909925 119.140658
637.130705 130.879805
733.842523 141.938916
825.566108 152.350341
912.625382 162.277240
310.801321 187.466862
427.853088 197.989850
538.176401 207.925380
642.299096 217.314945
740.758646 226.220830
833.980833 234.634393
922.394903 242.609042
309.219732 285.228385
428.816551 293.069440
541.417591 300.413069
647.691814 307.384177
747.908767 313.971332
842.731291 320.090426
932.635612 326.021018
307.477734 387.598252
429.931531 392.380916
544.904617 396.878509
653.190866 401.128728
755.310040 405.240458
851.820387 409.041923
943.253944 412.675973
305.744854 494.747807
430.955733 496.240999
548.371711 497.714345
658.893012 499.100154
763.032252 500.352210
861.266732 501.608625
954.150376 502.733942
304.028700 607.069540
432.050153 604.988286
552.214095 603.117806
664.988236 601.327499
771.098819 599.557213
871.217616 597.976336
965.679269 596.454867
302.108595 724.926472
433.200530 718.938720
556.170029 713.192247
671.333023 708.026620
779.535061 703.055328
881.374887 698.395586
977.517495 694.013128
175.865467 350.283636
306.723655 353.342759
433.334118 356.320985
556.121535 359.237005
675.073143 362.086482
790.347801 364.741318
902.216221 367.343035
193.631748 462.967161
319.846601 464.229154
442.032540 465.505623
560.513056 466.616584
675.431784 467.698760
787.039394 468.734211
895.338585 469.794266
210.485503 568.167883
332.050513 567.778443
450.055213 567.371014
564.616744 566.955006
675.858501 566.609139
783.933890 566.149725
888.929494 565.813020
226.044163 666.464924
343.579468 664.603123
457.530469 662.789231
568.427069 661.096630
676.232815 659.395869
780.957292 657.686489
882.862236 656.141570
240.744390 758.386674
354.326929 755.399134
464.714381 752.339818
571.992558 749.453342
676.610299 746.573208
778.162824 743.912901
877.137778 741.204205
254.500593 844.859528
364.458397 840.753745
471.325969 836.669296
575.489097 832.737997
676.893884 828.831919
775.649568 825.078421
871.849357 821.464268
267.506344 926.122404
373.945415 921.010481
477.672821 915.982857
578.713722 911.175912
677.225102 906.397611
773.147928 901.733515
866.773182 897.295123
318.250335 218.279089
448.839542 228.915021
570.955472 238.714084
685.450855 248.057837
793.096254 256.862096
894.389647 264.976761
989.985746 272.716331
319.162879 340.296103
447.601546 346.717368
567.768964 352.800948
680.518836 358.427482
786.560586 363.760481
886.578008 368.700932
980.931722 373.442119
320.249876 458.159397
446.326657 460.732669
564.562886 463.053995
675.676460 465.323459
780.272828 467.448692
878.978194 469.316126
972.175530 471.213643
321.165788 572.028484
445.201497 570.897760
561.468998 569.828194
670.996087 568.896313
774.151014 567.994881
871.518421 567.023796
963.633395 566.290824
322.113923 681.933282
444.017394 677.459859
558.542592 673.204476
666.359705 669.300305
768.205164 665.509538
864.270586 662.012550
955.255513 658.621313
323.047689 788.395741
442.959341 780.760699
555.667879 773.509522
662.038819 766.745666
762.443580 760.250457
857.362926 754.220294
947.257516 748.468376
323.921208 891.347705
441.800602 880.724903
552.979063 870.606941
657.771948 861.264911
756.861563 852.259021
850.495212 843.795730
939.404814 835.846063
91.361905 24.399344
229.286941 33.892642
360.690065 41.699772
489.269193 50.407830
613.238712 58.234247
733.481340 65.882415
849.737025 73.153326
97.752087 153.303298
233.090829 159.749614
364.013785 166.127357
490.786716 172.241465
613.642320 178.146291
732.699886 183.871872
848.021067 189.481853
103.736792 279.235589
237.465517 283.628437
367.025553 287.904490
492.623326 292.065062
614.269394 296.079425
732.152400 299.880835
846.424882 303.666722
109.300787 402.682387
241.866950 405.017686
370.030272 407.313038
494.320081 409.538951
614.797233 411.709901
731.528349 413.741406
844.823169 415.817697
114.971309 523.582166
246.056436 524.033673
373.011130 524.455742
495.978354 524.853899
615.337704 525.173565
730.959986 525.597364
843.170347 525.914189
120.568139 642.234720
250.242376 640.773279
375.904477 639.398248
497.695820 638.036934
615.868862 636.604784
730.487113 635.300333
841.664114 634.063905
126.110356 758.469583
254.354076 755.182469
378.790882 751.960536
499.369092 748.978240
616.409009 745.911405
729.926434 742.991543
840.103169 740.285583
136.031051 207.944959
284.043749 216.850608
424.113551 225.280691
557.148545 233.340221
683.374970 241.042501
803.314452 248.185352
917.546905 255.049270
150.944137 337.088551
293.336432 342.343382
428.296128 347.418524
556.491157 352.057708
678.417990 356.517961
794.570113 360.711408
905.264316 364.760648
165.113716 457.065496
301.950622 459.103853
432.066627 460.959811
555.882130 462.756735
673.857116 464.477449
786.399676 466.025529
893.794063 467.527665
178.127997 568.669099
310.096050 567.838329
435.518580 567.025171
555.311415 566.303929
669.573232 565.584420
778.659137 564.772312
883.018186 564.180240
190.338540 672.561373
317.609837 669.407799
438.959660 666.210991
554.676609 663.273749
665.574136 660.384810
771.363236 657.712271
872.813604 655.078520
201.830171 769.883496
324.730165 764.531069
441.995745 759.350806
554.264307 754.428105
661.703518 749.619149
764.654006 745.136872
863.302370 740.859233
212.615082 860.985497
331.283619 853.721682
444.974462 846.733129
553.779804 840.162337
658.152136 833.740970
758.156330 827.582628
854.235574 821.797767
116.758556 278.286797
241.187408 280.515465
363.675346 282.672769
484.634688 284.961839
603.930561 287.100910
721.648891 289.208448
837.664273 291.328999
110.321484 394.929050
235.845607 396.331312
359.433902 397.779674
481.376423 399.247835
601.715466 400.603784
720.324085 401.972599
837.207627 403.334139
103.904165 513.565981
230.380284 514.153889
355.067989 514.796143
478.146776 515.419588
599.393818 515.973023
718.911761 516.467116
836.770530 517.097525
97.260645 634.205295
225.059387 633.893898
350.781024 633.637987
474.764738 633.419244
596.996935 633.138793
717.500249 632.865664
836.341037 632.696077
90.587707 756.791857
219.442530 755.591134
346.242637 754.537937
471.303374 753.399089
594.564954 752.228203
716.079296 751.176261
835.773039 750.161793
83.994942 881.565178
213.794761 879.403752
341.727733 877.435495
467.811303 875.432513
592.142578 873.387608
714.681660 871.426229
835.384172 869.514761
77.016198 1008.328825
208.064962 1005.202325
337.198407 1002.222197
464.358072 999.462560
589.626558 996.515013
713.184301 993.635899
834.898606 990.846031
212.752208 175.003631
330.335334 180.565766
444.486190 185.865974
555.482527 191.215570
663.424008 196.308454
768.446250 201.252572
870.555641 206.112435
197.047984 266.666851
318.591096 270.980341
436.545164 275.183789
551.047636 279.359046
662.371759 283.371408
770.466509 287.264055
875.517825 291.059908
180.253837 364.390003
306.026613 367.385345
427.939176 370.335158
546.358261 373.190731
661.158062 375.934737
772.590970 378.535233
880.832712 381.213919
162.304314 468.937027
292.730106 470.314237
418.928045 471.790007
541.243087 473.033294
659.790124 474.427961
774.809591 475.729658
886.466592 476.999759
143.123888 580.965046
278.351585 580.477365
409.063352 580.261820
535.775592 579.895104
658.382874 579.537232
777.184303 579.260171
892.347905 579.001679
122.607377 701.208906
262.868551 698.709097
398.798533 696.466914
529.945222 694.185774
656.964732 691.943213
779.832155 689.868129
898.758145 687.849717
100.408570 830.630777
246.393190 825.889180
387.662574 821.161302
523.807688 816.748558
655.366819 812.369716
782.545432 808.208475
905.538481 804.156329
242.107702 168.899533
363.581336 177.549872
479.524636 185.666041
590.463942 193.636412
696.668761 201.163483
798.517003 208.364614
896.178938 215.267448
232.515122 262.418498
357.905497 269.058155
477.595026 275.434676
591.873653 281.532124
701.190216 287.408144
805.757168 292.952287
905.924437 298.255271
222.173833 362.028336
351.855265 366.543956
475.394127 370.816429
593.390434 374.918517
705.875885 378.824627
813.400315 382.474286
916.342190 386.102347
211.093159 468.608993
345.534567 470.534438
473.250700 472.396442
594.855455 474.126092
710.803665 475.916914
821.490705 477.513839
927.343167 479.124500
199.318474 582.691158
338.553865 581.661614
470.658406 580.865502
596.433580 580.034277
716.108656 579.190109
830.100515 578.492424
938.889541 577.810714
186.756787 705.082044
331.099248 700.779403
468.229943 696.857435
598.176139 693.039432
721.787980 689.381724
839.312150 686.011550
951.363906 682.744910
173.085010 836.772663
323.193029 828.761296
465.507642 821.062396
600.063458 813.898496
727.786289 807.010652
849.045234 800.574262
964.464419 794.454093
996.953002 411.993637
1089.953501 408.343091
1188.860092 404.694624
1294.587498 400.636279
1407.449424 396.431214
1528.397809 391.798045
1658.293547 386.813069
1008.642413 504.489656
1100.106421 503.890512
1197.195227 503.284561
1300.800441 502.578002
1411.250622 501.782218
1529.487542 501.001349
1656.240212 500.203294
1019.905744 593.550065
1109.808691 595.524383
1205.240769 597.688095
1306.713252 599.987513
1415.006379 602.511726
1530.563951 605.077290
1654.381134 607.987546
1030.719858 678.924669
1119.138228 683.391085
1212.871511 688.246401
1312.508616 693.369448
1418.569191 698.714541
1531.603547 704.574805
1652.472297 710.761377
1041.196948 761.128969
1128.184896 767.931908
1220.298963 775.154127
1318.048283 782.731388
1421.970420 790.901624
1532.637282 799.600360
1650.720069 808.921087
1051.195724 840.317169
1136.767651 849.239916
1227.315787 858.643837
1323.261480 868.600823
1425.161479 879.265756
1533.498819 890.600037
1648.947540 902.701852
1060.882804 916.576965
1145.077766 927.344716
1234.046185 938.813148
1328.315417 951.021296
1428.150275 963.953168
1534.278524 977.625172
1647.291202 992.307246
1039.266802 235.705825
1127.737312 227.317213
1221.482769 218.532626
1321.209438 209.212769
1427.198987 199.292588
1540.327436 188.755294
1661.201034 177.429170
1035.502489 325.148955
1124.351789 319.475399
1218.525815 313.389774
1318.716653 307.008678
1425.340078 300.115840
1539.113457 292.892006
1660.713546 285.185969
1031.687303 415.790915
1120.919140 412.661661
1215.581412 409.437897
1316.239034 405.981326
1423.499949 402.383885
1537.861832 398.415689
1660.324718 394.378764
1027.815993 507.283848
1117.456172 506.876733
1212.569808 506.596672
1313.733178 506.270202
1421.559077 505.830553
1536.640307 505.479066
1659.864143 505.013646
1023.982179 599.865153
1114.013089 602.253893
1209.516085 604.930612
1311.246941 607.644569
1419.603431 610.631233
1535.417635 613.760955
1659.403227 617.237974
1020.025951 693.510321
1110.371100 698.807367
1206.452602 704.468222
1308.570277 710.367372
1417.619090 716.826052
1534.148897 723.687095
1658.923056 731.081933
1016.059923 788.196234
1106.819012 796.306000
1203.336853 805.037956
1306.088728 814.381253
1415.658374 824.300433
1532.907918 834.973547
1658.472160 846.483955
1069.143720 182.663993
1154.252211 173.308288
1244.193259 163.513301
1339.580482 153.187880
1440.627653 142.217557
1548.157811 130.561575
1662.605337 118.129384
1059.238577 260.842835
1145.527742 253.677656
1236.868066 245.997462
1333.773353 237.969015
1436.708252 229.328730
1546.194186 220.278404
1662.882536 210.638839
1048.936200 341.912826
1136.505730 336.882920
1229.292764 331.639431
1327.810651 326.017874
1432.587848 320.103821
1544.116582 313.697147
1663.317550 307.069561
1038.298666 425.799502
1127.181857 423.105584
1221.453316 420.436137
1321.594550 417.507659
1428.252154 414.375617
1542.008043 411.178419
1663.663735 407.594743
1027.316556 512.811971
1117.529759 512.707881
1213.185768 512.752039
1315.198237 512.640698
1423.775034 512.650052
1539.884047 512.609134
1664.074719 512.696631
1015.877397 602.993493
1107.317836 605.705186
1204.751530 608.692435
1308.349378 611.717825
1419.079802 615.124659
1537.512804 618.647341
1664.419499 622.507314
1004.013492 696.572540
1096.955425 702.251909
1195.880586 708.356386
1301.450379 714.891852
1414.175235 721.835769
1535.123620 729.316999
1664.873248 737.376590
1085.548195 463.006464
1193.415468 461.835193
1305.229152 460.786168
1421.407926 459.613287
1541.768457 458.516405
1666.888967 457.250296
1796.989581 455.963773
1090.903068 557.917157
1195.616438 558.576200
1303.958661 559.269096
1416.355941 559.938805
1532.669267 560.595007
1653.510633 561.346077
1778.833819 562.176195
1096.060827 647.413361
1197.653235 649.499659
1302.785082 651.674196
1411.557414 653.892420
1524.210968 656.332842
1640.984324 658.693224
1762.051131 661.293736
1100.841029 731.687505
1199.626248 735.096657
1301.606407 738.683310
1407.151574 742.387025
1516.274277 746.159184
1629.150877 750.119770
1746.229450 754.151415
1105.464612 811.263402
1201.502035 815.883918
1300.616911 820.642652
1402.986889 825.540629
1508.830812 830.698180
1618.189931 835.997582
1731.375716 841.437469
1109.743274 886.629545
1203.217047 892.301147
1299.558519 898.099699
1399.015143 904.118630
1501.647801 910.394237
1607.759718 916.874222
1717.346973 923.569685
1113.885716 957.973415
1204.825884 964.508553
1298.561590 971.265191
1395.269177 978.368051
1494.954552 985.604742
1597.920940 993.006965
1704.270488 1000.782331
1124.992349 140.247921
1216.723869 134.656598
1311.174076 128.964095
1408.692149 123.188423
1509.108246 117.163832
1612.949210 110.988986
1720.210313 104.549468
1120.635689 213.769386
1214.631085 209.250207
1311.593511 204.531712
1411.706488 199.777538
1515.030915 194.829120
1621.748455 189.795966
1732.130293 184.553801
1115.918685 291.298933
1212.403366 287.852033
1311.956206 284.378725
1414.877649 280.747705
1521.147960 277.085210
1631.070434 273.169476
1744.930312 269.300168
1111.025606 372.965977
1210.089675 370.739373
1312.452185 368.606975
1418.243161 366.278192
1527.639528 363.959178
1640.932143 361.617675
1758.299906 359.059537
1105.882974 459.248329
1207.639297 458.422719
1312.789120 457.752992
1421.809485 456.926735
1534.536942 456.149536
1651.445707 455.302573
1772.531528 454.513068
1100.474914 550.442034
1204.908004 551.266573
1313.374778 552.227769
1425.503176 553.056355
1541.807397 554.091089
1662.558450 555.057042
1787.806064 556.088480
1094.615732 647.063414
1202.199193 649.602403
1313.795082 652.300600
1429.595806 655.154509
1549.575051 658.132204
1674.379877 661.194559
1804.091097 664.375526
1086.436843 234.630800
1168.582667 227.062898
1255.184337 219.176571
1346.774754 210.880907
1443.630782 202.049513
1546.379391 192.743352
1655.397677 182.848036
1074.353099 306.180758
1158.019780 300.491360
1246.326580 294.447820
1339.918550 288.132511
1439.018522 281.365154
1544.167466 274.287563
1655.990718 266.759541
1061.665309 381.125299
1146.957779 377.340185
1237.113241 373.441034
1332.719167 369.216163
1434.107817 364.847273
1541.816265 360.125385
1656.699240 355.261817
1048.426460 459.480644
1135.379035 457.836011
1227.455367 456.247450
1325.067569 454.474635
1428.900770 452.606341
1539.416956 450.748492
1657.312931 448.610373
1034.601295 541.623830
1123.274660 542.344628
1217.150803 543.286586
1317.144395 544.182252
1423.441711 545.151672
1536.909147 546.191166
1658.003079 547.404159
1020.072859 627.698201
1110.364436 631.108423
1206.504020 634.813533
1308.606134 638.644331
1417.641745 642.871753
1534.108554 647.285900
1658.725932 652.086360
1004.759571 718.106935
1096.988175 724.360729
1195.161988 731.104727
1299.828436 738.330311
1411.489451 745.987183
1531.263284 754.262803
1659.605653 763.154195
1148.404889 257.559895
1239.288736 251.986698
1334.128668 246.214922
1433.436406 240.256364
1537.202540 234.003671
1646.215052 227.426884
1760.531908 220.513131
1140.714663 333.970218
1233.672376 330.045423
1330.860204 325.894628
1432.719718 321.643353
1539.376966 317.131587
1651.337284 312.475690
1768.987923 307.552053
1132.568316 414.342270
1227.802438 412.093155
1327.458606 409.846872
1432.001485 407.458810
1541.590963 405.025946
1656.773314 402.331489
1778.089305 399.709857
1124.095815 498.858264
1221.632961 498.520736
1323.877655 498.346030
1431.189369 498.051585
1543.865723 497.826905
1662.546380 497.644496
1787.596230 497.321017
1115.156012 587.888032
1215.157187 589.689723
1319.944439 591.823022
1430.389319 593.878183
1546.306851 596.181594
1668.803546 598.532118
1797.763511 601.102862
1105.732791 681.770190
1208.130739 686.066860
1315.979064 690.676106
1429.354293 695.389505
1548.883056 700.567549
1675.261863 705.924076
1808.643434 711.552675
1095.699840 780.941439
1200.861397 787.893237
1311.622985 795.264627
1428.546782 803.107108
1551.637211 811.422055
1682.105379 820.154726
1820.211940 829.430858
1151.667090 377.888742
1257.052963 375.519541
1366.068001 373.197973
1479.118709 370.785876
1596.171950 368.341865
1717.737265 365.720023
1843.864844 363.075353
1151.226291 479.497509
1256.450210 479.014897
1365.453075 478.458945
1478.342848 477.963795
1595.209311 477.405634
1716.629109 476.865501
1842.684185 476.412585
1150.744780 581.069334
1255.835814 582.313591
1364.781165 583.597418
1477.484075 584.916923
1594.301964 586.406521
1715.552967 587.748342
1841.611021 589.370014
1150.317273 682.329947
1255.353125 685.287299
1364.064032 688.445728
1476.669901 691.679581
1593.374932 695.025140
1714.425335 698.496613
1840.058508 702.056200
1149.934546 783.427818
1254.807106 788.125846
1363.377182 793.063007
1475.872723 798.154711
1592.419455 803.536567
1713.414229 809.009413
1838.837265 814.765448
1149.493247 884.351001
1254.225931 890.834064
1362.721343 897.562367
1474.970840 904.572478
1591.350933 911.878593
1712.249387 919.375744
1837.545367 927.161792
1149.061652 984.995854
1253.616539 993.204809
1361.942561 1001.737560
1474.191458 1010.681427
1590.320089 1019.654495
1711.027296 1029.247145
1836.504305 1039.544879
1079.398957 257.382445
1185.886007 250.172381
1298.020829 242.770687
1416.573953 234.860362
1541.614098 226.607524
1673.902842 217.758653
1814.220986 208.407240
1089.389378 358.393785
1192.990240 354.148071
1301.825821 349.631271
1416.632990 344.838243
1537.534161 339.756180
1665.344404 334.457487
1800.535622 328.874878
1098.942953 453.872210
1199.696581 451.996568
1305.516674 450.022357
1416.727112 447.928650
1533.872163 445.865579
1657.382584 443.537785
1787.864836 441.186506
1107.869799 543.880171
1205.990463 544.200603
1308.826694 544.620866
1416.905980 545.062017
1530.469694 545.410050
1649.925145 545.848814
1775.915835 546.281519
1116.443923 629.015020
1212.011793 631.357209
1312.112803 633.788167
1417.037311 636.296831
1527.252809 639.017470
1642.996247 641.844630
1764.811602 644.782976
1124.449120 709.767607
1217.660036 713.898712
1315.079920 718.115259
1417.114587 722.545906
1524.065961 727.288680
1636.414869 732.191878
1754.331938 737.365111
1132.119049 786.363520
1222.959414 791.946791
1317.887724 797.812466
1417.257438 804.040211
1521.172691 810.554619
1630.175512 817.319422
1744.576023 824.494937
1082.930272 200.619851
1188.625767 192.078908
1299.820389 183.335605
1417.345362 173.984056
1541.177766 164.215270
1672.207589 153.751536
1811.036745 142.762299
1090.345390 304.792602
1193.818125 299.307297
1302.538790 293.437269
1417.198576 287.244999
1537.887987 280.680741
1665.516961 273.839824
1800.461442 266.647366
1097.542391 404.597599
1198.798979 401.594434
1305.186981 398.405671
1417.070715 395.043637
1534.904956 391.652275
1659.177671 387.913741
1790.514150 384.101658
1104.359069 499.947541
1203.582316 499.274117
1307.628535 498.664046
1417.030511 498.036860
1532.037141 497.261992
1653.133126 496.523265
1780.949786 495.650751
1111.011776 591.257991
1208.205148 592.820252
1310.083276 594.460180
1416.980759 596.096825
1529.298695 597.929040
1647.503367 599.825857
1771.943147 601.811568
1117.275522 678.895936
1212.567105 682.451208
1312.296472 686.133812
1416.863174 689.965724
1526.627431 694.081272
1642.020451 698.372320
1763.321552 702.907192
1123.334681 762.933904
1216.711344 768.217862
1314.414747 773.791453
1416.837460 779.716571
1524.113653 785.919272
1636.736493 792.358837
1755.184436 799.256901
1140.853279 87.944845
1249.527822 80.193259
1362.143279 72.310620
1479.219050 64.147431
1600.196458 55.628319
1726.284585 46.801465
1857.216455 37.028918
1141.537441 195.178058
1249.289509 189.531864
1360.929424 183.595418
1476.773240 177.543236
1596.761956 171.214740
1721.494648 164.672004
1850.745090 157.924567
1142.187710 300.806236
1249.032964 296.961833
1359.777880 293.044535
1474.470862 288.941082
1593.317535 284.868474
1716.781522 280.404697
1845.133278 276.010243
1142.855081 404.473849
1248.787790 402.486436
1358.490695 400.530208
1472.156561 398.492911
1589.910126 396.331590
1712.180394 394.121993
1839.000285 391.811861
1143.606650 506.424711
1248.623797 506.265449
1357.343999 506.103532
1469.931181 505.930777
1586.615260 505.864914
1707.712206 505.676288
1833.294275 505.508773
1144.223793 606.744571
1248.316100 608.339494
1356.139117 609.908542
1467.668623 611.619027
1583.234411 613.477667
1703.227528 615.267087
1827.663448 617.184944
1144.884818 705.330743
1248.087911 708.500234
1354.920889 711.840318
1465.564611 715.397907
1580.032951 719.072903
1698.771993 722.745151
1822.028378 726.731092
