-32.78653535615550 -14.00025961345621 83.14389292629994
-30.03837079141696 -23.83860610054375 88.55136190598647
-25.85524874242030 -31.36858654130572 96.23489515134625
-6.68195329204544 -17.34619945231450 64.05537413664422
-8.25609926082214 -23.89019592814162 68.26247882193455
-11.38204633965496 -31.24351265531866 76.28643445969037
-32.07154357163833 -20.87104597398831 79.38478193899125
-19.89155813600525 -13.56139424010935 64.62245677507646
-20.75114737225676 -32.39533204952428 77.50353491411097
-8.80000379711077 -20.63598594245325 62.45638141084386
-27.88967775836714 -26.35035835296000 91.31073097755325
-25.21013263018446 -14.46127294821266 72.23598402113547
-22.62855041720144 -30.33635596909301 88.44500963535590
-10.73807192090315 -26.14566749562916 71.15001288479289
-47.90959910353300 -32.82062671651112 83.50690419839438
-36.61891689462256 -13.72497898417263 62.97610853094895
-39.76512229269328 -26.49560008324192 71.02996821269976
-41.92270968329907 -30.93012017081587 76.54163205178332
-43.38342122850640 -14.81331400259431 64.03606931573158
-35.88689532704021 -21.68909279189478 63.81627648046027
-46.37399918262970 -30.57440803588428 63.46362043231737
-37.28604276550017 -23.83888495426585 57.14753081560152
-47.76849837224105 -19.21066508647117 69.19692545477838
-40.43751672190251 -23.71335290868042 69.27298099394893
-3.35869545672983 -13.58126500793585 85.23493600481440
0.66263579946185 -25.98757773796508 92.92451668255445
3.51161628872185 -30.37324417862147 98.34930629136151
1.22476410956739 -9.81261882153248 76.72068788965741
6.40115404451573 -32.42286290829247 95.65355388256175
5.31878357110447 -27.42847432575714 102.73094707876783
6.29686013085614 -22.85413565041601 96.52157489286421
5.91584116324268 -15.54865315868653 81.79519775679783
-1.09635971588280 -25.18427311704653 82.37997303747123
7.19012916576968 -31.73157476481817 75.56493010527979
