-1.90361484600594 -1.77721832668643 0.11031513801387 
-1.96905363914467 -1.97630924312129 0.43122225279947 
-1.99921166350807 -2.15734611779184 0.78040105785434 
2.03754461880848 2.12932036399909 0.64981334688852 
2.00556850229403 2.01168039584252 0.41381591736607 
1.93071059578685 1.81802226356088 0.08901615850937 
-1.97394990927025 -1.91111544496621 0.11527265943829 
-1.99520190506218 -2.03294004968290 -0.52521778760899 
2.08483650840203 2.07595180835418 -0.12197566358165 
2.03782674278864 2.12921351671588 0.65009479978522 
-1.99416457925184 -2.09913326996568 0.66182348286079 
-2.05792749248997 -2.03570036926382 -0.09688246072941 
2.01267147610422 2.07738875088161 -0.55290208292025 
1.95909924294272 1.88451445182572 0.19358702830017 
1.95475397432559 1.88663125127125 -0.21759270827997 
2.04633167615669 2.18334401916932 0.77221148606391 
1.98295830149031 1.94917158305223 0.30161493181365 
1.92992142166333 1.81798181465831 0.08925407880708 
-2.00877064109467 -2.09327827734944 -0.63984919887733 
2.03695709755061 2.12888200311891 0.65031091681542 
2.16095280436878 2.18795389979109 0.32844933195219 
2.04673914031703 2.18292685274783 0.77234129359585 
2.13322002321833 2.13280220316164 -0.01299502175852 
1.93028179371855 1.81827089268637 0.08958174834516 
-1.90404855263681 -1.77783797737419 0.10989077413000 
-1.98331022014765 -2.03954986699885 0.54497833177058 
-1.99875872626469 -2.15766012391918 0.77997482767692 
-1.93366824738310 -1.84374462434676 -0.19352245855349 
2.02332231374319 2.13639545066360 -0.66981784484222 
2.03232457436271 2.24729381065869 -0.91729078727972 
-1.99855971824692 -2.15791702095266 0.78058284318879 
-2.08984277448195 -2.09787822527726 0.22839152432254 
-1.90473695438596 -1.77761220737714 0.11011301223801 
-2.10420455311013 -2.09486639960470 0.00983738447668
