504.989080 401.725787
584.594962 397.651381
669.431313 393.504634
760.238755 389.021872
857.352970 384.269457
961.772164 379.085454
1074.148515 373.488252
527.154737 496.769630
605.799128 495.909614
689.432323 495.025283
778.784703 494.083970
874.275451 492.912260
976.782289 491.802624
1086.885946 490.626715
548.517585 588.103379
626.104351 589.987089
708.631521 592.073038
796.538977 594.247694
890.508967 596.659525
991.078010 599.100576
1098.980738 601.840164
568.970641 675.634925
645.609622 680.158535
726.949174 685.030647
813.560121 690.279700
905.984704 695.694575
1004.751024 701.531181
1110.469291 707.787197
588.685455 759.804525
664.369979 766.767016
744.648829 774.142623
829.936767 781.953123
920.808770 790.316002
1017.812386 799.209057
1121.462993 808.737769
607.586521 840.845415
682.313822 850.012072
761.497309 859.710129
845.486593 869.947307
934.937738 880.914550
1030.258811 892.620182
1131.939784 905.100747
625.817075 918.780994
699.611893 929.909606
777.648436 941.721369
860.527184 954.299217
948.519805 967.650772
1042.151502 981.834776
1141.973871 997.038090
555.481275 256.727246
633.009251 248.520988
715.434065 239.951101
803.312187 230.817429
897.077239 221.026208
997.599163 210.560168
1105.320913 199.299132
555.701053 351.882659
633.185378 346.738070
715.514846 341.237682
803.299844 335.465319
897.030637 329.167140
997.413821 322.511707
1105.020443 315.399451
555.944648 447.107747
633.355536 444.805910
715.635080 442.461729
803.329649 439.898366
897.010673 437.208790
997.236653 434.245537
1104.743142 431.195758
556.172014 542.014042
633.526939 542.612359
715.716158 543.404041
803.359518 544.216958
896.944861 544.971083
997.057876 545.877070
1104.407998 546.759919
556.458832 636.818450
633.735342 640.334756
715.876789 644.178315
803.459720 648.198957
896.866288 652.569144
996.910712 657.143561
1104.098045 662.156392
556.679636 731.461765
633.827151 737.890882
716.038961 744.788504
803.394778 752.129205
896.785570 759.994261
996.745493 768.315563
1103.769429 777.297575
556.930492 825.939330
634.074670 835.214803
716.115198 845.155219
803.514632 855.792043
896.729666 867.096031
996.599173 879.188328
1103.499985 892.218263
631.918613 159.688666
706.415794 149.412682
785.249547 138.651198
868.957643 127.276954
957.874869 115.061561
1052.756787 102.082843
1153.801396 88.313633
614.067835 239.249061
689.384900 231.227435
769.164997 222.699864
853.944879 213.675320
944.292834 203.986802
1040.572286 193.774985
1143.380957 182.839507
595.518313 321.853191
671.727474 316.044788
752.512481 309.983348
838.466426 303.505051
930.079705 296.641391
1027.863847 289.225011
1132.537193 281.449149
576.369772 407.340564
653.396262 404.006311
735.201274 400.633420
822.280510 396.982937
915.256480 393.042139
1014.683580 388.917198
1121.162953 384.387603
556.557381 496.127868
634.412240 495.487092
717.133137 494.987331
805.551679 494.255983
899.807330 493.590704
1000.899255 492.805514
1109.188791 492.123076
535.895105 588.267928
614.501969 590.524848
698.481768 593.081636
787.929203 595.658629
883.701353 598.589474
986.401837 601.565219
1096.694124 604.808600
514.445178 683.930887
594.066523 689.321648
679.030512 695.119363
769.771704 701.415452
866.854711 708.075609
971.350861 715.195158
1083.608641 722.892176
916.520760 307.041241
1026.919053 314.592572
1130.158322 321.642434
1227.037498 328.360171
1318.062119 334.696056
1403.843279 340.493182
1484.678928 346.130731
906.971201 427.122784
1015.854931 430.623838
1117.771514 434.014374
1213.479771 437.123960
1303.458084 440.099043
1388.343189 442.867263
1468.388983 445.486700
897.876811 543.061684
1005.102742 542.876840
1105.731411 542.637896
1200.262389 542.505776
1289.293437 542.379936
1373.310016 542.080370
1452.631701 542.015390
888.944031 655.099351
994.786826 651.328785
1094.016403 647.816215
1187.475229 644.564609
1275.513225 641.493757
1358.640182 638.501120
1437.284491 635.801018
880.396469 763.274890
984.735033 756.266413
1082.730513 749.692973
1174.974801 743.579006
1262.189396 737.672615
1344.422857 732.199480
1422.332654 726.908982
872.146486 868.024722
975.038192 857.980451
1071.744147 848.534610
1163.027065 839.612441
1249.204982 831.089364
1330.709610 823.122565
1407.919170 815.605344
864.136812 969.325704
965.488939 956.403235
1061.147970 944.177803
1151.344764 932.780698
1236.629597 921.836488
1317.278979 911.501840
1393.801594 901.848500
896.487778 193.602769
1002.938972 204.607784
1102.782541 214.848052
1196.706588 224.632446
1285.192548 233.845605
1368.749677 242.419824
1447.667012 250.575623
895.941780 309.618242
1002.359871 316.912578
1102.173132 323.798804
1196.044921 330.273371
1284.472801 336.393000
1367.944078 342.132055
1446.802628 347.568260
895.474002 425.451169
1001.732516 429.100017
1101.507011 432.502015
1195.331607 435.801449
1283.725973 438.873372
1367.144755 441.627985
1446.014597 444.420895
894.934082 541.125604
1001.203849 541.082034
1100.859521 541.086919
1194.638122 541.109805
1282.972868 541.160461
1366.332740 541.120983
1445.204510 541.198035
894.409910 656.563961
1000.552872 652.872803
1100.140668 649.495311
1193.822726 646.342907
1282.222288 643.275547
1365.527883 640.487694
1444.282590 637.739560
893.951738 771.875409
999.992401 764.621917
1099.482747 757.878411
1193.167336 751.494561
1281.405076 745.354358
1364.793005 739.628636
1443.543322 734.298471
893.426629 886.967670
999.293189 876.134976
1098.877899 865.869789
1192.470049 856.385101
1280.707032 847.242285
1363.959904 838.690690
1442.711357 830.731824
857.631177 86.621988
956.760869 99.876077
1050.193378 112.254971
1138.585851 124.154558
1222.181814 135.366185
1301.535652 145.934291
1376.828420 156.024462
868.125001 180.432050
969.048091 191.151900
1064.183191 201.260091
1153.947190 210.801675
1238.805795 219.879462
1319.099785 228.449863
1395.250181 236.494107
879.094459 278.494025
981.878703 286.466589
1078.655663 293.970875
1169.902848 301.127948
1255.970002 307.879980
1337.350346 314.106871
1414.528771 320.170988
890.590908 381.121250
995.393725 386.035309
1093.822620 390.710170
1186.444696 395.096449
1273.774985 399.320549
1356.316726 403.254275
1434.454878 407.006656
902.631832 488.529658
1009.369422 490.124962
1109.466628 491.758078
1203.617762 493.312871
1292.398394 494.620677
1376.060248 496.005663
1455.128927 497.238862
915.351026 601.144219
1024.052027 599.190496
1126.039120 597.447841
1221.698999 595.766082
1311.758261 594.133946
1396.675013 592.593071
1476.777028 591.207239
928.545914 719.310337
1039.347541 713.459667
1143.305072 707.852062
1240.600471 702.802136
1332.016153 697.873766
1418.025617 693.280523
1499.141818 689.026430
493.971750 278.981710
584.135219 272.711694
679.019641 266.287980
779.209661 259.473901
884.864200 252.223889
996.780228 244.556716
1115.304282 236.405756
508.002021 382.931052
597.135290 379.561354
690.814368 375.999014
789.571317 372.270347
893.716342 368.180051
1003.912953 363.938778
1120.445001 359.465553
521.740119 483.926631
609.731146 483.061680
702.237305 482.204836
799.615579 481.232422
902.345528 480.244481
1010.781799 479.108388
1125.422280 478.023106
534.970818 581.709170
621.916688 583.287893
713.236454 585.002949
809.345102 586.765493
910.607331 588.533170
1017.409973 590.451780
1130.175221 592.439389
547.856658 676.557613
633.786716 680.453348
724.001905 684.518389
818.766626 688.723733
918.607268 693.257528
1023.811805 697.932699
1134.763466 702.877774
560.324560 768.669028
645.239521 774.667078
734.371093 781.042247
827.876792 787.642847
926.329301 794.620685
1029.989700 801.877368
1139.194196 809.608828
572.495195 858.088875
656.409445 866.031174
744.384668 874.477758
836.798077 883.376630
933.833109 892.647465
1035.974630 902.379778
1143.538566 912.689602
662.190301 375.476834
785.289051 376.643853
906.591756 377.861222
1026.374434 379.117756
1144.363532 380.361751
1260.685933 381.423673
1375.358947 382.567767
668.156124 487.225985
786.982402 487.655432
904.046260 488.117723
1019.639996 488.519254
1133.523225 488.861802
1245.974523 489.203195
1356.784944 489.657136
673.906106 591.457584
788.524650 591.153665
901.667062 590.805898
1013.303323 590.484047
1123.528940 590.249264
1232.264704 589.797492
1339.495901 589.532730
679.160738 688.664832
790.009237 687.744747
899.375292 686.771009
1007.443493 685.928767
1114.123559 684.992768
1219.384456 683.998161
1323.287875 683.130557
684.162751 779.523739
791.432523 778.099213
897.337391 776.596483
1001.907693 775.173752
1105.335806 773.730019
1207.320892 772.366854
1308.078341 770.916750
688.817654 864.882297
792.798858 862.928203
895.356306 860.983286
996.829607 859.078100
1097.013452 857.134281
1196.063917 855.280074
1293.870861 853.466525
693.234267 945.080640
793.926338 942.632962
893.555683 940.209025
991.982204 937.971960
1089.217945 935.634131
1185.416033 933.310806
1280.449084 931.193807
686.176457 68.401680
794.595417 71.741519
901.612079 74.964336
1007.357915 78.263060
1111.786769 81.461706
1215.018647 84.649370
1316.967501 87.844311
683.427202 167.133232
793.520219 169.920425
902.189265 172.611826
1009.601768 175.336660
1115.633009 177.984769
1220.369690 180.642839
1323.736208 183.257483
680.578770 269.132782
792.396579 271.252235
902.782200 273.367475
1011.894844 275.466218
1119.565196 277.540921
1225.815276 279.539153
1330.764043 281.635573
677.624507 374.344810
791.296166 375.761400
903.448180 377.248030
1014.210123 378.685777
1123.543937 380.138987
1231.423231 381.591554
1337.952919 383.003737
674.631642 483.040962
790.136824 483.730593
904.020910 484.565064
1016.591834 485.308217
1127.683688 486.037424
1237.229644 486.815287
1345.301516 487.572070
671.558835 595.310892
788.834212 595.330512
904.773852 595.400439
1019.084519 595.420177
1131.912580 595.457542
1243.267821 595.481180
1353.053246 595.545645
668.325810 711.417145
787.581792 710.586363
905.459298 709.812213
1021.717134 709.127436
1136.338137 708.394326
1249.360715 707.665324
1360.908465 706.985994
871.440729 233.350045
985.930810 243.577958
1092.863077 253.087191
1193.039721 262.094700
1287.086138 270.585556
1375.503063 278.406155
1458.781695 285.879372
862.474348 357.637710
975.311268 363.529582
1080.805864 369.135613
1179.746150 374.285739
1272.638081 379.223229
1360.119869 383.769081
1442.555730 388.126700
853.943400 477.546722
965.030130 479.442184
1069.100942 481.175051
1166.776380 482.909374
1258.648645 484.528332
1345.211312 485.898184
1426.885550 487.342329
845.584660 593.270638
955.168493 591.370725
1057.797574 589.618838
1154.284702 588.036605
1245.076644 586.551765
1330.692614 585.044016
1411.605560 583.738519
837.581066 704.969379
945.525393 699.611610
1046.851564 694.564933
1142.054069 689.933767
1231.938041 685.470892
1316.601492 681.327738
1396.752202 677.321263
829.916092 813.017239
936.310809 804.452184
1036.193389 796.372837
1130.377903 788.783042
1219.156927 781.522247
1303.073523 774.759868
1382.427367 768.368003
822.482316 917.446052
927.253624 905.781457
1025.981902 894.792117
1118.968265 884.570873
1206.809858 874.718218
1289.771194 865.483028
1368.425984 856.846434
588.114337 221.120711
665.162787 212.072284
746.902987 202.560764
833.979191 192.470102
926.817250 181.603397
1026.169001 170.074150
1132.442757 157.690436
575.097888 309.756767
652.683744 303.411208
735.107082 296.600711
822.942491 289.441077
916.742163 281.672253
1017.110324 273.481505
1124.634100 264.713474
561.741486 400.756446
639.913199 397.057625
723.040028 393.212765
811.659958 389.058631
906.390575 384.683212
1007.791157 379.869073
1116.651226 374.919446
548.053456 493.946377
626.810328 493.110615
710.617770 492.344638
800.036510 491.505195
895.703709 490.519671
998.234754 489.567904
1108.361354 488.438088
534.080333 589.528429
613.396668 591.689552
697.842919 594.154811
788.179425 596.670562
884.688398 599.471954
988.390407 602.336302
1099.775424 605.563527
519.656573 687.551640
599.465004 692.899683
684.824764 698.769564
775.781955 704.923919
873.331874 711.666998
978.166911 718.729839
1090.891136 726.383697
504.915100 788.083183
585.400173 796.812162
671.338077 806.189911
763.291651 816.260658
861.687685 827.032879
967.770254 838.576034
1081.805060 851.091270
588.070082 378.074942
698.213750 376.674755
810.623138 375.338614
925.712899 373.906001
1043.303987 372.474067
1163.529199 370.992312
1286.339961 369.419080
597.102908 488.657841
705.432336 488.490159
815.975019 488.394480
928.977055 488.226294
1044.393857 487.934775
1162.417851 487.744016
1282.889710 487.546846
605.954754 595.518404
712.462720 596.407804
821.105502 597.326996
932.118951 598.295948
1045.553035 599.226488
1161.393003 600.167843
1279.647653 601.219960
614.460189 698.592541
719.270653 700.492292
826.029280 702.508202
935.166801 704.565393
1046.606751 706.553383
1160.342714 708.616281
1276.450844 710.749130
622.737713 798.235353
725.824381 801.090599
830.891671 804.059741
938.121921 807.041519
1047.630356 810.123909
1159.365432 813.273312
1273.331235 816.440519
630.695804 894.698413
732.131738 898.445518
835.490348 902.275086
940.947876 906.195556
1048.596166 910.220690
1158.455647 914.327991
1270.418755 918.512104
638.450075 987.960022
738.248306 992.501845
839.996163 997.122011
943.787854 1001.984592
1049.542638 1006.867620
1157.484482 1011.825347
1267.564582 1016.986995
674.976519 142.421363
769.610362 139.268797
865.865037 136.023224
964.028262 132.841771
1064.012165 129.497861
1166.068757 126.081875
1269.913537 122.652407
661.718028 221.756583
758.862975 219.264327
857.826955 216.678895
958.784891 214.127426
1061.774159 211.480281
1166.713118 208.810984
1273.641080 206.116900
647.580775 305.761896
747.478545 303.963884
849.274680 302.188406
953.243321 300.364330
1059.262202 298.543054
1167.352209 296.584087
1277.653154 294.783652
632.641721 394.784103
735.479954 393.794579
840.312155 392.909496
947.305803 391.901812
1056.559410 390.949699
1168.055949 390.026298
1281.841289 389.047735
616.844465 489.395425
722.679497 489.330653
830.581348 489.463919
941.046183 489.425405
1053.676211 489.433339
1168.793894 489.492388
1286.260170 489.596492
600.019284 590.024432
708.932326 591.075779
820.480375 592.266675
934.269501 593.385990
1050.600829 594.598420
1169.617593 595.773749
1291.135423 597.025914
582.015568 697.280892
694.506857 699.547684
809.498402 701.941189
927.129390 704.405621
1047.310932 706.866542
1170.441160 709.405499
1296.215367 712.017428
859.595920 157.126829
964.754673 169.027030
1063.511912 180.127930
1156.574254 190.706861
1244.345905 200.656247
1327.386088 210.014360
1405.950913 218.947862
866.927202 263.854461
973.399193 272.527009
1073.419507 280.719243
1167.474514 288.400534
1256.129873 295.698681
1339.843009 302.611786
1419.015396 309.089246
874.505002 373.881860
982.313746 379.219508
1083.507376 384.214786
1178.643504 388.984305
1268.191341 393.466015
1352.662240 397.575997
1432.567648 401.633140
882.296199 487.486866
991.619871 489.176018
1093.951999 490.816405
1190.102467 492.360202
1280.557985 493.879481
1365.832557 495.208795
1446.384980 496.588020
890.372492 604.665286
1001.036282 602.507362
1104.587260 600.660252
1201.801346 598.900698
1293.279127 597.127705
1379.365109 595.608784
1460.512741 594.051246
898.774623 725.673106
1010.846923 719.571790
1115.707982 713.922174
1213.992267 708.605700
1306.346971 703.463219
1393.324818 698.719341
1475.237525 694.274344
907.332803 850.746353
1020.835000 840.369658
1127.141821 830.517201
1226.545677 821.540691
1319.857940 812.883596
1407.551160 804.809133
1490.203023 797.296475
252.843187 86.443927
359.729956 92.737167
463.661019 98.738073
564.957557 104.764398
663.722351 110.513312
760.101858 116.142161
853.961714 121.691804
239.844387 167.208103
349.910305 172.511417
456.966481 177.697521
561.230567 182.810527
662.811189 187.704812
761.725677 192.552035
858.051468 197.203467
226.000645 252.820275
339.447404 257.110868
449.787251 261.326108
557.269207 265.402295
661.717848 269.367060
763.381406 273.157923
862.421076 276.973531
211.184051 343.796760
328.432301 346.866570
442.286046 349.923151
552.933745 352.798918
660.509990 355.717185
765.158954 358.515984
867.009594 361.277237
195.513958 440.649374
316.637415 442.337199
434.091117 444.148472
548.346727 445.796579
659.263203 447.389469
767.044654 449.001602
871.801415 450.548334
178.811139 543.904150
303.979132 544.101560
425.640758 544.443575
543.491694 544.660373
657.971075 544.878012
769.122331 545.071215
877.021100 545.287143
160.909859 654.186805
290.609120 652.751631
416.557112 651.251028
538.416218 649.887251
656.583768 648.498315
771.196705 647.209510
882.399492 645.927213
295.711603 375.420402
427.635193 380.762255
550.937648 385.656483
666.533842 390.383742
775.135624 394.850225
877.363640 398.890583
973.807575 402.782064
297.717957 492.211084
426.371754 493.584905
546.753541 494.957724
659.779912 496.167381
766.109415 497.353806
866.395902 498.368126
961.032723 499.423912
299.849788 603.157776
425.146916 601.032430
542.746400 598.955940
653.366870 597.088220
757.547643 595.323123
855.892019 593.540712
948.843097 591.956171
301.685978 708.752613
424.104015 703.351568
538.917272 698.248659
647.181145 693.542640
749.304832 689.080014
845.768278 684.761002
937.114044 680.799930
303.566076 809.164313
422.967856 800.952429
535.350349 793.096232
641.228420 785.800175
741.465190 778.803881
836.072260 772.314925
925.807524 766.030104
305.305359 905.142942
422.018907 894.254912
531.834882 883.922479
635.692162 874.215175
733.861323 864.917237
826.855905 856.201536
915.066584 847.968739
306.986909 996.715709
420.886239 983.402621
528.552480 970.708190
630.267525 958.839071
726.624256 947.525909
817.887805 936.811118
904.659668 926.734141
305.788146 154.735598
427.305080 166.766309
541.447720 177.928423
649.033937 188.614899
750.555870 198.687301
846.537268 208.133999
937.407033 217.120606
305.056750 264.601573
427.493384 273.269605
542.458569 281.419800
650.694696 289.089642
752.822040 296.371406
849.314976 303.206230
940.634225 309.684931
304.375239 376.062656
427.595545 381.338667
543.362554 386.265466
652.359962 390.993684
755.077305 395.381637
852.110243 399.457923
943.951327 403.397318
303.582410 489.298804
427.815891 490.972764
544.332546 492.583195
653.996679 494.142872
757.350081 495.656088
854.925196 496.965581
947.271661 498.314516
302.875802 604.083755
427.951683 602.171412
545.241132 600.425992
655.606584 598.817288
759.653738 597.210930
857.769212 595.804734
950.568617 594.373230
302.185201 720.716787
428.122214 715.119252
546.265210 709.846099
657.414925 704.930065
762.004034 700.216573
860.731387 695.847184
954.034981 691.689890
301.476511 839.055592
428.276281 829.669937
547.350232 820.671177
659.122287 812.436462
764.453687 804.534341
863.610899 797.151055
957.430290 790.212020
312.240990 93.717513
426.899924 106.830063
534.951242 119.037896
637.163933 130.779315
733.879725 141.850527
825.620061 152.291292
912.679123 162.236630
310.817911 187.375904
427.885076 197.910265
538.214813 207.856701
642.331073 217.246770
740.802752 226.166040
834.037018 234.598021
922.446414 242.584598
309.232700 285.160122
428.843254 293.009253
541.442974 300.363544
647.718755 307.339945
747.947669 313.936858
842.780027 320.067349
932.682099 326.005274
307.487278 387.544557
429.953409 392.334443
544.927898 396.839450
653.217849 401.095985
755.348206 405.214799
851.866653 409.024045
943.299852 412.665630
305.755807 494.700992
430.976651 496.202251
548.394683 497.679461
658.922629 499.072438
763.070160 500.332706
861.313343 501.593672
954.195920 502.725819
304.036972 607.032919
432.071510 604.956564
552.240905 603.086313
665.022277 601.304707
771.139879 599.539595
871.263828 597.962280
965.723403 596.448799
302.110580 724.896135
433.222886 718.910248
556.200652 713.163099
671.370279 708.002791
779.578493 703.036452
881.420827 698.380385
977.561810 694.007257
175.844394 350.225886
306.732286 353.284920
433.357611 356.271180
556.144132 359.196536
675.102821 362.052228
790.390217 364.716152
902.262598 367.327212
193.616552 462.918971
319.857801 464.180167
442.054616 465.464648
560.537642 466.581118
675.461402 467.671259
787.080356 468.714411
895.385538 469.781275
210.476643 568.128091
332.064113 567.739001
450.077999 567.336654
564.643121 566.922723
675.891537 566.586064
783.975839 566.132846
888.975852 565.800440
226.034399 666.429457
343.588269 664.572720
457.554887 662.759738
568.456534 661.068381
676.267986 659.374781
781.000676 657.669824
882.907929 656.128199
240.731887 758.359664
354.341230 755.367627
464.740802 752.310727
572.024264 749.425193
676.647367 746.547234
778.206185 743.891842
877.184495 741.186295
254.484394 844.830339
364.468380 840.715511
471.347040 836.633653
575.516733 832.704282
676.926408 828.800080
775.684818 825.053589
871.892739 821.440281
267.487960 926.093731
373.942158 920.982914
477.684170 915.952867
578.737699 911.145658
677.261336 906.365406
773.191958 901.703331
866.822914 897.263338
318.267137 218.194077
448.871529 228.842232
570.985980 238.650598
685.484898 248.001369
793.143761 256.823804
894.441488 264.952313
990.023233 272.702445
319.174010 340.237741
447.624730 346.667271
567.791515 352.759799
680.548713 358.393266
786.603522 363.735065
886.624771 368.684332
980.973741 373.433600
320.262109 458.110937
446.347996 460.691359
564.586705 463.018408
675.705978 465.295438
780.313600 467.429400
879.025587 469.302029
972.220396 471.207972
321.177657 571.989281
445.224060 570.864204
561.495171 569.795897
671.029420 568.872501
774.192440 567.978081
871.565431 567.010206
963.677829 566.285153
322.119775 681.903127
444.039598 677.432247
558.571560 673.176239
666.394609 669.277839
768.246967 665.491960
864.317116 661.997469
955.298431 658.613586
323.054010 788.362685
442.983744 780.728968
555.699319 773.479080
662.075579 766.718334
762.483737 760.228192
857.409592 754.200849
947.300390 748.457987
323.913860 891.314975
441.812592 880.689916
552.999795 870.573541
657.803388 861.233777
756.894366 852.231194
850.536734 843.769673
939.443616 835.828136
90.791702 24.021680
229.178131 33.709064
360.660984 41.510617
489.273162 50.244355
613.279329 58.110363
733.533345 65.788265
849.798681 73.071939
97.622302 153.191449
233.075278 159.642841
364.031554 166.031138
490.822560 172.158979
613.677275 178.064090
732.739125 183.801201
848.076395 189.436581
103.672220 279.161926
237.458093 283.555375
367.047382 287.838151
492.651500 292.010207
614.295643 296.030084
732.191866 299.840296
846.475769 303.641489
109.249834 402.635089
241.863638 404.963766
370.047313 407.263938
494.344464 409.497794
614.821225 411.676445
731.563200 413.714723
844.868644 415.799169
114.918005 523.546082
246.054924 523.989712
373.030383 524.415517
496.001652 524.818731
615.365315 525.144739
730.996045 525.576778
843.215656 525.899206
120.521648 642.206104
250.238230 640.737652
375.920007 639.367982
497.722405 638.006250
615.899484 636.579543
730.525893 635.280794
841.710649 634.048514
126.066135 758.447251
254.344175 755.154214
378.806805 751.929879
499.397758 748.948030
616.443187 745.884795
729.966545 742.967346
840.149640 740.266438
135.971065 207.855973
284.053704 216.764317
424.143428 225.204813
557.180870 233.275738
683.410186 240.984113
803.363625 248.146470
917.597995 255.025357
150.915065 337.030219
293.342701 342.284662
428.319667 347.367326
556.514714 352.016275
678.448019 356.484215
794.614226 360.686996
905.310929 364.745931
165.091356 457.020009
301.959674 459.054460
432.088191 460.918566
555.905291 462.721200
673.886186 464.449645
786.441431 466.005549
893.842076 467.514810
178.111162 568.629946
310.106811 567.797770
435.542104 566.990320
555.336384 566.271477
669.605271 565.560375
778.700433 564.754535
883.064848 564.167242
190.320934 672.526664
317.615159 669.376202
438.981442 666.182366
554.705481 663.244754
665.609138 660.362644
771.406265 657.694933
872.859570 655.064644
201.805342 769.861565
324.738366 764.499978
442.018991 759.320728
554.296208 754.398577
661.740490 749.592684
764.696027 745.115101
863.349034 740.841151
212.577858 860.953945
331.283599 853.686501
444.993032 846.697290
553.803542 840.128783
658.184508 833.709909
758.190946 827.555938
854.277904 821.773532
116.704846 278.216292
241.182919 280.442185
363.697284 282.605230
484.663532 284.905783
603.957925 287.050008
721.686307 289.167171
837.715914 291.301726
110.275013 394.881618
235.841840 396.277935
359.449711 397.728805
481.400829 399.204896
601.740268 400.568378
720.358550 401.944537
837.254480 403.315013
103.841277 513.531924
230.375356 514.108890
355.084874 514.753586
478.169635 515.383367
599.420106 515.942118
718.946449 516.444727
836.816339 517.082578
97.194952 634.183437
225.051829 633.857450
350.792552 633.606393
474.790375 633.387711
597.027491 633.111809
717.538269 632.845641
836.386951 632.679900
90.538247 756.762769
219.424127 755.565503
346.253479 754.507300
471.329292 753.368363
594.598587 752.200713
716.117118 751.151882
835.818381 750.142174
83.878161 881.539230
213.753169 879.371849
341.728216 877.402484
467.827498 875.398238
592.169277 873.355792
714.717201 871.395665
835.428543 869.487146
76.780727 1008.386243
207.954105 1005.225591
337.164484 1002.225357
464.350488 999.461479
589.665821 996.494278
713.245386 993.600411
834.961102 990.814915
242.103982 168.799891
363.604795 177.461380
479.560779 185.590769
590.499330 193.564433
696.707184 201.096500
798.568998 208.316801
896.235213 215.236489
232.507502 262.340587
357.927223 268.986866
477.623594 275.375355
591.900162 281.479715
701.225364 287.363529
805.804775 292.921544
905.974044 298.234639
222.164204 361.971600
351.870424 366.490626
475.417296 370.771379
593.413177 374.880842
705.908319 378.793487
813.445529 382.451937
916.389128 386.088803
211.083140 468.560465
345.549627 470.487739
473.272487 472.357696
594.880134 474.093732
710.836617 475.892184
821.536337 477.496812
927.389369 479.113935
199.307405 582.652508
338.567085 581.623428
470.681652 580.831215
596.462361 580.005811
716.144972 579.169734
830.146170 578.478082
938.934216 577.801884
186.735570 705.051380
331.106079 700.748863
468.254407 696.828792
598.207766 693.013102
721.826021 689.360777
839.358308 685.994842
951.406885 682.735959
173.030856 836.749509
323.193659 828.727965
465.529791 821.028040
600.094934 813.867589
727.823162 806.982462
849.088178 800.551003
964.506156 794.441854
996.994301 411.988674
1089.978791 408.345477
1188.879723 404.693653
1294.600972 400.629136
1407.465809 396.413227
1528.431666 391.762496
1658.356932 386.754549
1008.685947 504.487355
1100.138830 503.892218
1197.222332 503.282251
1300.822541 502.571954
1411.274661 501.769560
1529.529098 500.974672
1656.301107 500.163706
1019.951807 593.548641
1109.848079 595.523814
1205.274047 597.684030
1306.742370 599.980164
1415.036233 602.498807
1530.611636 605.057156
1654.448181 607.960540
1030.768986 678.921814
1119.182995 683.387787
1212.909785 688.241428
1312.543441 693.360924
1418.605965 698.703725
1531.654393 704.562450
1652.546349 710.744595
1041.251098 761.122446
1128.235881 767.925585
1220.342773 775.143856
1318.088989 782.717073
1422.014803 790.889211
1532.694360 799.589372
1650.793041 808.903752
1051.250262 840.304814
1136.822483 849.226050
1227.367565 858.628371
1323.310113 868.582322
1425.220278 879.251919
1533.576495 890.581591
1649.035020 902.672020
1060.940713 916.556193
1145.133019 927.319024
1234.107572 938.788236
1328.386872 951.000001
1428.242150 963.939268
1534.381823 977.602066
1647.402061 992.274061
1039.284858 235.697551
1127.749284 227.309554
1221.487722 218.519819
1321.209276 209.193323
1427.204044 199.251409
1540.357169 188.684713
1661.271447 177.331889
1035.528948 325.143587
1124.367652 319.472445
1218.535965 313.381719
1318.723139 306.995334
1425.349975 300.089321
1539.144502 292.837874
1660.779550 285.108166
1031.722478 415.790387
1120.942545 412.663344
1215.598512 409.435395
1316.253218 405.972810
1423.518649 402.365241
1537.899684 398.378204
1660.386614 394.321585
1027.857519 507.283549
1117.486999 506.878006
1212.595015 506.593529
1313.755478 506.263363
1421.583457 505.816155
1536.683524 505.451326
1659.926683 504.975070
1024.027617 599.863331
1114.052074 602.252811
1209.548830 604.926658
1311.276043 607.637237
1419.634116 610.618604
1535.465809 613.741444
1659.473517 617.213354
1020.074040 693.507094
1110.416746 698.804164
1206.492069 704.462286
1308.606112 710.358906
1417.656820 716.815801
1534.201440 723.675138
1658.999248 731.065995
1016.110380 788.188593
1106.871956 796.297997
1203.384159 805.026566
1306.133096 814.365559
1415.705796 824.287190
1532.971777 834.958616
1658.549704 846.461150
1069.149162 182.657269
1154.256263 173.297760
1244.185466 163.491423
1339.567826 153.151417
1440.626558 142.151374
1548.197879 130.466740
1662.688932 118.000928
1059.254989 260.836819
1145.541539 253.670461
1236.874508 245.983908
1333.775671 237.950658
1436.717443 229.292883
1546.224028 220.212402
1662.952563 210.550821
1048.961304 341.909500
1136.523072 336.880881
1229.303115 331.632733
1327.818809 326.004609
1432.598628 320.076643
1544.150673 313.644041
1663.386077 306.994993
1038.334248 425.799526
1127.206159 423.107690
1221.471360 420.433404
1321.610587 417.500175
1428.272642 414.357088
1542.045939 411.142126
1663.725511 407.539492
1027.358294 512.811314
1117.560909 512.708781
1213.211668 512.747577
1315.220901 512.634386
1423.799397 512.636073
1539.926447 512.581518
1664.136853 512.658376
1015.923233 602.992251
1107.358236 605.703555
1204.786296 608.687467
1308.379678 611.710462
1419.110578 615.113007
1537.561320 618.627667
1664.490600 622.482069
1004.060548 696.568351
1097.003099 702.247507
1195.922029 708.351210
1301.487278 714.882543
1414.212908 721.825325
1535.176737 729.305651
1664.949968 737.361873
1085.578460 463.009743
1193.438996 461.834111
1305.248125 460.778807
1421.431074 459.596700
1541.809541 458.484667
1666.951456 457.203213
1797.094849 455.902544
1090.941025 557.918072
1195.647400 558.573802
1303.984647 559.261651
1416.382589 559.926139
1532.714740 560.571790
1653.573643 561.315691
1778.931432 562.135646
1096.104999 647.411466
1197.690104 649.495814
1302.817331 651.667410
1411.590425 653.881656
1524.258880 656.317310
1641.052699 658.672151
1762.142306 661.271540
1100.890948 731.682426
1199.668796 735.089835
1301.644980 738.672327
1407.190415 742.376229
1516.326030 746.149519
1629.219814 750.106475
1746.323900 754.142068
1105.518837 811.253484
1201.551651 815.871309
1300.662960 820.626976
1403.033104 825.526883
1508.890115 830.685185
1618.259074 835.977354
1731.462666 841.417127
1109.799072 886.610698
1203.269829 892.280565
1299.611887 898.079523
1399.078286 904.105177
1501.729747 910.376172
1607.849657 916.847566
1717.444364 923.535827
1113.944716 957.944832
1204.888264 964.478541
1298.634939 971.239036
1395.360405 978.352500
1495.055580 985.583778
1598.028072 992.977060
1704.385082 1000.746286
1124.992181 140.231976
1216.712770 134.631013
1311.153447 128.927258
1408.674767 123.122739
1509.135153 117.071144
1613.020815 110.864343
1720.338501 104.392497
1120.646623 213.762271
1214.636757 209.236689
1311.591611 204.512766
1411.711642 199.743040
1515.054281 194.767229
1621.804684 189.711894
1732.233974 184.444320
1115.934556 291.294535
1212.412795 287.842627
1311.961607 284.364175
1414.885878 280.721517
1521.172037 277.031860
1631.130218 273.094498
1745.032371 269.204696
1111.046849 372.966709
1210.104709 370.735874
1312.463461 368.597607
1418.257375 366.257270
1527.672368 363.920084
1640.990326 361.556371
1758.402109 358.981219
1105.910765 459.250820
1207.661190 458.420758
1312.808327 457.745712
1421.832401 456.910330
1534.576365 456.118566
1651.503397 455.255949
1772.629766 454.454184
1100.511142 550.442633
1204.937920 551.263378
1313.400465 552.220400
1425.531220 553.042395
1541.855233 554.065883
1662.621509 555.024287
1787.905676 556.047091
1094.659882 647.061922
1202.236156 649.598415
1313.826681 652.292038
1429.630413 655.143001
1549.626101 658.115601
1674.454332 661.172372
1804.194340 664.357221
1086.449336 234.623798
1168.594290 227.052399
1255.186575 219.161264
1346.777094 210.858487
1443.640831 202.007134
1546.410717 192.674158
1655.465789 182.756278
1074.369943 306.177255
1158.033995 300.486308
1246.334146 294.437262
1339.924043 288.117124
1439.029657 281.334216
1544.198687 274.228988
1656.059047 266.680119
1061.691581 381.125598
1146.977658 377.340755
1237.126589 373.435775
1332.730545 369.205162
1434.123948 364.823627
1541.853265 360.081679
1656.762856 355.197430
1048.461281 459.482303
1135.404896 457.837659
1227.476039 456.244562
1325.085896 454.466941
1428.923466 452.590008
1539.456246 450.716846
1657.373828 448.563328
1034.643799 541.623312
1123.308342 542.344797
1217.179802 543.282190
1317.168930 544.175140
1423.468287 545.137990
1536.955308 546.166652
1658.066357 547.370847
1020.118540 627.696537
1110.406334 631.106745
1206.539643 634.809594
1308.637010 638.637303
1417.674294 642.859875
1534.157924 647.269038
1658.797622 652.063838
1004.806169 718.102292
1097.036379 724.356471
1195.203959 731.097869
1299.866296 738.320247
1411.529140 745.976299
1531.318021 754.252613
1659.679753 763.140250
1148.419126 257.551888
1239.294572 251.974238
1334.132272 246.196659
1433.446095 240.222157
1537.230965 233.941311
1646.279000 227.344609
1760.643859 220.404330
1140.731478 333.968842
1233.682962 330.038306
1330.867872 325.881561
1432.731336 321.616879
1539.410122 317.080605
1651.402179 312.402623
1769.104979 307.456414
1132.591801 414.344031
1227.819609 412.089284
1327.473965 409.837588
1432.022479 407.438799
1541.630342 404.989454
1656.836336 402.277344
1778.192348 399.639181
1124.126345 498.859545
1221.657890 498.516904
1323.900103 498.338302
1431.215275 498.036060
1543.909012 497.796815
1662.607986 497.604175
1787.700476 497.267135
1115.193988 587.887277
1215.189009 589.685386
1319.972205 591.815950
1430.419989 593.864812
1546.355815 596.158661
1668.872262 598.503277
1797.865643 601.070290
1105.778136 681.767050
1208.170439 686.061815
1316.013367 690.667903
1429.391543 695.378280
1548.936397 700.553794
1675.339396 705.905383
1808.752298 711.544365
1095.752783 780.934473
1200.908291 787.883187
1311.666203 795.250107
1428.593011 803.094622
1551.698588 811.408874
1682.183138 820.135372
1820.336727 829.427288
1151.686543 377.887764
1257.065860 375.512495
1366.081872 373.183594
1479.142075 370.756700
1596.221081 368.289193
1717.821535 365.649914
1844.008851 362.983030
1151.253773 479.497304
1256.470356 479.009179
1365.474031 478.448674
1478.372848 477.941541
1595.259254 477.368990
1716.706338 476.816357
1842.802883 476.353729
1150.780227 581.067733
1255.864108 582.307665
1364.807055 583.587691
1477.520405 584.899472
1594.358747 586.381614
1715.630933 587.716279
1841.732871 589.336301
1150.359412 682.327105
1255.388630 685.280236
1364.097582 688.435612
1476.711647 691.667688
1593.435099 695.010130
1714.510517 698.477371
1840.176286 702.049451
1149.984901 783.419271
1254.851147 788.113619
1363.418258 793.049038
1475.923995 798.144498
1592.484920 803.523027
1713.497827 808.993465
1838.973201 814.770699
1149.547786 884.331341
1254.279206 890.813859
1362.779681 897.546531
1475.047638 904.556903
1591.438791 911.854094
1712.345093 919.341735
1837.730222 927.168676
1149.126686 984.955904
1253.686816 993.166116
1362.028077 1001.715436
1474.295688 1010.668021
1590.434114 1019.629698
1711.146616 1029.214626
1836.758253 1039.592278
1079.413827 257.376556
1185.896561 250.162614
1298.023801 242.754045
1416.581156 234.828396
1541.644825 226.543339
1673.976416 217.668701
1814.370029 208.291311
1089.410213 358.393381
1193.004454 354.144304
1301.834676 349.621826
1416.645158 344.815699
1537.568135 339.709330
1665.411956 334.387389
1800.669964 328.779795
1098.970298 453.875095
1199.718129 451.995565
1305.534497 450.015618
1416.748717 447.912864
1533.910203 445.834317
1657.443278 443.489043
1787.966873 441.124034
1107.904574 543.880608
1206.019573 544.197687
1308.851936 544.613766
1416.932880 545.049004
1530.514860 545.385237
1649.987216 545.816433
1776.013318 546.238589
1116.485424 629.013582
1212.047153 631.353077
1312.142999 633.781539
1417.069800 636.284638
1527.300210 639.000511
1643.064788 641.821918
1764.901880 644.758835
1124.494965 709.763653
1217.699717 713.892358
1315.116112 718.106008
1417.152539 722.536195
1524.117694 727.278198
1636.485253 732.177146
1754.425909 737.355291
1132.171076 786.355642
1223.006203 791.935832
1317.930553 797.796887
1417.303391 804.026810
1521.230517 810.543523
1630.245306 817.301192
1744.665549 824.479144
1140.850547 87.919018
1249.513341 80.177663
1362.123373 72.274390
1479.225173 64.055811
1600.245691 55.506520
1726.415237 46.625894
1857.546272 36.794383
1141.545031 195.169666
1249.286194 189.514712
1360.924339 183.564692
1476.786408 177.485234
1596.812296 171.124984
1721.598275 164.554755
1850.948971 157.795874
1142.202899 300.801237
1249.041298 296.951058
1359.784320 293.026744
1474.487530 288.901670
1593.365214 284.801906
1716.871900 280.316362
1845.294771 275.898203
1142.876726 404.474326
1248.802154 402.481227
1358.505625 400.518745
1472.181497 398.466329
1589.957864 396.284609
1712.259817 394.059379
1839.128363 391.731849
1143.636466 506.425092
1248.648904 506.260334
1357.366422 506.094014
1469.963025 505.910427
1586.665880 505.832540
1707.786140 505.632872
1833.412394 505.454482
1144.261662 606.741341
1248.346553 608.334336
1356.167485 609.899856
1467.705721 611.602997
1583.290855 613.455075
1703.305035 615.239032
1827.779586 617.155892
1144.929712 705.326187
1248.125158 708.492975
1354.955585 711.830663
1465.606488 715.387724
1580.092200 719.059541
1698.856002 722.729615
1822.143945 726.729197
