-32.79584436703610 -13.95486647146950 83.10659058192870
-25.86721817366564 -31.31619150604354 96.20858488044018
-6.68859858973975 -17.31368848948203 64.02957854033811
-11.38940985708893 -31.20270810139443 76.26464522791950
-20.75900825836704 -32.35309030722212 77.48401780891152
-25.21748532064567 -14.42275274851591 72.20283848500277
-36.62412462887180 -13.68994915185806 62.93895636292875
-41.93541539237302 -30.88576970024538 76.52402562305465
-46.38531487491102 -30.53642667824634 63.44644065301567
-41.21123400142568 -20.28959176641705 57.12375883814785
-47.77962189416699 -19.16797766385185 69.17304290792340
-44.21414137538143 -25.44967595813245 74.15443078074838
-3.36390497453391 -13.53645130477672 85.20978194168889
3.50158762658834 -30.32351396862580 98.32267330987499
8.43426805141938 -24.56119976864211 96.57959538727039
5.91538286650631 -15.50512156504509 81.78400327272460
0.79786745149288 -21.49206771824527 77.37432677044158
4.77818806741415 -31.70509563391736 78.61370514215393
