-1.90403418565632 -1.77741693734888 0.11061904315865 
-1.99955873575606 -2.15747450409625 0.78082560110836 
2.03732548117159 2.12934884456506 0.64911041146231 
1.93038758012519 1.81793902464873 0.08851238962778 
2.08452541470264 2.07569258952151 -0.12248043218948 
-2.05825444601637 -2.03597408575355 -0.09651431208451 
2.04601061819342 2.18317402648553 0.77176023216037 
1.92977363343964 1.81784650282235 0.08878060771514 
2.16065987022500 2.18751388726415 0.32789417238430 
2.04647238438717 2.18277746586949 0.77199702667232 
2.13293723492856 2.13233747786563 -0.01343052883656 
1.93013916068063 1.81815893323673 0.08914170838677 
-1.90429302780339 -1.77795863574306 0.11057478597769 
-1.99898007812380 -2.15783766783173 0.78015733760336 
-1.99875399831561 -2.15806361924716 0.78074317536617 
-2.09007896080184 -2.09827688059333 0.22912216908271 
-1.90487448967299 -1.77766443639133 0.11073337030967 
-2.10447264749555 -2.09541570888055 0.01075371198423
