504.940890 401.766832
584.543880 397.737643
669.388617 393.583997
760.134051 389.132978
857.270959 384.359676
961.729429 379.164643
1074.067448 373.588618
527.081259 496.812583
605.728815 495.962473
689.386358 495.067964
778.721537 494.117993
874.225434 492.968669
976.709725 491.879615
1086.803321 490.666628
548.435364 588.137486
626.044846 590.060487
708.555779 592.109100
796.486374 594.296050
890.443570 596.710158
991.006211 599.119091
1098.893240 601.896850
568.871047 675.681142
645.528369 680.220683
726.882545 685.067031
813.482552 690.322139
905.916020 695.752039
1004.666501 701.557753
1110.378076 707.840232
588.588281 759.871046
664.293976 766.834237
744.590234 774.190288
829.860778 782.009999
920.770255 790.390316
1017.710187 799.289971
1121.381154 808.836466
607.495769 840.927147
682.249596 850.124364
761.434445 859.840439
845.444739 870.030065
934.906761 880.993563
1030.195569 892.665137
1131.834216 905.157341
625.715853 918.901114
699.532455 930.021712
777.604803 941.846567
860.486850 954.397106
948.447747 967.739932
1042.061290 981.938971
1141.832530 997.159246
631.934363 159.796707
706.413798 149.552352
785.237154 138.784897
868.909252 127.391626
957.831666 115.186809
1052.701510 102.233737
1153.734705 88.458257
614.008791 239.327861
689.313006 231.277593
769.127333 222.784712
853.882984 213.722690
944.236676 204.072376
1040.543542 193.845356
1143.348225 182.934840
595.466894 321.883987
671.662804 316.084621
752.472796 309.978480
838.405743 303.515471
930.006820 296.672183
1027.807800 289.259415
1132.463121 281.507802
576.312044 407.321852
653.357290 404.033768
735.169338 400.648504
822.232503 397.014792
915.210818 393.048889
1014.622661 388.886945
1121.103269 384.422425
556.503862 496.105555
634.374103 495.484741
717.094099 494.975441
805.470774 494.234877
899.762579 493.603691
1000.780400 492.793321
1109.107329 492.119097
535.815183 588.243936
614.422835 590.529130
698.369928 593.085291
787.869412 595.676961
883.647361 598.574339
986.308931 601.509235
1096.639996 604.783123
514.308217 683.968203
593.940433 689.348284
678.945509 695.141802
769.680063 701.418685
866.806727 708.017788
971.267291 715.172428
1083.514081 722.849810
916.546590 307.136000
1026.959405 314.627630
1130.197789 321.742313
1227.025609 328.480278
1318.012802 334.816274
1403.770014 340.638455
1484.587187 346.299057
907.048034 427.182389
1015.909988 430.673060
1117.773026 434.073350
1213.482235 437.228254
1303.432146 440.186285
1388.331686 442.971459
1468.284718 445.618980
897.943747 543.083249
1005.152054 542.880339
1105.753850 542.698474
1200.282575 542.540568
1289.296412 542.455394
1373.290610 542.158230
1452.553419 542.124094
888.993242 655.145990
994.793938 651.354472
1093.995427 647.847757
1187.477898 644.591975
1275.513543 641.544263
1358.612113 638.591017
1437.235020 635.862421
880.445593 763.336482
984.757790 756.333209
1082.735936 749.764164
1174.993600 743.646426
1262.183277 737.723085
1344.415188 732.282858
1422.287831 727.009070
872.203628 868.102930
975.081188 858.035191
1071.780559 848.562049
1163.010186 839.657657
1249.204227 831.199010
1330.696059 823.243890
1407.855785 815.738129
864.180350 969.419687
965.510733 956.462885
1061.139945 944.216216
1151.341301 932.840460
1236.621240 921.941621
1317.256232 911.602041
1393.775103 901.941029
857.671150 86.753627
956.780033 99.996563
1050.225467 112.404431
1138.599515 124.270640
1222.143580 135.520817
1301.450826 146.126129
1376.746831 156.214679
868.183898 180.529658
969.091451 191.208601
1064.220079 201.340496
1153.975119 210.890341
1238.792861 220.009166
1319.084336 228.559590
1395.170268 236.661314
879.128633 278.517947
981.889501 286.481022
1078.696916 293.999803
1169.918714 301.139957
1255.958922 307.957734
1337.315626 314.195579
1414.452973 320.270313
890.638089 381.119901
995.430092 386.032736
1093.808798 390.728193
1186.451420 395.121661
1273.777464 399.355927
1356.282710 403.325601
1434.371346 407.100909
902.688336 488.499733
1009.403647 490.121906
1109.482943 491.774401
1203.648961 493.348660
1292.377397 494.655481
1376.028438 496.047525
1455.020355 497.316224
915.393935 601.134789
1024.063512 599.150291
1126.078219 597.393148
1221.701452 595.760507
1311.745898 594.150114
1396.634692 592.634828
1476.694423 591.288854
928.615639 719.279758
1039.388360 713.429767
1143.313103 707.838561
1240.598586 702.808311
1332.019638 697.883267
1417.982645 693.323147
1499.112362 689.038591
686.212954 68.545829
794.607090 71.851362
901.603103 75.102712
1007.346782 78.418287
1111.761572 81.614929
1214.957101 84.821011
1316.904900 88.028486
683.453678 167.251429
793.531099 169.999680
902.185161 172.699825
1009.639799 175.413859
1115.642610 178.076978
1220.364104 180.754978
1323.653153 183.429222
680.578681 269.174204
792.383249 271.295014
902.768836 273.389813
1011.912659 275.477559
1119.568852 277.597149
1225.787844 279.607407
1330.682979 281.732252
677.617000 374.360025
791.303150 375.767453
903.434001 377.265983
1014.208635 378.716787
1123.549790 380.162147
1231.388926 381.631704
1337.900275 383.056891
674.652488 483.040428
790.154238 483.737590
904.025874 484.562273
1016.580043 485.307846
1127.680641 486.047383
1237.185287 486.840960
1345.222940 487.607603
671.554723 595.304306
788.819865 595.316762
904.768294 595.371410
1019.090882 595.393110
1131.897917 595.457562
1243.243639 595.485211
1352.992439 595.578986
668.262001 711.428526
787.564133 710.584288
905.437635 709.817567
1021.711674 709.119068
1136.319705 708.385003
1249.330396 707.679320
1360.879625 706.997283
588.039553 378.133708
698.168462 376.744517
810.605943 375.417710
925.643451 373.993426
1043.241885 372.555148
1163.496169 371.083324
1286.266085 369.541139
597.058371 488.719141
705.393270 488.549340
815.960705 488.417083
928.936141 488.265586
1044.363507 487.960047
1162.400887 487.819883
1282.813444 487.616343
605.895018 595.559956
712.423108 596.460438
821.062923 597.362107
932.094252 598.331779
1045.523786 599.267816
1161.348992 600.201900
1279.577291 601.277288
614.380142 698.653313
719.214001 700.561405
825.990124 702.541271
935.109861 704.591510
1046.565829 706.618444
1160.271610 708.665387
1276.383347 710.812962
622.669437 798.321770
725.790083 801.180479
830.876905 804.127428
938.086730 807.104554
1047.591563 810.188413
1159.282268 813.344237
1273.273814 816.575216
630.631730 894.796587
732.085067 898.564330
835.474339 902.380978
940.929793 906.252543
1048.535550 910.291119
1158.391287 914.396425
1270.350449 918.599467
638.355433 988.113271
738.189168 992.641340
839.950184 997.242119
943.748588 1002.107724
1049.468670 1006.996752
1157.404823 1011.952145
1267.491056 1017.161821
295.713492 375.513154
427.637860 380.814192
550.989419 385.741205
666.568565 390.460637
775.148423 394.916525
877.380491 398.945898
973.815659 402.834555
297.795432 492.316516
426.426961 493.644565
546.744323 494.992733
659.806537 496.252983
766.130934 497.398038
866.458716 498.420990
961.027288 499.457101
299.838376 603.233365
425.192436 601.077437
542.733034 599.035653
653.396970 597.134002
757.583285 595.384208
855.930521 593.567509
948.859849 591.972095
301.637256 708.845327
424.051216 703.420493
538.858882 698.309044
647.161652 693.584171
749.308008 689.131500
845.790290 684.813620
937.119655 680.817441
303.540927 809.323819
422.903866 801.096106
535.314854 793.220008
641.233454 785.894075
741.467342 778.871625
836.104121 772.382981
925.820954 766.085796
305.223940 905.351202
421.980172 894.421477
531.858063 884.045632
635.677910 874.310659
733.863242 865.042227
826.892719 856.298672
915.083836 848.047713
306.907549 996.914167
420.844286 983.533838
528.520946 970.842785
630.241742 958.981427
726.630750 947.681694
817.882728 936.934327
904.688349 926.811244
312.381804 93.917382
427.003889 106.969973
535.049979 119.193110
637.260837 130.886689
733.937620 141.953459
825.635863 152.393397
912.712863 162.314890
310.924677 187.506332
427.979373 197.961755
538.232142 207.926201
642.378034 217.326138
740.814754 226.239555
834.072599 234.642674
922.448647 242.645417
309.287305 285.196495
428.903128 293.028313
541.476699 300.370861
647.767871 307.340353
747.983939 313.967314
842.803979 320.081440
932.707546 326.023894
307.507310 387.545134
429.993806 392.330081
544.927386 396.850883
653.261156 401.109621
755.401311 405.220534
851.894660 409.033086
943.322450 412.657945
305.802828 494.714889
430.988052 496.213876
548.406106 497.697435
658.956103 499.098191
763.094986 500.332618
861.332870 501.573490
954.202984 502.676263
304.001623 607.057404
432.044090 604.949549
552.264295 603.051804
665.037101 601.297408
771.164877 599.529866
871.286191 597.944193
965.724025 596.422778
302.079500 724.914812
433.191375 718.900577
556.184294 713.163557
671.353759 708.010437
779.618682 703.029084
881.422141 698.364189
977.591440 693.951458
91.038401 24.215384
229.167598 33.735903
360.999559 42.005203
489.319502 50.370848
613.303218 58.258511
733.410685 65.887145
849.798397 73.174285
97.779782 153.335317
233.174377 159.768703
364.077158 166.157863
490.897908 172.302504
613.716353 178.220306
732.786190 183.934509
848.070468 189.544937
103.702301 279.214934
237.542773 283.652193
367.065150 287.913831
492.702653 292.086604
614.326813 296.105998
732.215670 299.912118
846.460353 303.737217
109.211207 402.707997
241.849962 405.024466
370.069626 407.317519
494.342685 409.520211
614.854413 411.718626
731.571317 413.758278
844.881316 415.825615
114.964787 523.632314
246.014142 524.058102
373.003786 524.472020
495.965067 524.875879
615.357643 525.184041
730.998046 525.610685
843.226571 525.926330
120.426786 642.280925
250.151711 640.823116
375.880069 639.409770
497.677369 638.044908
615.872255 636.633574
730.526893 635.319180
841.697305 634.068665
125.907633 758.582551
254.215479 755.218509
378.743725 751.995652
499.330355 749.041413
616.405714 745.973623
729.953661 743.033919
840.148691 740.315903
136.006566 207.982306
284.074415 216.909542
424.245557 225.383439
557.206673 233.421066
683.401376 241.121181
803.377319 248.287728
917.585742 255.146035
151.076482 337.219292
293.415465 342.379027
428.331128 347.428926
556.548254 352.123515
678.476779 356.576739
794.687517 360.799224
905.314844 364.821423
165.107655 457.112990
302.040962 459.145290
432.086850 461.025079
555.952909 462.811294
673.930217 464.554676
786.487802 466.062411
893.854810 467.576304
178.069516 568.722926
310.058293 567.891934
435.507584 567.057342
555.315561 566.310119
669.609741 565.621729
778.715194 564.831096
883.079198 564.189652
190.308135 672.667115
317.554258 669.475938
438.950308 666.268061
554.697100 663.325301
665.591325 660.418406
771.406717 657.768849
872.875036 655.113315
201.666612 769.999042
324.672390 764.619929
442.002565 759.424838
554.238842 754.476038
661.709242 749.691480
764.710349 745.206532
863.334953 740.894458
212.466840 861.138909
331.209151 853.823687
444.937906 846.825713
553.788423 840.265025
658.165268 833.844040
758.191325 827.669199
854.277150 821.878962
116.721946 278.268838
241.175781 280.501664
363.723791 282.674693
484.662992 284.927914
603.961555 287.085800
721.685227 289.211080
837.699302 291.330224
110.297997 394.939112
235.831274 396.294606
359.415613 397.750023
481.395172 399.217017
601.739586 400.596964
720.359708 401.969523
837.241889 403.333053
103.786145 513.539699
230.329264 514.143352
355.036971 514.758131
478.156033 515.380033
599.410443 515.947319
718.920514 516.443155
836.826535 517.099807
97.085858 634.199831
224.945614 633.905317
350.733990 633.635160
474.730232 633.397884
597.014571 633.110906
717.516149 632.847616
836.383682 632.683465
90.450444 756.867890
219.274160 755.640674
346.149099 754.573323
471.227272 753.435927
594.545543 752.261210
716.092901 751.169587
835.814211 750.153273
83.489101 881.699872
213.641822 879.526614
341.610715 877.542271
467.745721 875.527254
592.134355 873.446394
714.701645 871.464812
835.430592 869.538762
76.337637 1008.813578
207.769159 1005.431085
337.081758 1002.401755
464.219799 999.654923
589.617509 996.623028
713.189679 993.726614
834.972769 990.871180
242.200699 168.887690
363.672943 177.520336
479.639245 185.653644
590.569462 193.608583
696.737010 201.151302
798.569391 208.387614
896.243571 215.284280
232.582061 262.405831
357.985966 269.001207
477.639446 275.406987
591.932900 281.503108
701.239334 287.396436
805.835059 292.920062
905.983549 298.266242
222.199575 361.975068
351.896507 366.486840
475.447250 370.739354
593.445522 374.830408
705.948050 378.796024
813.465972 382.436213
916.417580 386.062681
211.056066 468.544893
345.563909 470.473145
473.254334 472.357974
594.906532 474.091797
710.882395 475.867358
821.553171 477.472698
927.405433 479.085690
199.315890 582.652817
338.544292 581.619331
470.660008 580.835681
596.464889 579.998696
716.147179 579.149909
830.164459 578.439084
938.933029 577.728160
186.647591 705.066372
331.042100 700.744037
468.224297 696.794273
598.205907 693.009437
721.843315 689.332191
839.353503 685.956705
951.403141 682.700560
172.896132 836.833042
323.116883 828.758859
465.488919 821.050643
600.055002 813.886749
727.856996 806.979095
849.103056 800.537613
964.559663 794.366178
996.941765 412.038929
1089.924376 408.430748
1188.805172 404.782096
1294.432889 400.774791
1407.271966 396.575779
1528.259787 391.932087
1658.097503 386.996314
1008.628606 504.507426
1100.078031 503.930502
1197.173066 503.338224
1300.708982 502.630846
1411.144811 501.879890
1529.373321 501.148795
1656.091597 500.319443
1019.893305 593.571715
1109.789225 595.580925
1205.200028 597.734604
1306.651497 600.049572
1414.903216 602.618072
1530.457750 605.175193
1654.230343 608.111089
1030.722825 678.962368
1119.116045 683.438763
1212.823471 688.276157
1312.433092 693.420593
1418.479772 698.816023
1531.501485 704.662583
1652.364905 710.866969
1041.175667 761.164410
1128.180318 767.965051
1220.286007 775.189880
1317.986127 782.792273
1421.911996 791.019416
1532.518609 799.720714
1650.621399 809.103831
1051.188209 840.333846
1136.740093 849.286173
1227.269147 858.735418
1323.212331 868.686338
1425.106539 879.375191
1533.461783 890.681153
1648.911375 902.797377
1060.831249 916.603830
1145.037741 927.375745
1234.036428 938.874582
1328.336426 951.087794
1428.146888 964.053244
1534.275565 977.735658
1647.242173 992.426489
1069.166479 182.747811
1154.225563 173.406330
1244.091577 163.653397
1339.401944 153.331714
1440.446917 142.383202
1547.985340 130.731145
1662.447430 118.315551
1059.206300 260.893157
1145.463761 253.727068
1236.808486 246.095873
1333.647772 238.047007
1436.550384 229.476665
1546.047850 220.399196
1662.726640 210.796287
1048.913254 341.932744
1136.446448 336.924769
1229.234382 331.654072
1327.701765 326.050540
1432.438343 320.199380
1543.973515 313.783223
1663.105857 307.200838
1038.274071 425.799278
1127.166729 423.132010
1221.401252 420.470044
1321.496160 417.567213
1428.115053 414.442675
1541.864613 411.215031
1663.502313 407.689274
1027.304321 512.767139
1117.519766 512.696317
1213.156698 512.738812
1315.090381 512.652115
1423.677707 512.724272
1539.710352 512.664292
1663.908947 512.786420
1015.882278 602.950292
1107.289836 605.688769
1204.659087 608.699374
1308.285026 611.738337
1418.993640 615.167044
1537.375680 618.662922
1664.299663 622.571569
1003.962808 696.570915
1096.907517 702.256325
1195.835123 708.378039
1301.390973 714.898681
1414.099399 721.816991
1535.028490 729.357822
1664.760599 737.410142
1148.401547 257.625091
1239.242114 252.063898
1334.021273 246.319686
1433.288896 240.362752
1537.045026 234.130348
1646.046371 227.564881
1760.335408 220.672736
1140.684816 333.997874
1233.584706 330.081823
1330.777676 325.971704
1432.583307 321.693317
1539.246635 317.232102
1651.194528 312.570747
1768.810068 307.677759
1132.538648 414.345891
1227.720417 412.124298
1327.387707 409.845242
1431.865418 407.475803
1541.457659 405.074697
1656.627255 402.411446
1777.861384 399.801868
1124.064290 498.833178
1221.607289 498.532240
1323.799442 498.370972
1431.076738 498.111887
1543.748995 497.872035
1662.403403 497.692762
1787.467623 497.402095
1115.145906 587.835707
1215.140899 589.667309
1319.896905 591.815091
1430.275944 593.883003
1546.231488 596.254656
1668.666909 598.567712
1797.590730 601.202693
1105.728276 681.737157
1208.088718 686.050960
1315.877058 690.680328
1429.289059 695.426792
1548.830825 700.596714
1675.141530 705.952852
1808.568106 711.652349
1095.642169 780.932486
1200.809099 787.905087
1311.564752 795.304650
1428.465867 803.136232
1551.585963 811.421360
1682.006766 820.205559
1820.123060 829.420670
1151.649672 377.940540
1257.011968 375.560707
1365.976195 373.279236
1478.978019 370.905405
1595.986210 368.479783
1717.563101 365.860965
1843.761580 363.197484
1151.199554 479.520138
1256.377814 479.075558
1365.373647 478.532462
1478.217731 478.022030
1595.117823 477.511867
1716.550491 476.979335
1842.590115 476.498477
1150.738737 581.072941
1255.798421 582.344078
1364.718685 583.646267
1477.394029 584.970187
1594.209140 586.485779
1715.466772 587.851626
1841.251650 589.478287
1150.301467 682.339606
1255.329394 685.326901
1363.976130 688.466058
1476.603327 691.739463
1593.307303 695.117041
1714.336611 698.627985
1840.038321 702.174779
1149.913016 783.434311
1254.805700 788.172300
1363.356512 793.130782
1475.832548 798.231006
1592.392388 803.645326
1713.319947 809.098788
1838.740143 814.890871
1149.486360 884.362167
1254.202559 890.892167
1362.700305 897.629087
1474.931030 904.651341
1591.362976 911.960702
1712.221330 919.442555
1837.488229 927.258073
1149.026801 985.040804
1253.628112 993.262238
1361.965859 1001.826753
1474.234768 1010.776988
1590.436910 1019.836082
1711.135697 1029.435345
1836.504401 1039.473459
1079.373437 257.495439
1185.815271 250.321081
1297.905581 242.936754
1416.336775 235.096857
1541.381968 226.835044
1673.704082 218.005630
1813.990980 208.671188
1089.368023 358.467809
1192.944267 354.253000
1301.754372 349.745322
1416.491449 344.968554
1537.388935 339.918752
1665.208350 334.687264
1800.321681 329.045692
1098.929779 453.937812
1199.657605 452.092214
1305.439154 450.131117
1416.620977 448.058891
1533.733029 446.022209
1657.243469 443.688307
1787.626993 441.366814
1107.867130 543.928370
1205.949610 544.264587
1308.755600 544.681365
1416.785169 545.154974
1530.337439 545.554074
1649.779553 545.988138
1775.775390 546.402732
1116.413553 629.054306
1212.000429 631.402536
1312.078570 633.835115
1416.950131 636.364252
1527.181287 639.126450
1642.864409 641.978402
1764.682701 645.000182
1124.441891 709.797934
1217.633379 713.955950
1315.026917 718.208363
1417.038176 722.629752
1524.002468 727.427579
1636.368887 732.312174
1754.238044 737.523767
1132.091256 786.420885
1222.934309 792.016695
1317.864121 797.907170
1417.233091 804.156815
1521.097265 810.700349
1630.124391 817.460872
1744.438182 824.687127
1140.807818 88.106981
1249.442620 80.362463
1362.029935 72.520234
1478.997130 64.321942
1599.987404 55.841335
1726.170020 47.124441
1857.631509 36.897511
1141.507707 195.308689
1249.179327 189.681969
1360.791238 183.765413
1476.614364 177.714239
1596.612277 171.440525
1721.340018 164.900951
1850.662529 158.131153
1142.156846 300.862142
1248.970161 297.078878
1359.675176 293.156985
1474.330427 289.083792
1593.178316 285.019784
1716.612398 280.582820
1844.712778 276.168708
1142.844881 404.526320
1248.741490 402.575888
1358.376546 400.599095
1472.035734 398.603536
1589.768456 396.462347
1712.000545 394.274247
1838.890016 391.918210
1143.579563 506.448377
1248.609455 506.315275
1357.297316 506.169601
1469.835438 505.994581
1586.528719 505.969549
1707.554436 505.800905
1833.125480 505.699281
1144.230630 606.748868
1248.287034 608.370380
1356.087124 609.978097
1467.574957 611.699270
1583.159732 613.597824
1703.140041 615.393112
1827.556564 617.349463
1144.852841 705.371338
1248.050436 708.547049
1354.872711 711.905742
1465.541283 715.480265
1579.991198 719.169914
1698.690195 722.878910
1821.944171 726.890960
