504.316114 402.497831
584.241874 398.283159
669.264218 394.016982
760.158074 389.446233
857.365831 384.628788
961.741876 379.488528
1073.880812 374.019658
526.354457 497.423320
605.322396 496.391056
689.140413 495.354751
778.620996 494.297098
874.313373 493.073514
976.826020 492.019787
1086.712618 490.896890
547.559432 588.796868
625.502365 590.479975
708.237619 592.421551
796.296786 594.459845
890.519807 596.712813
991.107464 599.039052
1098.866302 601.970629
567.861756 676.528647
644.890385 680.837414
726.464907 685.606245
813.226022 690.771985
905.861785 696.084608
1004.724912 701.896570
1110.441022 708.279900
587.402929 761.032007
663.501151 767.817968
744.079773 775.108742
829.567276 782.861720
920.620373 791.195884
1017.759874 800.114315
1121.457023 809.721557
606.143102 842.618641
681.280960 851.657748
760.810250 861.235093
845.089640 871.403331
934.713664 882.360961
1030.177920 894.100021
1131.950219 906.726700
624.224275 921.334774
698.384778 932.313033
776.803081 944.020934
860.004454 956.520911
948.196796 969.914573
1042.029560 984.191108
1142.023052 999.592944
631.891051 161.444741
706.463829 151.255707
785.291429 140.555148
868.877033 129.314573
957.525452 117.289343
1052.073179 104.554915
1152.637887 91.217100
613.950804 240.505388
689.378347 232.481356
769.181368 223.940775
853.934436 214.945514
944.156956 205.366480
1040.101258 195.357017
1142.503430 184.761146
595.310605 322.708628
671.658778 316.833862
752.501037 310.714093
838.479069 304.193493
930.046209 297.364566
1027.580516 290.069627
1131.914720 282.560944
575.974692 407.958213
653.198665 404.511764
735.083066 401.052657
822.254909 397.308966
915.281238 393.368838
1014.566060 389.328531
1120.793470 384.950485
555.888499 496.722626
634.012422 495.907679
716.876303 495.279797
805.437959 494.443556
899.876492 493.758604
1000.902483 493.041670
1108.976883 492.403169
534.859037 589.005735
613.852495 591.049296
698.067935 593.448509
787.666892 595.890312
883.692586 598.665242
986.424126 601.518552
1096.576552 604.930320
512.921910 685.065657
593.058382 690.193648
678.394646 695.804058
769.339850 702.012387
866.633725 708.579086
971.288554 715.645972
1083.585527 723.435182
916.499459 307.711503
1026.676975 315.305107
1129.640428 322.505502
1226.216065 329.421942
1316.921696 336.006281
1402.284957 342.134651
1482.628243 348.092004
907.014000 427.397715
1015.781931 430.975415
1117.488439 434.425948
1212.971595 437.670543
1302.708160 440.885359
1387.238665 443.943642
1466.803060 446.901590
897.938009 543.137283
1005.106628 542.942701
1105.553711 542.811032
1200.004761 542.837350
1288.869944 542.924403
1372.580041 542.875248
1451.478688 543.094932
888.853191 655.317555
994.776222 651.405434
1093.945538 648.029694
1187.376376 644.964159
1275.317490 642.052016
1358.193240 639.250321
1436.496043 636.791655
880.153149 764.045235
984.663886 756.944922
1082.715953 750.366548
1174.948743 744.297017
1262.105823 738.452351
1344.184563 733.107778
1421.850350 728.044180
871.813678 869.441070
974.894791 859.238774
1071.718907 849.721018
1163.027474 840.802959
1249.200321 832.292320
1330.636647 824.425477
1407.692414 817.100917
863.566289 971.730831
965.214835 958.526809
1061.089665 946.113926
1151.373832 934.663352
1236.698595 923.698861
1317.331960 913.420454
1393.800454 903.898503
857.513407 88.991547
956.375689 102.247809
1049.546641 114.622414
1137.603682 126.630478
1220.832956 137.971099
1299.809889 148.649455
1374.677293 158.963025
868.100406 181.986115
968.828106 192.666206
1063.650141 202.818609
1153.089916 212.503182
1237.602938 221.730051
1317.552053 230.483627
1393.298252 238.800739
879.094833 279.314004
981.727260 287.272963
1078.231321 294.874694
1169.204198 302.197021
1254.988041 309.138622
1336.049702 315.611656
1412.831762 321.987168
890.614372 381.482646
995.315329 386.429879
1093.534060 391.194571
1185.921113 395.733331
1273.005844 400.158989
1355.241711 404.350909
1432.944175 408.432797
902.700361 488.699987
1009.353845 490.379633
1109.256841 492.046188
1203.269304 493.697844
1291.843248 495.226414
1375.188294 496.881570
1453.818223 498.417733
915.384294 601.165811
1024.020229 599.156551
1125.902549 597.632561
1221.512129 596.159014
1311.387032 594.735535
1395.970120 593.432228
1475.677641 592.326827
928.431762 719.808724
1039.323369 713.911429
1143.267479 708.386285
1240.515107 703.440342
1331.759868 698.658266
1417.481925 694.303993
1498.316492 690.346840
686.189544 70.766401
794.568305 74.170115
901.341165 77.500339
1006.754388 80.907490
1110.800778 84.296931
1213.536700 87.779732
1314.931074 91.263582
683.448251 168.837997
793.548403 171.566170
902.104323 174.245852
1009.218303 177.033148
1114.859650 179.873911
1219.143465 182.790851
1322.003441 185.710776
680.542621 270.160135
792.405614 272.153895
902.760379 274.222156
1011.638595 276.383289
1118.980584 278.646857
1224.855190 280.901684
1329.361497 283.334337
677.487801 374.907666
791.256184 376.188735
903.469438 377.623167
1014.084276 379.116508
1123.161627 380.717813
1230.733747 382.395129
1336.889448 384.134694
674.327547 483.406921
790.008337 483.945432
904.082881 484.746975
1016.556511 485.570607
1127.438750 486.344617
1236.788039 487.289187
1344.533222 488.366203
671.073821 595.730610
788.577525 595.562792
904.802308 595.433394
1019.067923 595.390550
1131.769112 595.661238
1243.047345 595.922799
1352.533306 596.262751
667.605053 712.201585
787.181020 711.202403
905.314878 710.283803
1021.683994 709.548599
1136.301568 708.925747
1249.263531 708.334504
1360.574507 707.873977
587.749896 378.753676
698.095208 377.208192
810.600654 375.754009
925.713553 374.306084
1043.101131 372.962335
1163.013791 371.686876
1285.431288 370.446280
596.603518 489.165649
705.170031 488.806408
815.890129 488.579998
929.056359 488.415460
1044.301413 488.197145
1162.116623 488.085402
1282.329437 488.153683
605.254005 596.076308
712.062101 596.756671
820.927552 597.507572
932.174292 598.291826
1045.496692 599.235175
1161.244901 600.437836
1279.364936 601.745838
613.534435 699.444326
718.739060 701.140153
825.717314 703.039290
935.076058 704.976418
1046.580016 706.977496
1160.301445 709.178200
1276.321746 711.468496
621.527463 799.613243
725.122507 802.246353
830.503653 805.097035
937.954119 808.007537
1047.595301 811.091588
1159.360183 814.306572
1273.298542 817.603043
629.207137 896.970708
731.182489 900.422190
834.998713 904.028086
940.711702 907.848110
1048.529848 911.847249
1158.481117 916.054914
1270.489271 920.400539
636.591154 991.338670
736.972467 995.530591
839.237545 999.929244
943.372499 1004.676611
1049.418673 1009.543398
1157.549203 1014.543660
1267.767968 1019.843015
293.813681 376.916092
426.595892 381.770445
550.480701 386.380260
666.356732 390.907743
775.060167 395.241155
877.386489 399.203376
973.779881 403.132695
295.370742 493.764922
424.974109 494.547671
546.036179 495.565190
659.432267 496.553883
765.920905 497.579893
866.412330 498.523014
961.113930 499.618415
296.972600 605.008669
423.310872 602.213047
541.711111 599.697742
652.836172 597.539747
757.228066 595.598192
855.817995 593.652087
948.920920 591.903253
298.258157 711.154962
421.799024 704.998000
537.513296 699.356356
646.427220 694.284861
748.843396 689.644879
845.524117 685.179247
937.057580 681.056735
299.542029 812.309246
420.114556 803.303441
533.504843 794.770057
640.168678 787.027907
740.863359 779.803323
835.726340 773.166473
925.646832 766.784660
300.725002 909.386626
418.674204 897.635095
529.551071 886.512722
634.311669 876.251528
733.025115 866.565249
826.413351 857.579508
914.836152 849.192945
301.794570 1002.265244
417.040707 987.967743
525.788321 974.416582
628.497144 961.862076
725.475007 950.042583
817.243912 938.944901
904.320319 928.603492
304.633931 156.931212
426.676569 168.629472
541.220433 179.592736
649.009307 190.171878
750.582670 200.124433
846.534007 209.451632
937.306928 218.391090
303.573901 266.321657
426.686288 274.618870
542.126501 282.531613
650.609994 290.039093
752.816021 297.174685
849.330506 303.887951
940.596172 310.331624
302.539622 377.517328
426.552674 382.336115
542.877929 386.997734
652.169505 391.536716
754.985153 395.792233
852.118536 399.770627
943.968685 403.728940
301.293271 490.818135
426.440704 491.923962
543.613689 493.198642
653.638959 494.539519
757.149717 495.893579
854.920587 497.119970
947.365982 498.496347
300.017984 605.925839
426.132907 603.342312
544.213067 601.169028
655.078679 599.268472
759.335667 597.490300
857.695386 595.917399
950.637110 594.316363
298.687798 723.203527
425.782832 716.827893
544.862650 710.989858
656.672988 705.704985
761.560435 700.820045
860.512071 696.301011
953.984999 692.001433
297.254313 842.525958
425.316253 832.280448
545.487172 822.527379
658.079937 813.830129
763.872994 805.659997
863.310998 798.114763
957.305652 791.074743
311.311291 96.239767
426.383541 109.043041
534.789829 121.075005
637.167782 132.726203
733.932292 143.743239
825.633738 154.078744
912.580671 163.967070
309.588406 189.404727
427.203843 199.615736
537.939244 209.354128
642.276946 218.616794
740.815130 227.408738
834.042586 235.715400
922.390858 243.647272
307.713058 286.787175
428.008891 294.267342
541.091910 301.387238
647.620239 308.201007
747.933493 314.656693
842.799538 320.666160
932.667137 326.571569
305.635845 388.981381
428.900875 393.302628
544.430656 397.546483
653.012801 401.606408
755.244140 405.593907
851.875056 409.313413
943.323508 412.978798
303.460130 496.220603
429.601261 497.146246
547.678327 498.287273
658.565866 499.455038
762.875616 500.559257
861.322201 501.743647
954.284367 502.904587
301.180162 608.880268
430.272750 606.117493
551.251538 603.814576
664.516273 601.742814
770.841447 599.805622
871.224604 598.052091
965.780432 596.374386
298.589295 727.409613
430.904070 720.621017
554.859447 714.285637
670.673964 708.766060
779.168613 703.632065
881.244018 698.821079
977.524489 694.324841
217.018668 136.950577
364.408279 150.985352
501.348570 164.197468
628.832326 176.705221
747.768458 188.435263
858.921918 199.293863
963.247495 209.598898
220.892397 270.747954
364.544016 279.631951
498.026407 288.148360
622.411123 296.125052
738.654329 303.610480
847.596273 310.587595
949.885422 317.348529
224.820600 397.660038
364.485761 401.901966
494.708442 405.888411
616.270205 409.863275
729.956998 413.620984
836.745356 417.089724
937.159326 420.523651
228.252255 518.229140
364.429691 518.171627
491.423758 518.197676
610.283189 518.469088
721.565280 518.777759
826.232171 518.955560
924.959796 519.430333
231.464693 632.727367
364.196910 628.854807
488.310049 625.227338
604.462328 622.160860
713.649691 619.261818
816.158139 616.672808
913.049155 614.130539
234.554859 741.879037
364.046522 734.498272
485.179150 727.621162
599.069499 721.390995
706.019161 715.579225
806.618973 710.373947
901.720059 705.383146
237.449004 845.799611
363.647908 835.274372
482.264922 825.349187
593.693347 816.356471
698.643671 807.938646
797.356617 800.150906
890.763240 792.917321
273.862809 190.396742
401.899086 201.402864
521.722127 211.662378
634.191061 221.605489
739.984590 230.914507
839.698587 239.656108
933.871474 248.011699
270.958369 295.923257
402.161782 303.589948
524.905374 310.917818
639.749719 317.915204
747.648960 324.563758
849.217548 330.760019
944.997967 336.707269
267.829987 406.910430
402.344210 411.021980
527.987592 414.978862
645.520543 418.889993
755.537199 422.533124
859.111653 425.951334
956.674498 429.432794
264.368257 524.029653
402.612605 524.019790
531.262435 524.202246
651.300375 524.548380
763.672718 525.060480
869.375757 525.458624
968.774303 526.047903
260.741647 647.455921
402.592835 642.925516
534.394565 639.098696
657.425739 635.640603
772.259862 632.482920
880.009164 629.622331
981.146021 626.872293
256.891242 777.869695
402.507712 768.508596
537.917201 760.067555
663.941096 752.373818
781.304596 745.348582
891.195477 738.885439
994.296472 732.861712
252.716529 916.126304
402.390651 901.364373
541.546536 887.617645
670.590423 875.329729
790.746309 863.817129
902.856348 853.319544
1007.935357 843.615215
996.939197 412.345135
1089.732013 408.793412
1188.367945 405.298136
1293.758235 401.532402
1406.079186 397.770924
1526.317126 393.652863
1655.640528 389.228135
1008.676504 504.703226
1099.946269 504.144422
1196.891288 503.640419
1300.254024 503.199584
1410.228051 502.770651
1527.858334 502.447914
1654.140600 502.203830
1019.931697 593.484196
1109.710359 595.654382
1205.100461 598.041695
1306.392983 600.567070
1414.263382 603.400358
1529.393671 606.378292
1652.913684 609.850657
1030.743120 679.164525
1119.136467 683.790346
1212.836279 688.794586
1312.331501 694.090585
1418.068560 699.744505
1530.849979 706.046549
1651.688740 712.783461
1041.230515 761.834858
1128.225516 768.705328
1220.312305 776.028714
1317.972529 783.774342
1421.706953 792.294196
1532.305984 801.452512
1650.495866 811.368813
1051.215154 841.436988
1136.820086 850.447717
1227.395445 859.987742
1323.316587 870.170224
1425.171205 881.226051
1533.646073 893.044636
1649.266551 905.806326
1060.897237 918.219140
1145.155999 929.137157
1234.187925 940.799588
1328.508606 953.298526
1428.471424 966.638041
1534.827014 980.885489
1648.061726 996.270991
1038.876412 236.939225
1127.028872 228.810743
1220.353979 220.335812
1319.572162 211.407109
1424.888789 201.993663
1537.295245 191.977755
1657.579656 181.176152
1035.278772 325.792592
1123.859081 320.327205
1217.701640 314.502475
1317.475376 308.478675
1423.494987 302.075097
1536.566386 295.332762
1657.562125 288.168392
1031.602001 416.164217
1120.628606 413.128925
1215.023170 410.080121
1315.351852 406.927855
1422.061454 403.763239
1535.756266 400.274786
1657.703975 396.755377
1027.807825 507.505910
1117.270171 507.128295
1212.249753 506.976546
1313.157160 506.921122
1420.491820 506.845252
1534.998071 506.940664
1657.776787 507.022219
1023.996807 599.810011
1113.920728 602.402708
1209.381339 605.303604
1310.923787 608.243682
1418.858883 611.539128
1534.277978 615.087707
1657.974583 619.130465
1020.046837 693.829265
1110.382254 699.262916
1206.433762 705.059264
1308.421023 711.129748
1417.169060 717.911569
1533.477580 725.234550
1658.238793 733.212082
1016.060838 789.034093
1106.864102 797.206609
1203.375962 806.051304
1306.075715 815.570477
1415.505196 825.865350
1532.757765 837.034029
1658.451886 849.206107
1068.562658 184.385718
1153.318419 175.341402
1242.799040 165.860708
1337.634104 155.959118
1437.982710 145.469085
1544.808265 134.331785
1658.647584 122.392893
1058.825915 261.920739
1144.806356 255.009016
1235.755056 247.619832
1332.175639 239.979163
1434.465462 231.827502
1543.279922 223.258823
1659.407843 214.121949
1048.702518 342.494799
1136.017067 337.665703
1228.488044 332.672336
1326.603452 327.405543
1430.783495 321.968055
1541.632923 316.025155
1660.249445 309.931113
1038.213017 426.167632
1126.894183 423.552127
1220.907038 421.050905
1320.724982 418.420765
1426.826416 415.718810
1539.932826 412.997626
1661.091190 409.926200
1027.314223 513.012873
1117.350648 512.951640
1212.874552 513.126117
1314.633283 513.286079
1422.718560 513.657450
1538.262012 514.063417
1662.012173 514.706944
1015.909270 602.920297
1107.232280 605.837221
1204.628982 609.058723
1308.045820 612.316220
1418.350163 616.033214
1536.388628 619.984080
1663.015529 624.426256
1004.030006 696.904762
1096.973198 702.708784
1195.868994 708.950388
1301.318596 715.655168
1413.748416 722.926529
1534.482449 730.889670
1664.212739 739.566715
1112.552528 287.659013
1200.338005 281.404864
1293.136729 274.874045
1391.533753 268.127669
1495.879504 260.888087
1607.182435 253.209183
1725.909728 245.154912
1103.397615 368.827931
1192.520837 364.863966
1286.916261 360.614879
1387.084379 356.358254
1493.375880 351.766400
1606.796796 346.947552
1728.015460 341.946654
1093.827025 453.295311
1184.378383 451.552327
1280.408883 449.906092
1382.378865 448.232775
1490.704587 446.596706
1606.436314 444.748822
1730.489425 443.077579
1083.802364 540.753114
1175.919748 541.611525
1273.675457 542.779646
1377.424250 544.021442
1487.945588 545.381417
1606.156317 547.067097
1732.937123 548.838377
1073.531498 631.658439
1167.108680 635.419727
1266.405686 639.565655
1372.258049 643.873977
1484.958156 648.699900
1606.014138 653.929952
1735.611101 659.739752
1062.765495 726.474119
1157.707523 733.219552
1258.944539 740.526061
1366.634060 748.224892
1481.873235 756.861747
1605.720853 766.120358
1738.437795 776.199953
1051.508766 824.954799
1148.095630 834.916155
1251.038317 845.657245
1361.052410 857.352934
1478.647718 869.961476
1605.328946 883.708062
1741.459204 898.615020
1151.219760 378.526024
1256.278786 376.418060
1364.846413 374.479324
1477.225034 372.558062
1593.678816 370.563197
1714.728041 368.532691
1841.530306 366.492446
1150.964283 479.837699
1255.963065 479.554689
1364.588985 479.336343
1476.864120 479.276643
1593.207348 479.180210
1714.238914 479.245162
1839.395120 478.795025
1150.611371 581.298599
1255.598919 582.765445
1364.210585 584.335412
1476.407899 586.025981
1592.886680 587.983343
1713.753206 589.945993
1840.039200 589.918905
1150.300961 682.775573
1255.270754 685.891705
1363.725489 689.285163
1475.969129 692.904022
1592.554999 696.725466
1713.383190 700.810305
1837.242157 703.166964
1149.973833 784.293528
1254.807053 789.100555
1363.234979 794.286501
1475.564636 799.784967
1592.147737 805.677721
1713.091842 811.807749
1837.625543 819.740016
1149.562125 885.815819
1254.330184 892.444970
1362.795796 899.469994
1475.103971 906.905964
1591.691523 914.772464
1712.663182 922.972255
1835.857429 927.508077
1149.180397 987.379981
1253.849788 995.787977
1362.307089 1004.614406
1474.748419 1014.031481
1591.160815 1023.678426
1712.044625 1033.829967
800.000000 800.000000
1036.511060 214.777758
1133.728958 204.832914
1237.377909 194.439029
1348.304517 183.273260
1466.841107 171.523557
1594.475223 158.772388
1732.135996 145.062130
1047.901566 313.891015
1143.502721 307.442492
1245.230292 300.559021
1353.902703 293.358679
1469.863589 285.541365
1594.503721 277.302677
1728.490236 268.577184
1058.884376 409.557029
1152.894111 406.001411
1252.825694 402.342801
1359.259980 398.510577
1472.845438 394.667692
1594.484326 390.389417
1725.288943 386.028733
1069.337510 501.403231
1161.844099 500.603903
1259.997256 500.065547
1364.405785 499.551762
1475.643423 498.952405
1594.559225 498.496555
1722.160114 498.039457
1079.477982 589.553379
1170.459532 591.651268
1266.909433 593.878420
1369.278865 596.230478
1478.282937 598.866494
1594.741264 601.764555
1719.329058 605.043908
1089.155767 674.834181
1178.607882 679.374177
1273.386264 684.094311
1373.816962 689.174469
1480.669101 694.771222
1594.870729 700.792889
1716.696318 707.340352
1098.489826 757.069558
1186.451866 763.653714
1279.547515 770.734779
1378.294428 778.458906
1483.081068 786.736873
1594.979967 795.652007
1714.253053 805.371240
1190.461552 76.728603
1302.144352 72.671651
1415.896120 68.825585
1532.295662 64.683595
1650.822417 60.258287
1772.405162 55.987002
1904.346017 50.041048
1189.845151 186.397441
1300.631413 183.571228
1413.422220 180.731601
1528.569990 177.890379
1646.180227 174.837084
1766.593378 171.981921
1886.059263 170.690101
1189.237757 294.572404
1299.058103 292.765214
1410.964171 291.059762
1524.983199 289.334602
1641.505344 287.646035
1760.583742 285.858153
800.000000 400.000000
1188.577721 401.025451
1297.535666 400.230057
1408.424006 399.583249
1521.410982 399.048264
1636.851036 398.399348
1754.832546 397.887483
1868.278283 399.026326
1187.924871 505.820624
1295.948282 506.035038
1405.856449 506.436383
1517.852289 506.874388
1632.364033 507.429362
1749.320402 508.040258
1867.907327 512.449560
1187.155517 609.124696
1294.291267 610.379318
1403.294748 611.733124
1514.352007 613.173584
1627.906091 614.788057
1743.828751 616.477609
800.000000 700.000000
1186.385260 710.840938
1292.525970 712.938713
1400.728920 715.216987
1510.980967 717.802928
1623.647353 720.446914
1738.439371 723.128808
1852.341204 732.622762
