504.987861 401.767340
584.594569 397.699864
669.437315 393.558209
760.248340 389.074446
857.362104 384.316587
961.781225 379.120515
1074.161044 373.520836
527.140215 496.806047
605.794729 495.944596
689.430881 495.058698
778.792919 494.111131
874.281891 492.931262
976.782017 491.800151
1086.882773 490.630981
548.497587 588.127078
626.092089 590.008551
708.619681 592.089908
796.541358 594.256602
890.514517 596.657609
991.071792 599.076575
1098.964859 601.826734
568.940793 675.653563
645.582870 680.173311
726.934764 685.039690
813.561477 690.275723
905.984714 695.680983
1004.735950 701.504457
1110.437302 707.768197
588.647564 759.826985
664.345076 766.783690
744.640677 774.161640
829.945406 781.959543
920.813968 790.306883
1017.782641 799.180963
1121.407920 808.725679
607.562717 840.875961
682.305350 850.032885
761.503585 859.731980
845.517190 869.951917
934.961618 880.892162
1030.222103 892.581121
1131.865857 905.082208
625.794872 918.828954
699.606695 929.955206
777.656262 941.765628
860.549762 954.312644
948.514679 967.636409
1042.105125 981.818155
1141.902995 997.033543
631.963346 159.842983
706.456588 149.582685
785.299024 138.823457
869.006457 127.453069
957.900663 115.236736
1052.770982 102.263858
1153.802269 88.491369
614.080818 239.362624
689.392222 231.342829
769.174041 222.819822
853.954986 213.790238
944.310536 204.088995
1040.630038 193.873922
1143.409046 182.955270
595.526475 321.922011
671.739923 316.119088
752.520057 310.059210
838.471191 303.577513
930.079915 296.706058
1027.891809 289.282876
1132.550914 281.520769
576.368969 407.388070
653.400025 404.058923
735.208723 400.684750
822.291295 397.029358
915.262488 393.080293
1014.695619 388.943582
1121.168181 384.423372
556.544949 496.164036
634.410465 495.521636
717.133503 495.018622
805.560956 494.280786
899.811333 493.604411
1000.897970 492.801727
1109.183805 492.129321
535.873228 588.291182
614.488872 590.547100
698.468452 593.098808
787.930492 595.668765
883.707386 598.587715
986.395377 601.542756
1096.679293 604.795314
514.406023 683.951669
594.032896 689.340564
679.008700 695.132531
769.766022 701.421449
866.860069 708.067762
971.340738 715.171151
1083.579764 722.870490
916.523407 307.104393
1026.942408 314.642290
1130.168794 321.697498
1227.027039 328.433762
1318.022368 334.781732
1403.779150 340.595535
1484.587819 346.254930
906.976639 427.151718
1015.860851 430.638710
1117.771084 434.038199
1213.461215 437.164150
1303.418485 440.152041
1388.278690 442.933052
1468.297388 445.576355
897.880552 543.065182
1005.097386 542.859403
1105.724354 542.631700
1200.240273 542.514092
1289.253002 542.402955
1373.250527 542.123037
1452.547141 542.081000
888.945805 655.091469
994.776869 651.303293
1093.995624 647.800802
1187.443615 644.554660
1275.472005 641.497268
1358.582722 638.521716
1437.212384 635.841811
880.405349 763.269706
984.718486 756.241771
1082.696459 749.670484
1174.928478 743.566018
1262.141319 737.675445
1344.363757 732.217060
1422.266416 726.937047
872.179567 868.023786
975.036239 857.952637
1071.694598 848.504270
1162.956787 839.613568
1249.139573 831.113859
1330.635323 823.162476
1407.829471 815.659310
864.153729 969.341255
965.474039 956.384041
1061.093650 944.147635
1151.270238 932.760377
1236.559157 921.839358
1317.213582 911.516534
1393.726766 901.872413
857.686109 86.821875
956.786392 100.065105
1050.207066 112.431445
1138.590986 124.311113
1222.168319 135.540152
1301.496899 146.120867
1376.769017 156.201443
868.151026 180.565372
969.086402 191.255958
1064.240031 201.353920
1153.971174 210.908382
1238.796903 220.007234
1319.062224 228.583142
1395.188748 236.629480
879.095897 278.573083
981.890813 286.529410
1078.679035 294.027384
1169.906696 301.200311
1255.950651 307.965654
1337.303460 314.202414
1414.458906 320.285471
890.597241 381.163913
995.402228 386.063133
1093.831727 390.739615
1186.435769 395.139510
1273.748435 399.380668
1356.263994 403.321788
1434.373695 407.098880
902.635417 488.544617
1009.368559 490.121088
1109.462916 491.764329
1203.596491 493.334873
1292.357093 494.661280
1376.000432 496.058398
1455.043119 497.312543
915.352208 601.135620
1024.043194 599.167351
1126.022424 597.437734
1221.669675 595.764995
1311.712000 594.152347
1396.610850 592.630300
1476.691910 591.270162
928.544426 719.294212
1039.326912 713.434908
1143.266699 707.835336
1240.556133 702.798764
1331.960505 697.888068
1417.960582 693.308802
1499.066282 689.077324
686.274820 68.620201
794.668215 71.950319
901.651133 75.173238
1007.366466 78.463157
1111.792728 81.647846
1215.007415 84.838392
1316.937880 88.033974
683.461894 167.287884
793.551030 170.068999
902.215227 172.742990
1009.653647 175.450488
1115.668237 178.096484
1220.367470 180.785144
1323.697972 183.414758
680.588491 269.228828
792.401861 271.343086
902.781457 273.444310
1011.921041 275.530082
1119.582942 277.611225
1225.805079 279.632804
1330.718670 281.744244
677.631566 374.402131
791.305118 375.815556
903.455052 377.291647
1014.221432 378.717917
1123.548742 380.175523
1231.407941 381.648156
1337.906963 383.076200
674.631003 483.076627
790.145280 483.758973
904.024258 484.580028
1016.591566 485.306545
1127.677397 486.047966
1237.202511 486.846242
1345.247003 487.621264
671.546001 595.329845
788.835032 595.339789
904.776737 595.395218
1019.076617 595.397527
1131.895911 595.448568
1243.235519 595.484190
1352.998127 595.572735
668.300509 711.430616
787.578189 710.589776
905.459722 709.800021
1021.698591 709.102498
1136.301377 708.378052
1249.314453 707.663862
1360.849265 707.004007
588.071095 378.127223
698.220632 376.731542
810.632284 375.390746
925.720651 373.947858
1043.317113 372.506178
1163.527699 371.039224
1286.310347 369.488962
597.097972 488.693907
705.432163 488.523351
815.984141 488.420228
928.978405 488.234355
1044.393074 487.934131
1162.405077 487.760163
1282.851284 487.584521
605.939699 595.538437
712.450735 596.423150
821.110185 597.333383
932.119091 598.283727
1045.543393 599.205774
1161.371594 600.161352
1279.608488 601.228932
614.427891 698.609970
719.255256 700.503387
826.031741 702.504463
935.163390 704.546686
1046.585743 706.528846
1160.302250 708.602107
1276.402287 710.753118
622.708511 798.258977
725.817080 801.111647
830.903655 804.067528
938.123159 807.028747
1047.595163 810.095199
1159.304046 813.269955
1273.267439 816.465860
630.678752 894.738753
732.134225 898.477807
835.516436 902.286116
940.966134 906.172979
1048.548070 910.182896
1158.379280 914.313969
1270.352898 918.518998
638.426731 988.017083
738.242430 992.559807
839.998228 997.155647
943.767508 1001.990705
1049.491297 1006.866771
1157.413255 1011.830487
1267.493513 1017.002809
295.720028 375.490241
427.641484 380.821792
550.935785 385.704774
666.538776 390.438403
775.144745 394.899896
877.370946 398.932301
973.815793 402.807153
297.696808 492.264187
426.357113 493.635244
546.740814 494.994330
659.778349 496.201444
766.115610 497.381393
866.403658 498.386335
961.031908 499.421288
299.799122 603.201100
425.113540 601.065768
542.725594 598.980866
653.353723 597.107616
757.542770 595.335300
855.901211 593.543151
948.841525 591.940326
301.620850 708.789915
424.055959 703.376803
538.877921 698.270728
647.152691 693.557279
749.294341 689.086272
845.771246 684.755281
937.110496 680.782910
303.492343 809.218572
422.905185 801.005656
535.310852 793.139717
641.200617 785.820131
741.457777 778.822774
836.079169 772.319138
925.807217 766.018784
305.242757 905.246286
421.969507 894.333970
531.814206 883.984293
635.677459 874.246955
733.861867 864.940905
826.878137 856.212958
915.090916 847.960731
306.946507 996.829150
420.864582 983.498909
528.542761 970.791498
630.244886 958.895507
726.622374 947.578029
817.906409 936.836416
904.693664 926.720451
305.859135 154.898655
427.368076 166.912101
541.489840 178.063751
649.059003 188.750459
750.569633 198.819401
846.550560 208.253279
937.418603 217.216788
305.088584 264.714291
427.521364 273.371620
542.462768 281.509994
650.706832 289.177120
752.828738 296.452959
849.320199 303.277951
940.636665 309.743793
304.384315 376.130991
427.602811 381.399023
543.361950 386.312509
652.364870 391.048381
755.086389 395.432711
852.118970 399.500969
943.959477 403.426603
303.560248 489.351632
427.801467 491.021866
544.321129 492.619649
653.995060 494.177952
757.355522 495.684309
854.933566 496.984914
947.272143 498.315732
302.826223 604.125652
427.918477 602.204029
545.219325 600.450206
655.592315 598.836541
759.649296 597.223525
857.777262 595.807167
950.567145 594.356531
302.118767 720.754683
428.072305 715.148115
546.226867 709.869963
657.387078 704.945571
761.996983 700.223762
860.737109 695.839817
954.028210 691.668334
301.406137 839.119741
428.219081 829.729410
547.318336 820.716935
659.101519 812.459516
764.453537 804.553437
863.628725 797.150529
957.422420 790.195077
312.376651 93.936685
427.011867 107.030933
535.036463 119.224329
637.228853 130.966229
733.925070 142.027391
825.661112 152.448351
912.710800 162.370781
310.870427 187.520912
427.935123 198.040296
538.242085 207.978459
642.345826 217.367950
740.809515 226.282665
834.044677 234.704505
922.447359 242.671305
309.258791 285.262332
428.866589 293.100251
541.445861 300.441978
647.732613 307.419189
747.956045 314.009987
842.786698 320.132318
932.686033 326.061003
307.493725 387.609907
429.958595 392.390909
544.926259 396.883661
653.222061 401.149076
755.357775 405.264164
851.876174 409.064724
943.306622 412.691993
305.732690 494.753204
430.961844 496.251597
548.383018 497.715839
658.920457 499.105626
763.075393 500.360144
861.322435 501.611388
954.195723 502.724493
303.986386 607.075062
432.038354 604.987741
552.219767 603.109374
665.008043 601.322545
771.137085 599.550062
871.270955 597.962155
965.719803 596.427550
302.043093 724.934975
433.171737 718.940511
556.161949 713.187821
671.345164 708.017067
779.573402 703.040481
881.425153 698.370860
977.551963 693.980862
91.430518 24.249940
229.445438 33.937217
360.845747 41.771466
489.443343 50.451550
613.407113 58.327149
733.614979 66.001800
849.853515 73.280245
97.780616 153.261577
233.179834 159.798780
364.101770 166.185565
490.876971 172.298936
613.713373 178.210308
732.762461 183.944599
848.099048 189.568011
103.753182 279.249107
237.503253 283.660631
367.075003 287.937042
492.662746 292.095529
614.305391 296.115085
732.199228 299.922900
846.482029 303.715333
109.291410 402.698919
241.872589 405.032290
370.049696 407.323027
494.342133 409.544232
614.822411 411.725673
731.571476 413.762788
844.878750 415.840371
114.938470 523.586513
246.025432 524.040928
373.003928 524.462063
495.982566 524.858076
615.359705 525.174037
730.995776 525.601444
843.225130 525.914063
120.505821 642.243741
250.176151 640.782764
375.877783 639.398107
497.691552 638.028172
615.878056 636.597406
730.513962 635.291716
841.715971 634.047909
125.984237 758.501219
254.261299 755.199475
378.745309 751.967797
499.350264 748.984556
616.408907 745.903524
729.954852 742.981645
840.154805 740.265068
136.073690 207.949296
284.103161 216.896988
424.186093 225.328049
557.200877 233.388079
683.420659 241.093546
803.371331 248.249021
917.602304 255.109131
150.966490 337.120777
293.358291 342.364402
428.332940 347.435023
556.515100 352.072783
678.456019 356.545473
794.623678 360.742905
905.317329 364.792062
165.112203 457.081398
301.948407 459.109466
432.080867 460.968988
555.898662 462.761646
673.887481 464.489392
786.450704 466.037897
893.845325 467.536555
178.086240 568.678963
310.064827 567.843140
435.512786 567.030322
555.319145 566.299154
669.596556 565.583400
778.701794 564.770336
883.071714 564.169719
190.254666 672.575960
317.559149 669.412103
438.941235 666.205089
554.675226 663.264144
665.586558 660.376708
771.401636 657.699464
872.864242 655.058831
201.715217 769.912525
324.668631 764.540775
441.960201 759.362318
554.256217 754.430234
661.713403 749.608448
764.689477 745.125932
863.356717 740.834965
212.510439 861.032958
331.217279 853.754996
444.939651 846.758957
553.778487 840.176627
658.168397 833.733568
758.193103 827.575044
854.298842 821.778353
116.786805 278.309572
241.224759 280.550954
363.726782 282.707474
484.676803 284.994701
603.964123 287.138045
721.694231 289.253397
837.721272 291.380669
110.318718 394.947615
235.852259 396.347097
359.453361 397.790226
481.400920 399.254576
601.740730 400.618198
720.365518 401.995081
837.263600 403.358558
103.870034 513.569700
230.350439 514.161060
355.059957 514.802399
478.150290 515.425349
599.412783 515.972902
718.945795 516.472372
836.827011 517.100521
97.192953 634.216116
224.990332 633.906277
350.747824 633.639727
474.756992 633.412767
597.004912 633.130199
717.524986 632.857739
836.391896 632.680525
90.474756 756.813405
219.335941 755.615739
346.187766 754.546848
471.277210 753.407828
594.563338 752.224253
716.103239 751.166371
835.824655 750.142993
83.799800 881.666497
213.690766 879.463882
341.667025 877.484166
467.788023 875.470273
592.149825 873.401595
714.714612 871.425127
835.452208 869.497264
76.767521 1008.571144
207.938331 1005.366375
337.130665 1002.335861
464.345333 999.560391
589.650545 996.564968
713.236140 993.659264
834.969524 990.846172
242.183806 168.948968
363.662380 177.606416
479.608986 185.717487
590.527262 193.694181
696.719406 201.224328
798.581998 208.440099
896.240558 215.341368
232.558959 262.457094
357.961432 269.096416
477.640365 275.471360
591.907330 281.571931
701.234696 287.450655
805.812248 293.001205
905.973900 298.301848
222.188603 362.053554
351.879917 366.558288
475.419162 370.823729
593.415118 374.933027
705.916231 378.849628
813.454929 382.502054
916.396802 386.127387
211.084688 468.620367
345.536015 470.540862
473.261667 472.403617
594.875375 474.131198
710.838890 475.928029
821.546228 477.523441
927.390390 479.126320
199.269618 582.701272
338.526410 581.665613
470.653420 580.864992
596.447808 580.027974
716.135862 579.187615
830.152524 578.484848
938.932891 577.790045
186.661151 705.100831
331.048434 700.783746
468.211926 696.854150
598.176222 693.031985
721.812274 689.370833
839.361422 685.990630
951.401651 682.715614
172.950783 836.828688
323.126014 828.789125
465.480538 821.083907
600.068043 813.900054
727.816053 807.002295
849.103292 800.554743
964.498492 794.423881
997.002437 412.008186
1089.984861 408.371047
1188.868896 404.735458
1294.567903 400.690235
1407.396238 396.497906
1528.339574 391.878495
1658.235016 386.910003
1008.685100 504.477350
1100.135536 503.893392
1197.201834 503.300937
1300.779100 502.609805
1411.201243 501.829985
1529.438709 501.067197
1656.197480 500.284614
1019.943643 593.523827
1109.834682 595.512280
1205.246241 597.681129
1306.697503 599.994991
1414.966946 602.540684
1530.529890 605.129220
1654.357314 608.058673
1030.754182 678.896938
1119.152760 683.371483
1212.868812 688.232245
1312.490957 693.370729
1418.540457 698.734074
1531.582183 704.616459
1652.463779 710.823276
1041.223918 761.096217
1128.190573 767.907136
1220.287241 775.147783
1318.023797 782.741748
1421.928313 790.941693
1532.605835 799.655348
1650.710882 808.975892
1051.208358 840.271382
1136.753391 849.219229
1227.296164 858.651272
1323.235338 868.617766
1425.128562 879.306191
1533.493511 890.648931
1648.965495 902.741699
1060.881977 916.515962
1145.057616 927.296880
1234.039789 938.783281
1328.325258 951.001889
1428.161413 963.967373
1534.286592 977.650285
1647.303300 992.331838
1039.341885 235.772433
1127.777085 227.399816
1221.484723 218.643850
1321.172089 209.336784
1427.136376 199.417524
1540.267141 188.878570
1661.146188 177.563918
1035.552690 325.188725
1124.380682 319.526585
1218.528274 313.459718
1318.682768 307.091664
1425.274667 300.214671
1539.051814 292.990213
1660.655938 285.294655
1031.730074 415.809185
1120.944225 412.691036
1215.582805 409.482531
1316.212579 406.035141
1423.441887 402.453140
1537.807206 398.495868
1660.268279 394.474140
1027.854755 507.274591
1117.481796 506.880661
1212.572008 506.614476
1313.707097 506.302520
1421.506871 505.878691
1536.592673 505.545623
1659.824769 505.094686
1024.019756 599.838576
1114.037264 602.241474
1209.520178 604.923626
1311.229045 607.652718
1419.562389 610.660206
1535.385325 613.813251
1659.382574 617.309154
1020.058588 693.480042
1110.386174 698.785595
1206.448677 704.453458
1308.553686 710.368303
1417.589303 716.845314
1534.126957 723.730551
1658.917685 731.145246
1016.084086 788.161508
1106.825298 796.279838
1203.322763 805.034363
1306.065244 814.398352
1415.610620 824.346123
1532.880714 835.030136
1658.471063 846.532362
1069.210319 182.755142
1154.279640 173.421211
1244.173264 163.653211
1339.519801 153.327584
1440.559477 142.353787
1548.108618 130.692707
1662.569401 118.268547
1059.293695 260.901292
1145.555773 253.755760
1236.860696 246.095270
1333.732821 238.076632
1436.641978 229.447597
1546.133687 220.390033
1662.828414 210.763147
1048.981554 341.947490
1136.532743 336.931919
1229.292534 331.703254
1327.776236 326.094510
1432.521602 320.197531
1544.055490 313.790722
1663.255659 307.177593
1038.339657 425.817011
1127.203985 423.134491
1221.452321 420.478936
1321.567088 417.559574
1428.193128 414.443209
1541.954914 411.256754
1663.607543 407.688571
1027.355576 512.801752
1117.555630 512.710648
1213.188321 512.768045
1315.172650 512.670813
1423.723554 512.698756
1539.837407 512.675190
1664.036416 512.777873
1015.915423 602.966599
1107.342029 605.692183
1204.757825 608.683450
1308.333880 611.724501
1419.041295 615.152757
1537.483323 618.698514
1664.399834 622.578470
1004.047737 696.541880
1096.973701 702.228828
1195.878516 708.339713
1301.435108 714.890650
1414.144295 721.854821
1535.099859 729.360367
1664.866902 737.440717
1148.431267 257.638095
1239.280959 252.081924
1334.089461 246.318141
1433.369797 240.371773
1537.141824 234.112435
1646.164102 227.540100
1760.469970 220.640604
1140.740605 334.021285
1233.671764 330.110970
1330.825035 325.971525
1432.652582 321.736802
1539.316124 317.225727
1651.276093 312.580551
1768.912830 307.674748
1132.589921 414.373637
1227.801138 412.138346
1327.430363 409.899589
1431.941863 407.527441
1541.538938 405.105036
1656.716973 402.425827
1778.032187 399.815383
1124.120637 498.865383
1221.633362 498.541716
1323.849614 498.381186
1431.135585 498.103668
1543.818261 497.893983
1662.507186 497.727034
1787.557912 497.424938
1115.181057 587.877236
1215.162022 589.684450
1319.924038 591.835804
1430.346030 593.911828
1546.275801 596.237541
1668.779685 598.606281
1797.737920 601.209916
1105.750050 681.749723
1208.129182 686.051943
1315.960529 690.678127
1429.322725 695.411253
1548.864791 700.612425
1675.254264 705.990309
1808.648541 711.656085
1095.711345 780.912827
1200.851723 787.886019
1311.600202 795.277481
1428.502182 803.150998
1551.613047 811.473624
1682.100883 820.210605
1820.194739 829.508185
1151.687052 377.930382
1257.046011 375.576153
1366.027369 373.264998
1479.055086 370.870235
1596.118237 368.434636
1717.673331 365.824803
1843.823745 363.191178
1151.243795 479.513903
1256.440051 479.046973
1365.415221 478.504007
1478.285265 478.027391
1595.164336 477.485007
1716.586564 476.954665
1842.659925 476.527149
1150.763879 581.062334
1255.831452 582.314911
1364.749933 583.620435
1477.439306 584.962183
1594.272680 586.471293
1715.529513 587.833240
1841.578455 589.495917
1150.324743 682.311497
1255.345354 685.278171
1364.040144 688.454450
1476.640415 691.710994
1593.360053 695.076612
1714.424214 698.572209
1840.063121 702.172816
1149.932206 783.409144
1254.792365 788.128417
1363.341809 793.085726
1475.830934 798.209653
1592.403054 803.586000
1713.407819 809.073872
1838.827728 814.852846
1149.474377 884.324151
1254.210695 890.829935
1362.706651 897.566905
1474.961559 904.605951
1591.362367 911.914909
1712.246116 919.420917
1837.529953 927.227240
1149.056579 984.946588
1253.619021 993.169621
1361.952139 1001.747628
1474.200913 1010.717103
1590.322754 1019.680591
1711.025002 1029.278221
1836.541854 1039.619240
1079.449298 257.446341
1185.900730 250.260492
1297.991329 242.876017
1416.513229 234.974291
1541.552859 226.719546
1673.846893 217.883418
1814.210964 208.536404
1089.423575 358.430492
1193.000189 354.202181
1301.801277 349.698827
1416.573294 344.923385
1537.472467 339.848985
1665.282879 334.563945
1800.478256 328.995012
1098.969471 453.891109
1199.700548 452.028625
1305.492146 450.067750
1416.672447 447.985852
1533.818485 445.939678
1657.331957 443.625548
1787.820822 441.290269
1107.897845 543.875100
1205.996630 544.206155
1308.806212 544.642734
1416.859162 545.103200
1530.426348 545.470861
1649.889680 545.925303
1775.882480 546.382661
1116.464260 629.000002
1212.014650 631.346204
1312.095633 633.792294
1417.000742 636.318947
1527.223921 639.063889
1642.978199 641.909117
1764.798335 644.876430
1124.460216 709.744575
1217.654432 713.884347
1315.062370 718.116645
1417.086214 722.564747
1524.043485 727.330877
1636.404985 732.248992
1754.338793 737.447990
1132.121703 786.340400
1222.945074 791.943365
1317.862040 797.826862
1417.211847 804.082893
1521.135277 810.613912
1630.165062 817.368984
1744.565745 824.562445
1140.853343 88.095826
1249.496636 80.364025
1362.099909 72.466567
1479.198941 64.278302
1600.204684 55.739205
1726.356180 46.910650
1857.547799 37.007838
1141.572207 195.278899
1249.271698 189.659245
1360.871719 183.726299
1476.707063 177.676317
1596.708727 171.342525
1721.442308 164.816225
1850.843131 158.031416
1142.212233 300.867235
1249.023622 297.041813
1359.732251 293.135881
1474.399213 289.045090
1593.263828 284.968287
1716.717100 280.523454
1845.118085 276.131458
1142.875871 404.507522
1248.781410 402.536929
1358.452075 400.588966
1472.096058 398.567820
1589.860347 396.418033
1712.124875 394.221581
1838.963708 391.925939
1143.627367 506.434212
1248.617233 506.288554
1357.309615 506.140843
1469.879523 505.987777
1586.575136 505.939975
1707.675891 505.762444
1833.266047 505.623540
1144.241891 606.732861
1248.313647 608.335978
1356.112926 609.924695
1467.626953 611.658271
1583.210409 613.536317
1703.209080 615.346865
1827.640408 617.304250
1144.891253 705.309445
1248.079172 708.491413
1354.897025 711.847459
1465.534160 715.429165
1580.019205 719.119756
1698.771873 722.817029
1822.036593 726.839012
