200.000000 200.000000
300.000000 200.000000
400.000000 200.000000
500.000000 200.000000
600.000000 200.000000
700.000000 200.000000
800.000000 200.000000
200.000000 300.000000
300.000000 300.000000
400.000000 300.000000
500.000000 300.000000
600.000000 300.000000
700.000000 300.000000
800.000000 300.000000
200.000000 400.000000
300.000000 400.000000
400.000000 400.000000
500.000000 400.000000
600.000000 400.000000
700.000000 400.000000
800.000000 400.000000
200.000000 500.000000
300.000000 500.000000
400.000000 500.000000
500.000000 500.000000
600.000000 500.000000
700.000000 500.000000
800.000000 500.000000
200.000000 600.000000
300.000000 600.000000
400.000000 600.000000
500.000000 600.000000
600.000000 600.000000
700.000000 600.000000
800.000000 600.000000
200.000000 700.000000
300.000000 700.000000
400.000000 700.000000
500.000000 700.000000
600.000000 700.000000
700.000000 700.000000
800.000000 700.000000
200.000000 800.000000
300.000000 800.000000
400.000000 800.000000
500.000000 800.000000
600.000000 800.000000
700.000000 800.000000
800.000000 800.000000
663.706797 146.523914
735.814939 135.724841
812.148443 124.547277
893.044771 113.092891
978.728091 101.128959
1069.696301 88.922420
1165.897049 76.352239
641.067613 216.454764
714.338149 207.380619
792.078953 197.932226
874.598976 188.245025
962.385215 178.154985
1055.508868 167.832081
1154.375282 157.258241
617.349996 290.380417
691.802532 283.171942
770.922583 275.749774
855.201135 268.003771
944.920155 260.122427
1040.359346 251.966781
1141.927972 243.789957
592.616047 368.209670
668.197234 363.191008
748.685816 358.126038
834.583802 352.770527
926.346797 347.331102
1024.217114 341.899308
1128.538714 336.277984
566.781007 450.411105
643.458418 447.870176
725.230566 445.492176
812.942975 442.813831
906.581422 440.300227
1006.917980 437.675635
1114.023955 435.212694
539.752267 537.017954
617.404722 537.365667
700.747620 537.950913
789.885571 538.433766
885.616859 539.212811
988.287269 539.991379
1098.242889 540.995473
511.537348 628.183663
590.405980 631.708004
675.012104 635.530844
765.836653 639.736197
863.368655 644.192476
968.485255 648.953349
1081.219954 653.990079
923.775664 371.696510
1034.939492 377.255105
1138.548233 382.681391
1235.036463 388.058742
1325.093538 393.286218
1409.057373 398.193791
1487.416985 403.035792
909.581417 488.636880
1018.736009 490.147568
1120.658539 491.828090
1215.742827 493.413237
1304.560271 495.064891
1387.604566 496.652641
1465.167862 498.283281
896.193389 600.274321
1003.109197 598.207789
1103.232522 596.224031
1196.941613 594.454518
1284.554176 592.894925
1366.569010 591.319692
1443.373759 590.013591
883.306240 706.615698
988.182592 701.201122
1086.411004 696.091023
1178.602285 691.278612
1265.029507 686.707995
1346.008050 682.316574
1422.039693 678.357550
871.228221 807.566379
973.847953 799.306694
1070.264706 791.336029
1160.812749 783.829590
1246.072590 776.580260
1325.964533 769.784973
1401.189950 763.227294
859.692317 903.643554
960.206256 892.753662
1054.703322 882.274668
1143.798296 872.318932
1227.624548 862.639264
1306.598506 853.499552
1380.924812 844.833039
848.797134 994.848395
947.041186 981.582682
1039.902007 968.786322
1127.349080 956.720642
1209.879597 944.974863
1287.696445 933.735395
1361.156506 923.105651
200.000000 200.000000
300.000000 200.000000
400.000000 200.000000
500.000000 200.000000
600.000000 200.000000
700.000000 200.000000
800.000000 200.000000
200.000000 300.000000
300.000000 300.000000
400.000000 300.000000
500.000000 300.000000
600.000000 300.000000
700.000000 300.000000
800.000000 300.000000
200.000000 400.000000
300.000000 400.000000
400.000000 400.000000
500.000000 400.000000
600.000000 400.000000
700.000000 400.000000
800.000000 400.000000
200.000000 500.000000
300.000000 500.000000
400.000000 500.000000
669.008410 988.048718
600.000000 500.000000
700.000000 500.000000
800.000000 500.000000
200.000000 600.000000
300.000000 600.000000
400.000000 600.000000
500.000000 600.000000
600.000000 600.000000
700.000000 600.000000
800.000000 600.000000
200.000000 700.000000
300.000000 700.000000
400.000000 700.000000
500.000000 700.000000
600.000000 700.000000
700.000000 700.000000
800.000000 700.000000
200.000000 800.000000
300.000000 800.000000
400.000000 800.000000
500.000000 800.000000
600.000000 800.000000
700.000000 800.000000
800.000000 800.000000
696.057189 51.715000
799.013343 54.234021
900.950370 57.154879
1001.717551 60.589690
1101.078045 64.373360
1198.886817 68.565472
1294.859080 73.223979
691.558811 137.506757
797.263979 139.596078
901.948289 142.059682
1005.368389 145.021101
1107.370780 148.364524
1207.601876 152.058313
1305.893860 156.115410
686.867396 228.318518
795.432497 229.932847
902.914564 231.957757
1009.208740 234.401085
1113.822990 237.214678
1216.566189 240.243193
1317.313744 243.734133
682.137579 324.370724
793.616842 325.476946
904.026515 327.003047
1013.070755 328.829529
1120.402944 331.032978
1225.801472 333.491382
1329.010218 336.199766
677.319082 426.033969
791.752849 426.644176
905.042862 427.659749
1017.065936 428.827496
1127.198402 430.229092
1235.222221 431.909970
1340.876021 433.760423
672.487460 533.448826
789.819246 533.630157
906.305105 534.033893
1021.162618 534.498536
1134.113529 535.057426
1244.878021 535.755933
1353.103700 536.600569
667.622643 646.828362
788.089806 646.430378
907.584264 646.068873
1025.408378 645.815317
1141.218829 645.442875
1254.590815 645.094522
1365.364649 644.821751
581.977142 441.304550
692.550580 439.884455
806.112298 438.726282
922.732048 437.756937
1041.829568 437.086792
1163.056011 436.590988
1286.021522 436.399974
595.084940 548.358862
703.176783 548.457768
814.057081 548.680219
927.753224 549.011981
1043.838914 549.399903
1162.024750 549.911648
1281.794483 550.643379
607.972703 650.510181
713.517615 651.843548
821.716327 653.242160
932.559620 654.670481
1045.691472 656.151290
1160.757433 657.519046
1277.372219 659.011815
620.381537 747.645455
723.531209 750.072993
829.027639 752.615996
937.091810 755.078034
1047.298573 757.373559
1159.293714 759.619392
1272.803072 761.846192
632.422619 840.005385
733.139293 843.471603
836.184124 846.804919
941.409607 850.088547
1048.734943 853.276355
1157.738499 856.331691
1268.216998 859.218857
643.952015 927.881888
742.290798 932.165759
842.780752 936.278532
945.428739 940.326903
1049.967524 944.183170
1156.153811 947.915776
1263.686571 951.455376
655.105214 1011.298687
751.054543 1016.224260
849.148228 1021.036166
949.250509 1025.795686
1051.062267 1030.242123
1154.441540 1034.511740
1259.080456 1038.819204
306.586032 444.456513
434.790564 446.273819
556.287381 448.200514
671.222463 450.300227
779.822578 452.451899
882.350535 454.555517
979.125873 456.788883
308.252626 553.920285
432.470571 552.656859
550.400644 551.698495
662.065550 550.763123
767.779466 550.016918
867.851955 549.339397
962.412489 548.850799
310.467168 656.669093
430.625873 652.725286
545.056572 648.955994
653.672085 645.474990
756.574628 642.183321
854.146854 639.018030
946.522608 636.129132
312.791367 753.073079
429.320641 746.717721
540.201472 740.601206
645.873719 734.816720
746.141736 729.307883
841.213004 723.959246
931.468061 718.908145
315.398035 843.398824
428.311890 835.044601
536.000555 826.840830
638.574257 819.051654
736.329105 811.439307
828.976819 804.262567
917.168484 797.245984
318.143766 928.308302
427.636382 918.135189
532.061273 908.179269
631.927686 898.574482
727.004466 889.154712
817.542466 880.158025
903.686497 871.525381
321.104979 1007.900466
427.123478 996.177185
528.607710 984.639056
625.651766 973.523668
718.312543 962.617778
806.588138 952.067966
890.768095 941.966605
314.421370 210.113356
434.016383 218.328146
547.770898 226.414312
655.875854 234.633579
758.455352 242.689535
855.653601 250.562386
947.753162 258.367987
312.203388 322.054483
432.213583 327.253130
546.383345 332.575016
654.744546 337.910119
757.551135 343.195148
855.004476 348.357523
947.306191 353.546573
310.640567 434.828803
430.800147 437.065356
545.219609 439.446242
653.854626 441.946334
756.760682 444.414228
854.376239 446.836114
946.800942 449.402970
309.596132 548.223623
429.997908 547.422708
544.427505 546.792896
653.095834 546.331012
756.107394 546.035761
853.763799 545.720448
946.295679 545.684798
309.170202 661.706700
429.463200 657.920970
543.894758 654.314363
652.570414 650.964903
755.625058 647.780005
853.211538 644.855088
945.709433 642.066225
309.326576 775.175367
429.434347 768.375419
543.726276 761.814577
652.368876 755.588153
755.295399 749.526877
852.811169 743.821641
945.223697 738.342353
310.027792 888.095846
429.762112 878.357772
543.949982 868.766793
652.295514 859.730254
755.091626 850.844243
852.357005 842.359690
944.577537 834.261819
330.564844 86.956257
436.286213 97.145174
537.471264 107.155172
634.176469 117.304698
726.554968 127.298554
814.714884 137.072098
898.676560 146.730047
326.881877 166.790052
435.927754 175.324445
540.260275 183.846222
639.753640 192.392515
734.666642 200.832928
824.998048 209.105867
910.976916 217.234808
323.235797 252.035914
435.792661 258.783257
543.260306 265.527946
645.794649 272.275870
743.197925 278.896335
835.828011 285.381163
923.924760 291.921653
319.658665 343.260401
436.012302 347.803532
546.824072 352.452486
652.202696 357.071761
752.290333 361.740262
847.359095 366.331071
937.599076 370.959526
316.336902 440.810031
436.445126 442.860106
550.617769 445.179073
659.179475 447.505702
762.060497 449.792904
859.564332 452.233051
951.892831 454.659969
313.339193 545.097902
437.262151 544.414108
555.205193 544.012790
666.862218 543.682672
772.538364 543.394153
872.634848 543.272119
967.158624 543.247600
310.533899 656.610064
438.576922 652.810912
560.297287 649.074968
675.260933 645.825017
783.798899 642.610333
886.322057 639.703792
983.053445 636.919249
108.385344 104.421673
238.275896 107.839218
366.226487 111.769265
492.097808 116.256534
615.438993 121.188519
735.907353 126.613708
853.204304 132.543819
115.555156 228.893088
243.584431 231.093298
369.728498 233.773014
493.703281 236.776530
615.384088 240.200238
734.219432 243.942568
849.870959 248.092967
123.602597 350.251724
249.495530 351.330311
373.729050 352.696363
495.925855 354.334671
615.688113 356.293549
732.679271 358.393059
846.631858 360.794568
132.002494 468.230114
255.979222 468.098350
378.093577 468.260082
498.398275 468.603439
616.250699 469.110272
731.337707 469.711493
843.592978 470.604381
140.965549 582.414649
262.852182 581.315505
382.986042 580.242308
501.150067 579.335192
617.102494 578.501528
730.242735 577.817964
840.684228 577.222497
150.417409 692.909755
270.091732 690.774449
388.084120 688.637647
504.217538 686.582175
618.147389 684.410276
729.515862 682.392559
838.046057 680.484397
160.094407 799.431298
277.554653 796.367623
393.497687 793.117000
507.537133 789.996941
619.445262 786.698191
728.832535 783.411734
835.504300 780.247381
236.325453 215.564288
376.969028 224.313879
509.815802 232.953060
635.281790 241.703080
753.430371 250.376286
864.452620 258.777909
968.810710 267.130057
239.208707 341.327602
375.360300 346.117277
504.252790 351.098509
626.080211 356.007368
740.975860 360.915155
849.288380 365.733773
951.292382 370.646599
242.838103 459.528400
374.444731 460.835114
499.399049 462.223964
617.721735 463.812005
729.456425 465.469086
835.052346 467.091630
934.644831 468.880058
246.693125 570.353111
374.149153 568.504186
495.102062 566.858757
610.053670 565.472847
718.777476 564.230372
821.614393 562.990713
918.916198 562.136464
250.910314 674.048785
374.207970 669.585979
491.587943 665.230339
603.010282 661.224704
708.909287 657.341874
808.962720 653.801239
903.969671 650.399976
255.331943 771.399827
374.706960 764.533181
488.352920 757.864135
596.738281 751.493191
699.671886 745.295783
797.303113 739.554758
889.936318 733.996113
259.941499 862.542654
375.361392 853.545735
485.666794 844.770048
590.875225 836.451112
691.071408 828.277350
786.165145 820.474756
876.574237 813.034546
138.686452 288.901736
255.438463 288.685533
372.360978 288.738408
489.490100 289.323805
606.363350 290.158686
722.625014 291.339000
837.801914 292.900710
130.576804 401.746865
248.532885 401.398323
366.740618 401.314181
485.100477 401.587361
603.297182 402.033758
720.689802 402.707082
837.049894 403.651326
123.148215 517.248647
242.141549 516.803288
361.497530 516.578787
481.144109 516.482374
600.397559 516.507868
718.877842 516.603283
836.380375 516.999824
116.222065 635.066203
236.450571 634.518906
356.852286 634.052986
477.452044 633.625769
597.776637 633.204141
717.340857 632.815157
835.842525 632.598800
110.132620 754.846648
231.171783 754.246711
352.569586 753.632068
474.149700 752.830506
595.421017 751.951344
715.981525 751.061469
835.303456 750.163952
104.607380 876.434795
226.443012 875.713219
348.807379 874.893435
471.207073 873.822101
593.377569 872.462448
714.797153 870.922267
834.988157 869.221263
100.218383 999.021702
222.346822 998.619075
345.725982 997.278881
468.832028 996.055830
591.619021 994.212101
713.678691 992.028583
834.539522 989.609238
293.575270 174.631651
410.920571 183.512501
522.697126 192.204339
629.110661 201.079667
730.291606 209.728557
826.427730 218.255858
917.566270 226.664279
288.654139 266.415305
410.007318 273.096995
525.538247 279.803237
635.221674 286.550002
739.402780 293.216884
838.057233 299.763322
931.510000 306.252885
283.796080 364.924203
409.340637 369.164906
528.676160 373.476110
641.973440 377.892604
749.034777 382.205026
850.365922 386.445065
946.258459 390.798496
279.077786 470.805264
409.169471 472.138540
532.492711 473.645922
649.164321 475.242733
759.366856 476.997999
863.520240 478.708716
961.836569 480.612103
274.645328 584.478011
409.251278 582.454989
536.611907 580.825877
657.099358 579.356560
770.567294 577.957198
877.507278 576.893734
978.222048 575.861409
270.631627 706.492145
409.852773 700.736445
541.695203 695.453523
665.896064 690.402771
782.611979 685.608700
892.503142 681.121574
995.703290 676.840548
266.903719 837.423849
411.085370 827.437086
547.453973 817.736853
675.477604 808.727677
795.660288 799.906301
908.284522 791.643305
1013.930586 783.752222
1035.528537 464.820559
1136.513752 463.399860
1242.000272 462.248873
1352.262959 461.154245
1466.933811 460.278588
1586.082150 459.492635
1709.774775 458.870166
1046.474156 556.317369
1144.912252 557.144301
1247.508853 558.100125
1354.559819 559.194101
1465.825593 560.334001
1581.372812 561.700354
1701.098390 563.282476
1056.830099 643.082417
1152.633419 645.732719
1252.510370 648.501777
1356.425827 651.442646
1464.441780 654.617923
1576.440051 657.807892
1692.363273 661.258540
1066.452840 725.055052
1159.781669 729.380957
1256.890197 733.883530
1357.917358 738.583717
1462.763677 743.333215
1571.341792 748.229036
1683.570128 753.280515
1075.547285 802.574630
1166.455745 808.451036
1260.983277 814.415740
1359.126867 820.521945
1460.922433 826.845164
1566.166412 833.252674
1674.918229 839.750299
1084.007748 875.996879
1172.615855 883.204351
1264.581805 890.482007
1359.976298 897.909487
1458.789040 905.506189
1560.961297 913.212890
1666.388825 921.048999
1092.053901 945.511620
1178.321746 953.789701
1267.832350 962.223758
1360.648252 970.874096
1456.654003 979.622581
1555.796427 988.426414
1658.105310 997.430893
1057.270800 266.617899
1152.709379 261.208095
1252.120984 255.958182
1355.653819 250.850911
1463.151213 245.845277
1574.628245 241.029297
1689.970594 236.397897
1057.409488 361.350168
1153.018865 358.110072
1252.631745 354.912985
1356.402314 351.899391
1464.170079 348.968299
1575.926551 346.242741
1691.546003 343.743031
1057.394553 456.825770
1153.143678 455.589232
1252.882023 454.536030
1356.786574 453.565724
1464.730016 452.841899
1576.615140 452.153065
1692.507115 451.771393
1057.275916 552.500969
1153.052204 553.345492
1252.818049 554.455500
1356.726779 555.687693
1464.729737 557.025002
1576.687297 558.568478
1692.554339 560.221410
1057.105404 648.276003
1152.774514 651.270542
1252.486481 654.462362
1356.362128 657.777805
1464.243634 661.328847
1576.235243 664.986063
1691.959762 668.844974
1056.690263 743.913234
1152.177042 749.092457
1251.807298 754.406759
1355.485401 759.842276
1463.261525 765.548338
1575.093179 771.318811
1690.716112 777.299468
1056.253392 839.168225
1151.536079 846.365757
1250.899513 853.772844
1354.413819 861.473005
1461.921212 869.251305
1573.412220 877.154189
1688.759548 885.301025
1100.173745 158.964948
1186.566872 152.310729
1276.137203 145.738371
1368.908073 139.306623
1464.793948 132.974446
1563.915738 126.800090
1666.074032 120.781418
1092.209431 229.162810
1180.808800 223.747574
1272.825907 218.340396
1368.233328 213.140637
1467.035419 208.021766
1569.039485 203.105436
1674.359129 198.342817
1083.650507 303.607988
1174.608632 299.485874
1269.169136 295.524949
1367.355756 291.661152
1468.996622 287.972096
1574.210696 284.319432
1682.898578 281.018946
1074.563658 382.331829
1167.923891 379.715350
1265.093044 377.354808
1366.053932 375.023817
1470.796202 372.872064
1579.276605 370.912861
1691.454268 369.084070
1064.876493 465.768713
1160.696589 464.878469
1260.384400 464.269796
1364.450569 463.691380
1472.319216 463.328572
1584.238534 463.089751
1699.976455 463.137298
1054.508650 554.045078
1152.702447 555.174154
1255.390890 556.551355
1362.246263 557.976495
1473.479626 559.664433
1588.930715 561.462741
1708.463514 563.470588
1043.339308 647.456678
1144.199778 650.770728
1249.666881 654.279823
1359.762080 658.083960
1474.270538 662.018390
1593.417741 666.164417
1716.826961 670.450124
1127.548765 267.292536
1212.382520 261.181709
1301.398452 255.014699
1394.787856 248.889223
1492.589152 242.670827
1595.130855 236.458307
1702.313600 230.290973
1116.573404 340.730890
1203.282075 336.396662
1294.478916 331.972886
1390.262129 327.696640
1490.884190 323.335975
1596.314713 319.051333
1706.725459 314.854970
1104.799732 418.252445
1193.555771 415.785133
1286.968243 413.442462
1385.358093 411.141948
1488.668260 408.976893
1597.130090 406.755990
1710.986540 404.852022
1092.430070 499.869189
1183.175262 499.538326
1278.899502 499.516441
1379.722873 499.517098
1485.895655 499.692257
1597.599773 500.088998
1714.911922 500.548167
1079.277770 585.887146
1172.083525 588.007882
1269.984642 590.498823
1373.588149 593.084836
1482.574571 595.967833
1597.621052 599.049223
1718.449096 602.493075
1065.245691 676.389853
1159.953439 681.372440
1260.429137 686.656046
1366.481642 692.126445
1478.613925 698.084424
1596.984428 704.283621
1721.523562 710.862151
1050.398470 771.572318
1147.229159 779.561385
1249.942736 787.967080
1358.830399 796.823037
1473.935123 806.136102
1595.728985 815.895426
1724.115862 826.047638
1149.992945 378.937684
1253.845922 377.278082
1360.375747 375.932233
1469.438558 374.807740
1580.782232 373.895714
1694.240103 373.176028
1809.572305 372.722570
1149.971611 479.756206
1253.870514 479.638459
1360.576685 479.676899
1469.744210 479.952338
1581.163711 480.326409
1694.783098 480.891519
1810.195833 481.657348
1149.686794 580.990571
1253.595156 582.328660
1360.322128 583.809190
1469.491520 585.380683
1580.964740 587.168328
1694.567406 588.885911
1810.098198 590.907768
1149.207872 682.119582
1253.060499 684.882567
1359.627721 687.855666
1468.734677 690.870553
1580.174417 693.891173
1693.649135 696.967284
1809.031899 700.102189
1148.562594 782.976418
1252.185241 787.267391
1358.556089 791.622315
1467.526233 796.000051
1578.748339 800.428602
1692.110414 804.799396
1807.274898 809.156107
1147.663814 883.378104
1251.021202 889.203101
1357.128655 894.988293
1465.772194 900.766370
1576.707128 906.496091
1689.846019 912.135366
1804.804598 917.708413
1146.670700 983.039975
1249.590094 990.295963
1355.344413 997.474399
1463.687185 1004.719714
1574.239315 1011.712271
1686.851082 1018.376448
1801.570734 1025.612732
1032.894131 268.258140
1130.174266 260.315872
1233.349360 252.363428
1342.858656 244.178841
1458.693125 235.997100
1581.128785 227.719076
1710.430500 219.341093
1048.069000 363.695885
1143.362285 358.990736
1244.174867 354.180321
1350.981548 349.371430
1463.787377 344.484589
1582.915330 339.674315
1708.439154 334.947677
1062.488756 454.938719
1155.723111 452.937154
1254.243977 450.966238
1358.348735 449.054603
1468.203379 447.336966
1583.972188 445.574528
1705.868665 444.005725
1076.013620 541.722815
1167.227634 542.203492
1263.421095 542.901702
1364.978452 543.752152
1471.937788 544.644000
1584.421367 545.751129
1702.693135 547.004772
1088.858370 624.322229
1178.031462 627.116203
1272.017445 630.074194
1370.927093 633.230646
1475.074627 636.637880
1584.440953 640.271349
1699.177455 644.112534
1100.829334 702.967694
1188.036070 707.835383
1279.782958 712.839118
1376.215206 718.105135
1477.571514 723.692120
1583.961035 729.513729
1695.324196 735.643376
1112.225404 777.736438
1197.460732 784.294331
1287.008464 791.161071
1381.094758 798.437214
1479.719397 805.946278
1583.078542 813.699342
1691.239761 821.851104
1137.093808 96.021628
1243.143018 89.950383
1352.026783 84.289327
1463.637411 79.036819
1577.623710 74.190813
1693.902709 69.637315
1812.047752 65.674527
1138.755365 199.628825
1244.388824 195.203552
1352.885770 191.035610
1464.038063 187.257868
1577.494227 183.794751
1693.171868 180.713189
1810.762506 177.984841
1140.185214 302.883277
1245.288886 299.945024
1353.314017 297.334186
1463.857614 294.943065
1576.697436 292.943645
1691.708732 291.051573
1808.761749 289.600575
1141.412899 405.193364
1245.880450 403.806144
1353.204509 402.721031
1463.089119 401.817270
1575.250111 401.050192
1689.584617 400.542642
1805.746554 400.247051
1142.489466 506.513117
1246.258274 506.671584
1352.807087 506.953462
1461.862726 507.404424
1573.241495 508.083361
1686.770587 508.854449
1802.058818 509.733051
1143.209624 606.589702
1246.181486 608.216242
1351.910803 609.879848
1460.073658 611.734943
1570.577881 613.711821
1683.225561 615.695337
1797.677065 617.810290
1143.761630 705.110745
1245.857680 708.054102
1350.651826 711.100205
1457.936661 714.344234
1567.481077 717.555245
1679.022470 720.741253
1792.471446 724.057698
