200.000000 200.000000
300.000000 200.000000
400.000000 200.000000
500.000000 200.000000
600.000000 200.000000
700.000000 200.000000
800.000000 200.000000
200.000000 300.000000
300.000000 300.000000
400.000000 300.000000
500.000000 300.000000
600.000000 300.000000
700.000000 300.000000
800.000000 300.000000
200.000000 400.000000
300.000000 400.000000
400.000000 400.000000
500.000000 400.000000
600.000000 400.000000
700.000000 400.000000
800.000000 400.000000
200.000000 500.000000
300.000000 500.000000
400.000000 500.000000
500.000000 500.000000
600.000000 500.000000
700.000000 500.000000
800.000000 500.000000
200.000000 600.000000
300.000000 600.000000
400.000000 600.000000
500.000000 600.000000
600.000000 600.000000
700.000000 600.000000
800.000000 600.000000
200.000000 700.000000
300.000000 700.000000
400.000000 700.000000
500.000000 700.000000
600.000000 700.000000
700.000000 700.000000
800.000000 700.000000
200.000000 800.000000
300.000000 800.000000
400.000000 800.000000
500.000000 800.000000
600.000000 800.000000
700.000000 800.000000
800.000000 800.000000
559.060174 260.987546
635.338499 252.214661
716.802237 243.152439
803.898117 233.717651
896.961176 223.900088
996.595281 213.807695
1103.023888 203.395010
558.342463 354.350963
634.718353 348.658913
716.246551 342.691145
803.446707 336.577488
896.791199 330.158291
996.672413 323.651688
1103.435037 317.051929
557.897926 448.401559
634.302624 445.689805
715.861398 442.966828
803.178703 440.107845
896.645720 437.292114
996.630035 434.377461
1103.604838 431.601478
557.678346 542.617781
634.091199 542.952614
715.651834 543.522081
802.981190 544.149943
896.489253 544.823060
996.544348 545.725184
1103.527073 546.713928
557.735859 636.969308
634.143906 640.409319
715.708431 644.169187
803.006637 648.147006
896.341920 652.518374
996.343834 657.071234
1103.203838 662.028499
557.965994 731.265375
634.260532 737.776131
715.922308 744.751256
802.981298 752.154198
896.217662 760.019488
996.026596 768.246923
1102.641035 776.997624
558.469306 825.259199
634.731263 834.753977
716.154847 844.834630
803.198222 855.591271
896.145156 866.893200
995.688651 878.784297
1101.925639 891.381652
663.706797 146.523914
735.814939 135.724841
812.148443 124.547277
893.044771 113.092891
978.728091 101.128959
1069.696301 88.922420
1165.897049 76.352239
641.067613 216.454764
714.338149 207.380619
792.078953 197.932226
874.598976 188.245025
962.385215 178.154985
1055.508868 167.832081
1154.375282 157.258241
617.349996 290.380417
691.802532 283.171942
770.922583 275.749774
855.201135 268.003771
944.920155 260.122427
1040.359346 251.966781
1141.927972 243.789957
592.616047 368.209670
668.197234 363.191008
748.685816 358.126038
834.583802 352.770527
926.346797 347.331102
1024.217114 341.899308
1128.538714 336.277984
566.781007 450.411105
643.458418 447.870176
725.230566 445.492176
812.942975 442.813831
906.581422 440.300227
1006.917980 437.675635
1114.023955 435.212694
539.752267 537.017954
617.404722 537.365667
700.747620 537.950913
789.885571 538.433766
885.616859 539.212811
988.287269 539.991379
1098.242889 540.995473
511.537348 628.183663
590.405980 631.708004
675.012104 635.530844
765.836653 639.736197
863.368655 644.192476
968.485255 648.953349
1081.219954 653.990079
923.775664 371.696510
1034.939492 377.255105
1138.548233 382.681391
1235.036463 388.058742
1325.093538 393.286218
1409.057373 398.193791
1487.416985 403.035792
909.581417 488.636880
1018.736009 490.147568
1120.658539 491.828090
1215.742827 493.413237
1304.560271 495.064891
1387.604566 496.652641
1465.167862 498.283281
896.193389 600.274321
1003.109197 598.207789
1103.232522 596.224031
1196.941613 594.454518
1284.554176 592.894925
1366.569010 591.319692
1443.373759 590.013591
883.306240 706.615698
988.182592 701.201122
1086.411004 696.091023
1178.602285 691.278612
1265.029507 686.707995
1346.008050 682.316574
1422.039693 678.357550
871.228221 807.566379
973.847953 799.306694
1070.264706 791.336029
1160.812749 783.829590
1246.072590 776.580260
1325.964533 769.784973
1401.189950 763.227294
859.692317 903.643554
960.206256 892.753662
1054.703322 882.274668
1143.798296 872.318932
1227.624548 862.639264
1306.598506 853.499552
1380.924812 844.833039
848.797134 994.848395
947.041186 981.582682
1039.902007 968.786322
1127.349080 956.720642
1209.879597 944.974863
1287.696445 933.735395
1361.156506 923.105651
896.347962 197.120809
1001.883945 207.971239
1100.735184 218.438953
1193.339300 228.731796
1280.128347 238.646307
1361.471060 248.106665
1437.707743 257.254788
895.716080 310.849111
1001.594173 318.084168
1100.764832 325.243297
1193.583704 332.202441
1280.541138 338.977000
1362.001385 345.438014
1438.327311 351.704448
895.109046 425.573531
1001.147160 429.233173
1100.505411 432.839645
1193.530418 436.483122
1280.581175 440.001506
1362.128706 443.297604
1438.560792 446.686783
894.459471 540.981934
1000.655094 540.922147
1100.074621 541.003837
1193.154745 541.161064
1280.273993 541.446071
1361.852610 541.681641
1438.372400 542.103085
893.863067 656.520765
1000.000766 652.807223
1099.376079 649.355581
1192.409844 646.128292
1279.663637 643.029038
1361.213824 640.283179
1437.693743 637.587775
893.349827 771.900188
999.302719 764.578117
1098.503917 757.645934
1191.533714 751.062297
1278.632123 744.645220
1360.305517 738.684623
1436.794984 733.131037
892.832058 886.704776
998.418717 875.777097
1097.550218 865.258042
1190.364406 855.452158
1277.424740 845.867522
1358.939910 836.870524
1435.423960 828.400134
200.000000 200.000000
300.000000 200.000000
400.000000 200.000000
500.000000 200.000000
600.000000 200.000000
700.000000 200.000000
800.000000 200.000000
200.000000 300.000000
300.000000 300.000000
400.000000 300.000000
500.000000 300.000000
600.000000 300.000000
700.000000 300.000000
800.000000 300.000000
200.000000 400.000000
300.000000 400.000000
400.000000 400.000000
500.000000 400.000000
600.000000 400.000000
700.000000 400.000000
800.000000 400.000000
200.000000 500.000000
300.000000 500.000000
400.000000 500.000000
669.008410 988.048718
600.000000 500.000000
700.000000 500.000000
800.000000 500.000000
200.000000 600.000000
300.000000 600.000000
400.000000 600.000000
500.000000 600.000000
600.000000 600.000000
700.000000 600.000000
800.000000 600.000000
200.000000 700.000000
300.000000 700.000000
400.000000 700.000000
500.000000 700.000000
600.000000 700.000000
700.000000 700.000000
800.000000 700.000000
200.000000 800.000000
300.000000 800.000000
400.000000 800.000000
500.000000 800.000000
600.000000 800.000000
700.000000 800.000000
800.000000 800.000000
620.815471 99.011608
718.375587 94.284281
818.148644 89.850610
920.053323 85.856731
1023.913775 82.219791
1129.556773 79.037263
1236.603580 76.378843
611.849573 190.078779
711.074513 186.232374
812.680592 182.614453
916.468543 179.436500
1022.368172 176.579365
1130.036567 174.118101
1239.175767 172.131600
602.745441 284.879649
703.625143 281.990124
806.979269 279.351713
912.752733 277.010861
1020.606141 275.036442
1130.329312 273.330640
1241.629502 272.120835
593.602177 383.293080
696.099078 381.471691
801.156903 379.954530
908.767309 378.599459
1018.630704 377.548317
1130.451951 376.831491
1243.820195 376.371919
584.412452 485.434164
688.488618 484.839102
795.199325 484.528100
904.733264 484.261803
1016.490088 484.251190
1130.348549 484.411686
1245.720372 484.831747
575.164274 591.136072
680.742808 591.933611
789.281214 592.916627
900.454623 593.920923
1014.165630 595.040328
1129.979677 596.161708
1247.387840 597.457202
565.901395 700.357722
673.157227 702.571900
783.237446 704.898519
896.161078 707.314920
1011.607789 709.594926
1129.297342 711.851703
1248.690715 714.087620
663.174542 376.831484
785.363688 377.375187
906.276513 378.305225
1025.608734 379.670482
1142.781121 381.340791
1257.457418 383.101761
1369.464879 385.241947
668.576532 487.677650
786.736186 487.711061
903.649016 488.005135
1019.052329 488.453363
1132.455073 489.016108
1243.632681 489.724383
1352.257714 490.703075
674.031914 591.555010
788.131082 591.095841
901.192794 590.684496
1012.820232 590.349195
1122.662567 590.127234
1230.376574 589.765664
1335.706264 589.670926
679.234625 688.654043
789.583711 687.749039
898.864739 686.775315
1006.914071 685.887737
1113.261779 684.839257
1217.642480 683.689026
1319.853821 682.697064
684.326482 779.390377
791.090699 778.113857
896.819373 776.630029
1001.272609 775.123008
1104.324318 773.472822
1205.437641 771.827781
1304.672161 769.996746
689.103065 864.434726
792.540177 862.705714
894.813317 860.829512
996.043829 858.815118
1095.775450 856.601014
1193.958046 854.333498
1290.302250 851.974357
693.750627 944.108142
793.800657 941.944385
892.990740 939.617032
991.042269 937.232086
1087.732976 934.589439
1182.970045 931.808471
1276.529287 928.982363
677.704091 148.526156
771.017745 144.743502
866.206101 141.210017
963.265986 138.133865
1061.979464 135.316009
1162.285374 132.878336
1263.706075 130.884415
663.914056 225.737702
759.926019 222.572481
858.071977 219.632166
958.207781 217.112890
1060.199823 214.889968
1163.694081 213.017953
1268.475374 211.538744
649.263726 308.154605
748.182920 305.702873
849.330041 303.556927
952.799907 301.682881
1058.090525 300.152383
1164.991283 298.867955
1273.359219 298.054481
633.905008 396.083827
735.792772 394.530870
840.173472 393.286131
946.878009 392.190535
1055.688992 391.431320
1166.274479 390.992652
1278.287453 390.773944
617.774525 490.028900
722.711747 489.549311
830.264910 489.405805
940.623598 489.277219
1053.011837 489.383063
1167.390333 489.701273
1283.220863 490.274461
600.820576 590.246677
708.828403 591.095428
820.025230 592.152950
933.786497 593.240143
1050.003033 594.437800
1168.347548 595.640202
1288.267788 596.992316
582.960026 697.211396
694.475068 699.516334
809.049900 701.919163
926.576626 704.395412
1046.637910 706.756924
1169.026359 709.106567
1293.094384 711.383961
696.049287 369.977649
816.240162 370.857773
935.054642 372.078282
1052.212453 373.638385
1167.223212 375.585915
1279.760926 377.629882
1389.660811 379.990725
697.846673 486.182105
816.077003 486.438426
932.987857 486.947239
1048.267759 487.594407
1161.448634 488.431559
1272.306262 489.334056
1380.545499 490.509526
699.976200 598.769966
816.003178 598.431000
930.932708 598.156556
1044.286601 597.926247
1155.608645 597.830810
1264.695492 597.661788
1371.258011 597.685826
702.152144 707.444367
816.123190 706.513743
928.888078 705.587591
1040.251227 704.608009
1149.676713 703.585587
1256.931906 702.444837
1361.855532 701.391735
704.464489 812.134355
816.323444 810.684703
927.017729 809.071426
1036.234676 807.394349
1143.776029 805.541350
1249.167692 803.621182
1352.353394 801.586097
706.732285 912.965955
816.527260 910.977558
925.060352 908.763179
1032.306254 906.416593
1137.836667 903.826327
1241.478154 901.092676
1342.955346 898.220479
709.071448 1009.791466
816.680100 1007.248986
923.256963 1004.450150
1028.464282 1001.555904
1132.072911 998.329775
1233.762291 994.882579
1333.490950 991.332583
271.016972 102.280892
372.257641 105.739789
472.075674 109.348295
570.351800 113.489533
666.958417 117.821263
761.772730 122.445963
854.448191 127.390956
256.624523 179.621364
361.106412 182.374938
464.152926 185.433328
565.567359 188.903443
665.284921 192.592626
762.896796 196.521486
858.327784 200.659261
241.649245 262.246865
349.494583 264.341304
455.876217 266.748558
560.711185 269.419922
663.477416 272.308743
764.081806 275.340164
862.429507 278.732252
226.030097 350.625673
337.534987 351.890947
447.465285 353.492336
555.593572 355.249207
661.660557 357.288929
765.450574 359.469337
866.823066 361.896504
209.862702 445.220477
325.089757 445.580945
438.587574 446.311051
550.422222 447.128604
659.903325 448.099403
766.965492 449.254366
871.473040 450.576639
193.139668 546.400086
312.126258 545.836200
429.721789 545.544091
545.131433 545.276916
658.274446 545.117915
768.792531 545.054217
876.566838 545.140084
175.762443 654.622792
298.966522 653.064678
420.561958 651.450947
539.905425 650.018311
656.773371 648.532953
770.792825 647.186452
881.857024 645.863454
233.308808 446.510891
360.771382 447.466970
483.904565 448.627605
602.716891 450.015070
716.827139 451.522352
826.322547 453.056256
931.299092 454.769937
242.607259 554.519416
365.967406 553.461831
485.182130 552.660520
600.259348 551.898646
710.938250 551.245237
817.345091 550.691932
919.456351 550.321533
252.045594 655.826798
371.210565 652.992334
486.634822 650.228252
598.200501 647.609336
705.663734 645.147645
808.966957 642.704501
908.283981 640.488661
261.158791 750.773267
376.558041 746.310787
488.240458 741.926405
596.424140 737.710278
700.800455 733.575057
801.142505 729.537464
897.743216 725.653899
270.196208 839.617176
381.788738 833.874440
490.130633 828.048500
594.906847 822.408070
696.298819 816.788320
793.818692 811.343470
887.805215 805.945939
278.977081 923.091075
387.052351 916.100617
491.927126 909.078351
593.722607 902.173247
692.048913 895.221321
787.020698 888.428196
878.498399 881.804523
287.550001 1001.294221
392.185408 993.209715
493.920865 985.117124
592.649434 977.149529
688.215459 969.129922
780.500394 961.177908
869.630951 953.442943
258.112760 216.315302
376.649133 221.585523
491.460550 227.006504
602.472988 232.786607
709.517789 238.606695
812.508196 244.481471
911.442751 250.541348
255.867094 326.747849
374.779203 330.030107
489.959991 333.569223
601.256605 337.212540
708.563235 341.046531
811.765067 344.851910
910.912774 348.917863
254.351388 438.040414
373.426073 439.328303
488.800357 440.791264
600.376920 442.443837
707.725341 444.189120
811.068641 445.947845
910.404612 447.960587
253.343260 549.864491
372.643025 549.109996
488.054393 548.517687
599.664897 548.065314
707.087736 547.798370
810.477036 547.502836
909.894601 547.476101
253.069388 661.782009
372.238461 659.021897
487.604051 656.374720
599.163716 653.904100
706.675103 651.499706
809.959235 649.258416
909.306810 647.091038
253.368989 773.682018
372.300202 768.914101
487.563680 764.240058
599.038365 759.686126
706.433360 755.128861
809.673415 750.827241
908.866760 746.578480
254.233827 885.085086
372.847320 878.320502
487.963860 871.534385
599.144429 864.996220
706.340199 858.375378
809.334541 851.929626
908.318503 845.652863
287.582066 114.094475
395.690418 120.740642
500.645562 127.468429
602.372620 134.555517
700.801993 141.721818
795.811012 149.009812
887.361775 156.353481
279.514208 202.416819
390.484977 207.656142
498.180488 213.142517
602.409956 218.842924
703.222205 224.634909
800.341702 230.499457
893.888834 236.457144
271.380059 295.640603
385.292472 299.410396
495.736830 303.416544
602.696052 307.592723
705.824558 311.837221
805.169540 316.090442
900.747885 320.613315
263.322892 394.023425
380.314631 396.101545
493.558978 398.430045
603.040683 400.843046
708.597489 403.453819
810.237522 406.097693
907.978801 408.928216
255.418340 497.760290
375.376514 497.997675
491.444831 498.509903
603.687332 499.071186
711.687349 499.752666
815.582197 500.598569
915.432962 501.515686
247.692956 606.988622
370.577359 605.228893
489.732775 603.685186
604.617403 602.214240
715.158446 600.826671
821.406083 599.594554
923.346844 598.510015
240.027606 721.865082
366.134629 717.954360
488.239473 713.990163
605.904913 710.327578
719.022521 706.668378
827.406481 703.241056
931.410841 699.859523
192.639807 357.453779
316.676657 358.477109
438.758800 359.837054
558.714579 361.531054
676.081276 363.477651
790.505520 365.523062
901.960424 367.879910
207.870312 467.012303
327.996000 467.019284
446.205379 467.296790
562.286217 467.671534
675.900240 468.199122
786.894231 468.836160
895.033497 469.728201
222.942889 570.005618
339.044173 569.020978
453.478963 568.125975
565.948175 567.354004
676.046233 566.728478
783.619636 566.086989
888.524478 565.659153
237.385838 666.609674
349.898546 664.699597
460.586429 662.857278
569.572091 661.120251
676.357567 659.376075
780.607297 657.638463
882.441160 656.105699
251.469751 757.129531
360.390641 754.569818
467.712748 751.831415
573.182833 749.181204
676.805203 746.473208
777.886046 743.924526
876.702441 741.259626
265.014593 842.245883
370.537212 838.957767
474.455129 835.505695
576.843494 832.063567
677.233082 828.492108
775.478640 824.944744
871.429372 821.414780
278.179339 922.087009
380.319338 918.148631
481.126317 914.055172
580.371044 909.951803
677.797488 905.643475
773.111154 901.266869
866.381464 896.953537
329.929368 227.097700
455.457097 235.218250
574.443854 243.200544
687.113146 251.243192
793.695242 259.196222
894.289724 266.911451
989.282253 274.581153
328.776513 345.607515
452.679956 350.287449
570.202711 355.103940
681.466288 359.852325
786.753885 364.591199
886.368712 369.232012
980.443196 373.932879
328.417946 461.099833
450.379914 462.589792
566.288394 464.141856
676.153292 465.837392
780.147284 467.581404
878.658345 469.281114
971.738108 471.157990
328.524785 573.276057
448.676959 571.648620
562.796925 570.231890
671.189615 569.015256
773.851336 567.938058
871.127931 566.886779
963.220567 566.146411
329.191745 681.859112
447.333135 677.442365
559.785694 673.194614
666.543861 669.271434
767.871837 665.478046
863.823433 661.985902
954.826734 658.598783
330.289292 787.039710
446.458090 779.965274
557.052049 773.097766
662.331948 766.582000
762.202003 760.235241
856.911268 754.258082
946.762117 748.497821
331.783968 888.500592
445.838866 878.939257
554.747148 869.572680
658.308852 860.718105
756.767808 852.002242
850.101828 843.677798
938.815798 835.739407
123.079271 48.474660
249.669056 52.679560
374.529623 57.070032
497.506656 62.264472
617.981125 67.895270
735.728165 73.997437
850.385109 80.559996
124.226868 169.761014
250.437160 172.572121
374.801243 175.872257
497.075803 179.601604
617.057409 183.756550
734.280381 188.243590
848.413515 193.148919
126.583096 290.083670
251.892764 291.754987
375.526560 293.795092
497.224531 296.185080
616.476634 298.906287
732.976121 301.778086
846.478694 305.027049
129.545001 409.269796
254.147800 409.773537
376.875519 410.578197
497.688958 411.634550
616.150295 412.927100
731.823324 414.325890
844.616529 416.032366
133.404990 526.928188
256.973108 526.405543
378.782643 525.995287
498.602048 525.742801
616.143624 525.599764
730.864328 525.666000
842.805636 525.798286
137.929189 642.895877
260.395865 641.261236
381.146787 639.690878
499.930372 638.195557
616.451701 636.655898
730.282692 635.258607
841.207604 633.964390
143.163984 756.677997
264.395156 753.979718
384.003546 751.181654
501.646814 748.535080
617.053826 745.690986
729.775863 742.924424
839.631921 740.275204
162.762020 154.459812
300.220763 161.209355
432.813511 168.221081
560.708159 175.656529
683.584234 183.310731
801.106484 190.998714
913.437410 198.906575
170.025792 281.662075
304.250406 285.808994
433.837712 290.337431
558.771953 295.005023
678.846015 299.888868
793.953153 304.795191
904.059449 309.937310
178.018393 403.346228
308.735840 405.119447
435.217521 407.075923
557.308062 409.283368
674.635051 411.642501
787.227392 414.010974
895.064789 416.599424
186.203488 519.367604
313.723836 518.912818
436.973286 518.624631
556.159892 518.568653
670.799983 518.613874
780.872277 518.652791
886.499915 519.029002
194.721394 629.705931
318.927587 627.333322
439.208614 624.949165
555.338045 622.809398
667.406576 620.717472
774.925921 618.831256
878.293878 617.036171
203.402710 734.726785
324.423830 730.497365
441.551356 726.305945
554.968301 722.275091
664.348895 718.201493
769.552079 714.435402
870.598986 710.774028
212.209030 834.379009
329.957994 828.470117
444.224129 822.545751
554.798556 816.852956
661.607406 811.116225
764.356619 805.532884
863.194902 800.177708
138.686452 288.901736
255.438463 288.685533
372.360978 288.738408
489.490100 289.323805
606.363350 290.158686
722.625014 291.339000
837.801914 292.900710
130.576804 401.746865
248.532885 401.398323
366.740618 401.314181
485.100477 401.587361
603.297182 402.033758
720.689802 402.707082
837.049894 403.651326
123.148215 517.248647
242.141549 516.803288
361.497530 516.578787
481.144109 516.482374
600.397559 516.507868
718.877842 516.603283
836.380375 516.999824
116.222065 635.066203
236.450571 634.518906
356.852286 634.052986
477.452044 633.625769
597.776637 633.204141
717.340857 632.815157
835.842525 632.598800
110.132620 754.846648
231.171783 754.246711
352.569586 753.632068
474.149700 752.830506
595.421017 751.951344
715.981525 751.061469
835.303456 750.163952
104.607380 876.434795
226.443012 875.713219
348.807379 874.893435
471.207073 873.822101
593.377569 872.462448
714.797153 870.922267
834.988157 869.221263
100.218383 999.021702
222.346822 998.619075
345.725982 997.278881
468.832028 996.055830
591.619021 994.212101
713.678691 992.028583
834.539522 989.609238
246.600944 204.659041
366.446410 210.213201
482.444326 215.858508
594.585827 221.942966
702.714663 228.035841
806.814949 234.240218
906.724988 240.550119
237.062166 305.400588
360.280813 309.139423
479.547436 313.149242
594.617883 317.413710
705.530793 321.774047
812.095078 326.171713
914.330563 330.747082
227.486567 412.011499
354.156724 413.880870
476.652186 415.978931
594.979590 418.269110
708.578346 420.634162
817.677322 423.057763
922.314193 425.741383
217.978266 524.948817
348.314663 524.620521
474.182125 524.511091
595.452455 524.515827
711.910407 524.775021
823.646676 525.074326
930.706192 525.597659
208.707189 644.217170
342.602128 641.462674
471.763047 639.019173
596.305083 636.638482
715.711525 634.361853
830.010261 632.315997
939.390809 630.407617
199.731580 770.059820
337.115563 764.727298
469.920555 759.604689
597.546497 754.535436
719.938546 749.537865
836.870022 744.814744
948.607494 740.196961
190.894043 902.567570
332.175911 894.392473
468.398203 886.162352
599.225554 878.206676
724.510970 870.245371
844.020494 862.515014
958.059437 854.947228
1035.528537 464.820559
1136.513752 463.399860
1242.000272 462.248873
1352.262959 461.154245
1466.933811 460.278588
1586.082150 459.492635
1709.774775 458.870166
1046.474156 556.317369
1144.912252 557.144301
1247.508853 558.100125
1354.559819 559.194101
1465.825593 560.334001
1581.372812 561.700354
1701.098390 563.282476
1056.830099 643.082417
1152.633419 645.732719
1252.510370 648.501777
1356.425827 651.442646
1464.441780 654.617923
1576.440051 657.807892
1692.363273 661.258540
1066.452840 725.055052
1159.781669 729.380957
1256.890197 733.883530
1357.917358 738.583717
1462.763677 743.333215
1571.341792 748.229036
1683.570128 753.280515
1075.547285 802.574630
1166.455745 808.451036
1260.983277 814.415740
1359.126867 820.521945
1460.922433 826.845164
1566.166412 833.252674
1674.918229 839.750299
1084.007748 875.996879
1172.615855 883.204351
1264.581805 890.482007
1359.976298 897.909487
1458.789040 905.506189
1560.961297 913.212890
1666.388825 921.048999
1092.053901 945.511620
1178.321746 953.789701
1267.832350 962.223758
1360.648252 970.874096
1456.654003 979.622581
1555.796427 988.426414
1658.105310 997.430893
1057.270800 266.617899
1152.709379 261.208095
1252.120984 255.958182
1355.653819 250.850911
1463.151213 245.845277
1574.628245 241.029297
1689.970594 236.397897
1057.409488 361.350168
1153.018865 358.110072
1252.631745 354.912985
1356.402314 351.899391
1464.170079 348.968299
1575.926551 346.242741
1691.546003 343.743031
1057.394553 456.825770
1153.143678 455.589232
1252.882023 454.536030
1356.786574 453.565724
1464.730016 452.841899
1576.615140 452.153065
1692.507115 451.771393
1057.275916 552.500969
1153.052204 553.345492
1252.818049 554.455500
1356.726779 555.687693
1464.729737 557.025002
1576.687297 558.568478
1692.554339 560.221410
1057.105404 648.276003
1152.774514 651.270542
1252.486481 654.462362
1356.362128 657.777805
1464.243634 661.328847
1576.235243 664.986063
1691.959762 668.844974
1056.690263 743.913234
1152.177042 749.092457
1251.807298 754.406759
1355.485401 759.842276
1463.261525 765.548338
1575.093179 771.318811
1690.716112 777.299468
1056.253392 839.168225
1151.536079 846.365757
1250.899513 853.772844
1354.413819 861.473005
1461.921212 869.251305
1573.412220 877.154189
1688.759548 885.301025
1100.173745 158.964948
1186.566872 152.310729
1276.137203 145.738371
1368.908073 139.306623
1464.793948 132.974446
1563.915738 126.800090
1666.074032 120.781418
1092.209431 229.162810
1180.808800 223.747574
1272.825907 218.340396
1368.233328 213.140637
1467.035419 208.021766
1569.039485 203.105436
1674.359129 198.342817
1083.650507 303.607988
1174.608632 299.485874
1269.169136 295.524949
1367.355756 291.661152
1468.996622 287.972096
1574.210696 284.319432
1682.898578 281.018946
1074.563658 382.331829
1167.923891 379.715350
1265.093044 377.354808
1366.053932 375.023817
1470.796202 372.872064
1579.276605 370.912861
1691.454268 369.084070
1064.876493 465.768713
1160.696589 464.878469
1260.384400 464.269796
1364.450569 463.691380
1472.319216 463.328572
1584.238534 463.089751
1699.976455 463.137298
1054.508650 554.045078
1152.702447 555.174154
1255.390890 556.551355
1362.246263 557.976495
1473.479626 559.664433
1588.930715 561.462741
1708.463514 563.470588
1043.339308 647.456678
1144.199778 650.770728
1249.666881 654.279823
1359.762080 658.083960
1474.270538 662.018390
1593.417741 666.164417
1716.826961 670.450124
1084.690503 463.136772
1191.644315 462.339579
1301.666784 461.839181
1414.713051 461.460003
1530.259121 461.338917
1648.230538 461.298246
1768.434440 461.482052
1090.208707 557.820840
1194.113160 558.577685
1300.830469 559.512648
1410.362466 560.516360
1522.286057 561.598222
1636.609038 562.854881
1752.897041 564.256359
1095.351151 647.276437
1196.196339 649.291389
1299.787573 651.382961
1405.907431 653.560457
1514.419401 655.915102
1625.133510 658.182408
1737.769152 660.647580
1100.002020 731.509266
1197.974623 734.684693
1298.446836 737.924386
1401.421817 741.257815
1506.654014 744.545703
1613.857958 747.842520
1722.960208 751.168506
1104.385537 810.886584
1199.537420 815.131774
1297.123335 819.342543
1396.968019 823.563906
1499.020748 827.836654
1602.911377 832.067103
1708.577990 836.222719
1108.332452 885.847148
1200.834210 891.017785
1295.544333 896.091781
1392.489741 901.169550
1491.432516 906.201171
1592.271835 911.216837
1694.684778 916.203678
1112.126979 956.575761
1201.929713 962.463619
1293.956435 968.301622
1388.110055 974.201596
1484.153738 979.966284
1581.939316 985.586614
1681.341569 991.243952
1122.100915 146.134667
1211.988362 141.717847
1303.924289 137.522506
1397.887108 133.676069
1493.639667 130.047443
1591.241283 126.743388
1690.375437 123.702134
1118.387184 217.478907
1210.790559 213.900466
1305.454041 210.488855
1402.214764 207.438143
1500.977132 204.594629
1601.500828 202.076132
1703.660595 199.807983
1114.234805 293.320594
1209.353217 290.645056
1306.795993 288.235588
1406.601198 286.044288
1508.343435 284.118642
1612.026675 282.312033
1717.489951 280.955220
1109.809297 373.841888
1207.690464 372.174996
1308.134356 370.851559
1410.898857 369.635400
1515.855768 368.671083
1622.849979 367.953303
1731.660987 367.394766
1104.986519 459.445563
1205.735572 458.975002
1309.109346 458.833456
1415.179681 458.768319
1523.412600 458.913922
1633.888701 459.221679
1746.155802 459.765781
1099.743829 550.343337
1203.314389 551.308196
1310.035852 552.514666
1419.249784 553.719235
1531.011474 555.163380
1645.095741 556.692437
1761.105329 558.350224
1093.907421 646.938480
1200.667053 649.382235
1310.576540 651.984428
1423.333333 654.783178
1538.632519 657.624342
1656.408014 660.569606
1776.250265 663.545074
1084.763231 237.598740
1165.752926 230.833684
1250.651290 224.006086
1339.696073 217.159365
1432.947706 210.194166
1530.614984 203.224175
1632.634667 196.267534
1073.177547 307.748033
1155.915888 302.622074
1242.785843 297.406490
1334.070054 292.260262
1429.845464 287.023891
1530.136964 281.821022
1635.157258 276.661475
1060.841334 381.721837
1145.434256 378.345619
1234.344455 375.036477
1327.955967 371.660732
1426.195065 368.439397
1529.268148 365.140247
1637.411335 362.074090
1047.869458 459.523548
1134.283529 458.117160
1225.306529 456.901769
1321.124923 455.671842
1422.015549 454.584243
1528.017593 453.671977
1639.294883 452.789584
1034.152297 541.479458
1122.430036 542.309476
1215.439793 543.377357
1313.784372 544.540192
1417.234133 545.891440
1526.270115 547.418983
1640.762989 549.235285
1019.635779 627.583698
1109.613004 630.967941
1204.968845 634.613327
1305.539919 638.416524
1411.793668 642.603079
1523.874250 646.960727
1641.777325 651.659434
1004.261914 718.084973
1096.191715 724.200411
1193.570590 730.701073
1296.692112 737.583412
1405.613468 744.794978
1520.843987 752.415053
1642.201213 760.377615
1135.880746 278.750547
1227.763045 274.299813
1323.114050 269.983901
1422.007779 265.878982
1524.254537 261.827118
1630.053887 257.948390
1739.134163 254.242437
1130.199902 361.125857
1223.940619 358.312704
1321.391640 355.571634
1422.498345 353.060216
1527.206074 350.649490
1635.457996 348.325151
1747.183590 346.292098
1124.054185 447.419766
1219.749156 446.284540
1319.291436 445.333823
1422.688237 444.508297
1529.787693 443.970435
1640.662369 443.362225
1755.208287 443.113074
1117.529107 537.490418
1215.120689 538.197256
1316.801858 539.242359
1422.420962 540.346854
1531.996789 541.667372
1645.552752 543.207631
1762.885478 544.813551
1110.545116 631.490558
1210.101827 634.269876
1313.742206 637.425215
1421.805134 640.644339
1533.791820 644.124480
1650.119736 647.744253
1770.113197 651.589020
1103.084264 729.374520
1204.390222 734.592602
1310.334098 740.021489
1420.545233 745.530982
1535.143228 751.391186
1654.103849 757.343834
1777.038659 763.495294
1095.178004 831.190198
1198.448338 838.844652
1306.374175 846.733045
1418.995694 854.942363
1536.021611 863.326238
1657.571662 871.829694
1783.449273 880.575787
1149.992945 378.937684
1253.845922 377.278082
1360.375747 375.932233
1469.438558 374.807740
1580.782232 373.895714
1694.240103 373.176028
1809.572305 372.722570
1149.971611 479.756206
1253.870514 479.638459
1360.576685 479.676899
1469.744210 479.952338
1581.163711 480.326409
1694.783098 480.891519
1810.195833 481.657348
1149.686794 580.990571
1253.595156 582.328660
1360.322128 583.809190
1469.491520 585.380683
1580.964740 587.168328
1694.567406 588.885911
1810.098198 590.907768
1149.207872 682.119582
1253.060499 684.882567
1359.627721 687.855666
1468.734677 690.870553
1580.174417 693.891173
1693.649135 696.967284
1809.031899 700.102189
1148.562594 782.976418
1252.185241 787.267391
1358.556089 791.622315
1467.526233 796.000051
1578.748339 800.428602
1692.110414 804.799396
1807.274898 809.156107
1147.663814 883.378104
1251.021202 889.203101
1357.128655 894.988293
1465.772194 900.766370
1576.707128 906.496091
1689.846019 912.135366
1804.804598 917.708413
1146.670700 983.039975
1249.590094 990.295963
1355.344413 997.474399
1463.687185 1004.719714
1574.239315 1011.712271
1686.851082 1018.376448
1801.570734 1025.612732
1080.949488 204.491215
1184.961122 197.073297
1293.557166 189.875960
1406.959918 182.749052
1524.893130 175.831985
1647.296351 169.043828
1774.144520 162.489992
1088.901849 306.523486
1191.056908 301.763039
1297.615021 297.051117
1408.753106 292.477843
1524.176737 287.982269
1644.025963 283.727864
1768.028336 279.713812
1096.468773 405.155153
1196.673910 402.635544
1301.197625 400.207856
1409.984804 397.903980
1522.981602 395.851183
1640.144339 393.815762
1761.379333 392.076641
1103.535207 499.973038
1201.832997 499.552138
1304.216306 499.354709
1410.746892 499.305270
1521.272413 499.288073
1635.789496 499.456208
1754.205190 499.737216
1110.237067 591.138427
1206.587265 592.731268
1306.889501 594.460822
1411.079152 596.288596
1519.177984 598.325653
1631.094962 600.486327
1746.658300 602.765541
1116.387508 678.707938
1210.851668 682.126456
1309.025842 685.631053
1410.959682 689.274438
1516.654950 693.106290
1626.051816 697.045073
1738.860419 701.159092
1122.247433 762.644276
1214.730618 767.624964
1310.846331 772.745097
1410.623507 778.153685
1513.908061 783.627919
1620.654147 789.161435
1730.845305 794.940300
1186.863648 82.809517
1296.027098 80.200820
1406.206539 78.185546
1517.243857 76.716649
1628.716398 75.687056
1740.450700 75.052358
1852.188069 75.124727
1187.198214 189.580149
1295.914387 187.820385
1405.641976 186.434817
1516.148598 185.532294
1627.073912 184.992679
1738.291771 184.851070
1849.431551 185.088274
1187.299067 295.938594
1295.387075 294.881261
1404.560977 294.174352
1514.455719 293.789517
1624.785864 293.787272
1735.326035 293.893285
1845.922408 294.460599
1187.078031 401.392083
1294.523649 401.009045
1402.964031 400.941453
1512.176367 401.149235
1621.831979 401.498455
1731.685883 402.070685
1841.516216 402.862956
1186.635959 505.687158
1293.277231 506.039336
1400.945373 506.591894
1509.335942 507.277336
1618.294697 508.130644
1727.391593 509.085984
1836.388883 510.139254
1185.857305 608.646507
1291.664873 609.743973
1398.457482 610.907980
1506.011328 612.110895
1614.060745 613.382144
1722.418983 614.657842
1830.646865 616.061343
1184.874110 709.941951
1289.681327 711.636268
1395.629098 713.341807
1502.276135 715.174155
1609.419353 716.878695
1716.723226 718.482753
1824.154814 720.217330
