504.925135 401.726970
584.544690 397.659420
669.399897 393.511241
760.224305 389.024820
857.351252 384.263509
961.778052 379.079206
1074.144484 373.489361
527.088557 496.774357
605.756451 495.909894
689.404404 495.020098
778.779444 494.069974
874.280355 492.887184
976.784699 491.769282
1086.874270 490.602127
548.458463 588.101066
626.063790 589.978574
708.604354 592.057527
796.537386 594.220008
890.519858 596.620750
991.080586 599.049311
1098.967394 601.797081
568.911820 675.633769
645.564964 680.148747
726.927950 685.011148
813.564801 690.243761
905.996028 695.649679
1004.749373 701.477924
1110.448732 707.734844
588.626613 759.809462
664.337196 766.761702
744.645262 774.137760
829.958306 781.930691
920.831931 790.277016
1017.804048 799.146891
1121.436336 808.675709
607.549054 840.867413
682.303653 850.018788
761.512153 859.709975
845.532256 869.919169
934.976776 880.850128
1030.246752 892.528251
1131.915165 904.999289
625.791438 918.813898
699.618509 929.930949
777.675110 941.727856
860.573105 954.261966
948.532398 967.575062
1042.139593 981.731204
1141.971343 996.892347
631.903778 159.747027
706.405423 149.479167
785.253205 138.711606
868.964252 127.331918
957.866246 115.135228
1052.730545 102.176779
1153.760430 88.409658
614.029171 239.284490
689.351108 231.260436
769.143170 222.733898
853.935763 213.702604
944.300412 204.009375
1040.594604 193.812913
1143.363438 182.889098
595.474845 321.870548
671.698805 316.061447
752.489044 309.997794
838.453368 303.512834
930.075735 296.644619
1027.873964 289.238484
1132.522150 281.472648
576.318491 407.349609
653.361576 404.014595
735.181298 400.636863
822.277183 396.978177
915.259392 393.032676
1014.686985 388.910149
1121.149400 384.389595
556.497281 496.132948
634.375299 495.484235
717.111565 494.979231
805.550806 494.237958
899.812209 493.562214
1000.898183 492.772595
1109.175269 492.098864
535.831399 588.265388
614.458459 590.518365
698.451549 593.066661
787.925197 595.632191
883.712657 598.549841
986.403756 601.515385
1096.681422 604.765074
514.369818 683.930751
594.008157 689.319152
678.996563 695.106364
769.765870 701.390594
866.869957 708.034951
971.354779 715.144155
1083.593268 722.837965
916.517940 307.043235
1026.926821 314.600310
1130.144206 321.656496
1226.997139 328.381811
1317.993220 334.717974
1403.754742 340.516705
1484.580154 346.155607
906.973801 427.106241
1015.855494 430.607928
1117.757077 434.006134
1213.441966 437.120055
1303.398700 440.094954
1388.262256 442.863677
1468.292247 445.492342
897.883879 543.025928
1005.101032 542.832273
1105.720447 542.603100
1200.231821 542.474629
1289.242305 542.351645
1373.239995 542.060835
1452.543800 542.007139
888.954391 655.057973
994.787034 651.277881
1094.001723 647.771246
1187.444852 644.515519
1275.469634 641.446539
1358.580133 638.463343
1437.212673 635.774957
880.420115 763.239926
984.735384 756.214938
1082.713626 749.636704
1174.940794 743.524228
1262.148531 737.624603
1344.368717 732.159262
1422.272059 726.874275
872.197866 867.988615
975.053181 857.914876
1071.725770 848.453100
1162.990650 839.551410
1249.162642 831.055135
1330.654918 823.102037
1407.849739 815.599075
864.180382 969.289870
965.491267 956.323191
1061.130138 944.070590
1151.320393 932.669278
1236.596837 921.756021
1317.243286 911.445198
1393.751762 901.812547
857.620115 86.682048
956.743715 99.955949
1050.164798 112.347421
1138.546783 124.231178
1222.120694 135.465600
1301.438758 146.046082
1376.706990 156.114228
868.127212 180.467093
969.068347 191.179370
1064.200105 201.295921
1153.928120 210.844197
1238.750854 219.936679
1319.013682 228.504969
1395.138947 236.539573
879.084842 278.502766
981.884235 286.476678
1078.655335 293.985368
1169.879129 301.151192
1255.919093 307.906449
1337.272935 314.134052
1414.435073 320.201140
890.591310 381.113152
995.397784 386.029161
1093.814193 390.707490
1186.413733 395.098122
1273.723826 399.326346
1356.242271 403.255145
1434.359243 407.017809
902.635332 488.501726
1009.367875 490.092093
1109.454064 491.735212
1203.583161 493.294104
1292.341820 494.605986
1375.987065 495.992892
1455.037569 497.235976
915.359323 601.101114
1024.050230 599.140266
1126.022991 597.406423
1221.664666 595.721211
1311.706202 594.097972
1396.605769 592.567242
1476.695648 591.195322
928.558419 719.264829
1039.340889 713.405810
1143.277584 707.799445
1240.560480 702.751186
1331.963475 697.832114
1417.964617 693.245372
1499.081627 689.004887
686.163653 68.482834
794.581924 71.807592
901.589085 75.034351
1007.325291 78.376025
1111.750697 81.559011
1214.965791 84.765034
1316.880039 87.978679
683.409907 167.191322
793.514971 169.969660
902.195993 172.644498
1009.622282 175.380063
1115.623200 178.029791
1220.318262 180.715156
1323.640220 183.335702
680.547410 269.157539
792.375784 271.270291
902.773871 273.374471
1011.905718 275.480341
1119.553605 277.562963
1225.770503 279.574386
1330.682273 281.671989
677.593594 374.354483
791.283829 375.763804
903.450317 377.241558
1014.212927 378.682855
1123.529763 380.141161
1231.383123 381.600323
1337.883657 383.010641
674.601383 483.037644
790.132737 483.716795
904.024120 484.538603
1016.589109 485.278281
1127.667459 486.017003
1237.187581 486.800522
1345.232357 487.559436
671.524160 595.298721
788.830278 595.303223
904.783482 595.359461
1019.083299 595.370553
1131.895646 595.416347
1243.230109 595.437321
1352.992140 595.514285
668.288121 711.406101
787.580372 710.559326
905.471126 709.770504
1021.712140 709.074704
1136.311530 708.342022
1249.319673 707.614735
1360.852110 706.946119
588.020587 378.084840
698.186787 376.682720
810.614473 375.338289
925.716583 373.899585
1043.304283 372.472959
1163.506919 371.000161
1286.283893 369.431503
597.057182 488.659235
705.407831 488.483445
815.975627 488.377322
928.980923 488.195848
1044.389954 487.906300
1162.394602 487.723854
1282.835059 487.532488
605.909166 595.511369
712.436330 596.390900
821.108823 597.295850
932.126767 598.250844
1045.548466 599.178332
1161.370446 600.125879
1279.602367 601.178699
614.407324 698.587560
719.249046 700.475403
826.037791 702.471350
935.176594 704.518140
1046.598756 706.499374
1160.312115 708.562587
1276.406576 710.701295
622.695794 798.244284
725.819569 801.089992
830.917910 804.039941
938.142100 806.998928
1047.619314 810.055915
1159.331249 813.216750
1273.286950 816.408206
630.673253 894.727131
732.143711 898.453485
835.533878 902.247463
940.983095 906.124767
1048.580005 910.120383
1158.426789 914.228386
1270.387697 918.441266
638.449910 988.008131
738.278955 992.532726
840.028704 997.107263
943.800013 1001.929311
1049.535802 1006.763487
1157.486128 1011.677036
1267.555318 1016.872866
295.625931 375.446891
427.568605 380.774354
550.879985 385.663643
666.500416 390.391322
775.123405 394.850467
877.364388 398.880096
973.813528 402.769838
297.608616 492.232506
426.289997 493.598760
546.693551 494.961872
659.748277 496.163321
766.100497 497.339296
866.400973 498.341948
961.035505 499.387892
299.718228 603.180076
425.054353 601.039556
542.686508 598.954267
653.328986 597.077595
757.533412 595.300467
855.903724 593.504880
948.849715 591.910014
301.545866 708.779316
424.002570 703.360268
538.847338 698.250986
647.136272 693.533111
749.291431 689.057524
845.778132 684.721954
937.122114 680.754650
303.418573 809.221686
422.855720 801.001305
535.282826 793.129018
641.190607 785.802395
741.460783 778.797835
836.092874 772.289856
925.824788 765.990922
305.158129 905.261843
421.912467 894.340647
531.784859 883.983500
635.668944 874.236786
733.868846 864.921226
826.891565 856.183489
915.108993 847.928158
306.861693 996.866841
420.815555 983.517793
528.525446 970.796061
630.255480 958.884147
726.642476 947.549495
817.924904 936.793299
904.714623 926.669844
305.754545 154.822867
427.283408 166.831012
541.423026 177.976973
649.007644 188.660268
750.534543 198.729506
846.528055 208.164643
937.411068 217.138749
304.991269 264.653407
427.444577 273.307436
542.402447 281.447140
650.661450 289.111796
752.797696 296.387373
849.304099 303.212519
940.631697 309.687496
304.293336 376.088074
427.530500 381.351105
543.304273 386.272903
652.324347 391.002855
755.061488 395.384371
852.108964 399.449728
943.957218 403.384689
303.474181 489.320090
427.735915 490.984808
544.271842 492.586661
653.963556 494.140355
757.339269 495.643581
854.930240 496.941502
947.274980 498.279966
302.745356 604.105753
427.859683 602.177563
545.181199 600.423133
655.569622 598.806734
759.641210 597.188134
857.780472 595.769486
950.575345 594.325992
302.046086 720.746106
428.021251 715.131662
546.196979 709.850218
657.372802 704.920290
761.995725 700.193538
860.745991 695.807638
954.041289 691.641945
301.330612 839.128220
428.168801 829.729279
547.293659 820.709304
659.095593 812.442685
764.461991 804.529362
863.645422 797.121898
957.441534 790.167196
312.248162 93.864002
426.902400 106.946005
534.945151 119.128793
637.159885 130.861357
733.874177 141.921826
825.624519 152.340806
912.692205 162.269091
310.770798 187.447440
427.854899 197.962521
538.179197 207.897524
642.297201 217.283488
740.775805 226.199014
834.023663 234.621828
922.441853 242.594853
309.162207 285.205590
428.791493 293.039931
541.385285 300.385330
647.686667 307.359276
747.925001 313.949990
842.770113 320.071473
932.681147 326.005696
307.402825 387.567911
429.886942 392.345331
544.869426 396.844821
653.183000 401.104172
755.333868 405.216306
851.866236 409.014696
943.305229 412.650856
305.646478 494.721876
430.896457 496.214706
548.335052 497.682906
658.890491 499.068229
763.060113 500.318772
861.319334 501.567675
954.199252 502.689562
303.906529 607.055109
431.979799 604.961241
552.182088 603.082755
664.985557 601.292725
771.130205 599.515054
871.275532 597.924101
965.727881 596.398773
301.969041 724.925423
433.121366 718.923853
556.134286 713.166705
671.333245 707.991629
779.574145 703.010073
881.436235 698.339206
977.565094 693.955962
90.971479 24.284529
229.211482 33.916439
360.668986 41.694448
489.230224 50.335119
613.251271 58.192645
733.517745 65.857365
849.780318 73.133030
97.564007 153.257661
233.043890 159.735991
364.004027 166.107788
490.799230 172.214798
613.654157 178.118537
732.721257 183.850669
848.073690 189.471860
103.573694 279.231406
237.386122 283.611230
366.989447 287.877974
492.594462 292.034367
614.254130 296.052956
732.166102 299.858664
846.465028 303.649904
109.131415 402.695908
241.766413 404.997282
369.970610 407.279948
494.280322 409.503997
614.778207 411.683699
731.544578 413.715876
844.868402 415.789952
114.792723 523.598211
245.928423 524.018590
372.930486 524.430610
495.929201 524.826236
615.324544 525.141043
730.977445 525.563842
843.221736 525.872051
120.376470 642.267336
250.088054 640.770998
375.812002 639.376129
497.649091 638.004314
615.852218 636.572018
730.504120 635.260764
841.718986 634.012766
125.868955 758.533703
254.181463 755.197558
378.686202 751.957107
499.313867 748.969288
616.391982 745.883665
729.953014 742.954947
840.165006 740.234008
135.900178 207.919947
283.998123 216.829734
424.106601 225.254587
557.140697 233.312170
683.378530 241.013955
803.346642 248.169883
917.594391 255.036789
150.818926 337.096866
293.261955 342.317139
428.258224 347.384429
556.457606 352.027443
678.417622 356.494416
794.601680 360.690346
905.311684 364.741240
164.984885 457.066822
301.859741 459.074472
432.013133 460.930045
555.849041 462.725710
673.856291 464.448362
786.435355 465.993303
893.844235 467.493029
177.972753 568.672026
309.983727 567.818454
435.452640 566.999683
555.278773 566.269971
669.572509 565.550042
778.692745 564.733087
883.074802 564.130833
190.152344 672.579772
317.484023 669.396237
438.888452 666.183505
554.643199 663.241813
665.569698 660.350195
771.398091 657.667470
872.871785 655.024575
201.623556 769.924301
324.599917 764.534508
441.914205 759.349348
554.229949 754.413009
661.703098 749.585773
764.691681 745.097504
863.368713 740.803959
212.404255 861.054476
331.144512 853.763998
444.892353 846.761871
553.754296 840.173604
658.162012 833.720875
758.200516 827.554589
854.316300 821.750931
116.613596 278.289327
241.110137 280.498447
363.640614 282.647516
484.607583 284.932487
603.912982 287.074919
721.658676 289.186256
837.702900 291.311500
110.158424 394.943911
235.744547 396.312126
359.371948 397.746615
481.335855 399.211299
601.693189 400.576406
720.335196 401.948091
837.251716 403.308136
103.717794 513.585982
230.248294 514.140645
354.983365 514.771140
478.094097 515.391994
599.374735 515.940358
718.924487 516.434266
836.822156 517.057901
97.053250 634.249480
224.896262 633.896595
350.676457 633.619926
474.708757 633.387629
596.976296 633.105435
717.513522 632.827021
836.393961 632.644870
90.346836 756.860813
219.249118 755.620831
346.123273 754.538676
471.236420 753.393875
594.543067 752.205957
716.101264 751.141322
835.835943 750.112549
83.618993 881.703114
213.579152 879.486771
341.594034 877.494284
467.743957 875.473389
592.135997 873.393824
714.720057 871.405168
835.469348 869.463955
76.490643 1008.706037
207.778139 1005.444759
337.055241 1002.371480
464.307091 999.584076
589.661262 996.567716
713.271061 993.637349
834.999757 990.800307
242.065226 168.880577
363.570550 177.529665
479.536124 185.637191
590.469539 193.608902
696.676416 201.136938
798.554035 208.351732
896.229500 215.257948
232.441136 262.402442
357.872084 269.033786
477.571134 275.407316
591.853209 281.507450
701.196493 287.383108
805.788485 292.933878
905.966216 298.238580
222.074536 362.016397
351.795293 366.511946
475.353091 370.778585
593.364498 374.890540
705.882679 378.800268
813.438013 382.450710
916.393555 386.079847
210.973641 468.595956
345.455090 470.504874
473.201914 472.366319
594.832984 474.095845
710.814124 475.886579
821.536763 477.478880
927.391575 479.086451
199.162356 582.693503
338.451698 581.640957
470.600913 580.836152
596.415452 579.999755
716.119728 579.153270
830.151390 578.446407
938.939920 577.757035
186.562692 705.109790
330.976874 700.771039
468.167257 696.835276
598.152814 693.009719
721.804788 689.342967
839.367771 685.958252
951.414445 682.688384
172.836847 836.851480
323.053289 828.793623
465.438415 821.079951
600.051865 813.888612
727.819558 806.980844
849.117918 800.525688
964.517238 794.393781
996.998075 411.976205
1089.969100 408.339497
1188.848425 404.693896
1294.545114 400.632590
1407.378794 396.422537
1528.344038 391.770234
1658.270623 386.764729
1008.686144 504.449297
1100.127765 503.864564
1197.189699 503.260196
1300.763914 502.555216
1411.191006 501.760009
1529.451194 500.970404
1656.242329 500.159392
1019.950820 593.497609
1109.834677 595.482197
1205.242720 597.640853
1306.691871 599.941934
1414.963789 602.474265
1530.549520 605.041792
1654.408785 607.948325
1030.766461 678.870382
1119.161785 683.339143
1212.873814 688.188137
1312.494269 693.315858
1418.544759 698.670027
1531.608046 704.537294
1652.522702 710.725903
1041.243312 761.065837
1128.210467 767.867845
1220.302995 775.099360
1318.037907 782.684950
1421.948272 790.879500
1532.654406 799.584078
1650.790602 808.894698
1051.236996 840.224402
1136.791689 849.155012
1227.325372 858.585500
1323.259885 868.552687
1425.164142 879.249964
1533.566323 890.599916
1649.078708 902.703090
1060.919278 916.453241
1145.108558 927.205879
1234.081392 938.696438
1328.368437 950.923116
1428.227583 963.911390
1534.393497 977.620810
1647.465088 992.334897
1039.310313 235.718970
1127.737108 227.340434
1221.439437 218.575379
1321.118498 209.256485
1427.079410 199.311840
1540.210793 188.745107
1661.089420 177.409233
1035.536222 325.150789
1124.356441 319.486823
1218.498577 313.407484
1318.650911 307.024577
1425.247467 300.124453
1539.035081 292.866603
1660.652731 285.140283
1031.720945 415.779407
1120.928034 412.659487
1215.561607 409.437204
1316.189643 405.975416
1423.427172 402.374380
1537.813457 398.383380
1660.303045 394.330278
1027.854033 507.247004
1117.474430 506.851309
1212.559487 506.572219
1313.692467 506.246869
1421.498502 505.808436
1536.608419 505.446760
1659.870925 504.969770
1024.026404 599.811447
1114.038033 602.210848
1209.516929 604.881911
1311.223901 607.598741
1419.560626 610.594173
1535.407307 613.725172
1659.437298 617.200102
1020.072166 693.453947
1110.396920 698.753198
1206.455779 704.408939
1308.557354 710.313818
1417.595799 716.781544
1534.157249 723.652173
1658.981602 731.050770
1016.104093 788.130187
1106.850589 796.235127
1203.345213 804.982257
1306.084277 814.339122
1415.635662 824.285281
1532.938916 834.964790
1658.564113 846.463617
1069.166211 182.695218
1154.233392 173.353039
1244.120814 163.579754
1339.458538 153.249185
1440.494942 142.247532
1548.040758 130.568032
1662.497954 118.129686
1059.264970 260.854276
1145.521592 253.701183
1236.819952 246.028986
1333.684426 237.999355
1436.592276 229.344338
1546.082291 220.259381
1662.776898 210.610660
1048.963856 341.914248
1136.509466 336.894310
1229.263623 331.652046
1327.746570 326.028467
1432.501721 320.109283
1544.049908 313.666981
1663.272516 307.021494
1038.329875 425.787537
1127.188595 423.102124
1221.431697 420.432767
1321.545564 417.499406
1428.179688 414.363952
1541.963220 411.145971
1663.645116 407.546524
1027.354800 512.773961
1117.548576 512.681096
1213.176780 512.725578
1315.159822 512.614453
1423.715162 512.627410
1539.852199 512.577048
1664.083040 512.652807
1015.922984 602.939602
1107.344178 605.661923
1204.755031 608.643718
1308.329011 611.671007
1419.040323 615.087049
1537.505068 618.611105
1664.455013 622.469141
1004.060880 696.516595
1096.984720 702.196535
1195.886040 708.297331
1301.440053 714.837789
1414.151306 721.791452
1535.131204 729.281521
1664.933125 737.345807
1148.397760 257.583314
1239.240607 252.016160
1334.042960 246.242764
1433.321474 240.269987
1537.094667 233.985075
1646.117578 227.391637
1760.408467 220.478544
1140.716802 333.982717
1233.642682 330.058348
1330.795884 325.904833
1432.634194 321.648577
1539.312536 317.104755
1651.292824 312.426698
1768.983379 307.496189
1132.573330 414.340136
1227.779421 412.091573
1327.407806 409.838029
1431.927783 407.447161
1541.547859 404.993188
1656.753563 402.284210
1778.143016 399.651931
1124.111981 498.835300
1221.619819 498.498842
1323.835186 498.323119
1431.127502 498.030039
1543.834477 497.791622
1662.550720 497.600082
1787.682347 497.287361
1115.180274 587.846733
1215.156549 589.642706
1319.917445 591.780813
1430.344040 593.845142
1546.298484 596.145923
1668.835086 598.492970
1797.875560 601.100476
1105.758622 681.717622
1208.133770 686.009207
1315.962705 690.622339
1429.328127 695.347443
1548.896040 700.529883
1675.321150 705.891284
1808.800692 711.579114
1095.732981 780.873580
1200.870673 787.837238
1311.615614 795.219436
1428.526727 803.089267
1551.668143 811.402300
1682.196433 820.134893
1820.427245 829.507747
1151.666321 377.892603
1257.019586 375.522602
1366.004622 373.195415
1479.048858 370.773697
1596.136177 368.301027
1717.735417 365.665116
1844.001923 363.008792
1151.232200 479.480142
1256.423519 478.998185
1365.400364 478.439642
1478.284023 477.941359
1595.190855 477.366661
1716.652652 476.815369
1842.826971 476.382397
1150.761152 581.028665
1255.823634 582.267752
1364.743258 583.560379
1477.443913 584.885322
1594.308126 586.369312
1715.602993 587.714383
1841.758806 589.391826
1150.331286 682.275459
1255.347881 685.229553
1364.041459 688.395651
1476.651649 691.640288
1593.402823 694.986160
1714.503965 698.470273
1840.243779 702.106137
1149.953467 783.363382
1254.808596 788.075791
1363.357313 793.027484
1475.864804 798.143519
1592.466386 803.510574
1713.514775 808.996705
1839.073035 814.856016
1149.517517 884.247334
1254.242480 890.757652
1362.733522 897.503865
1475.021536 904.556703
1591.463479 911.880303
1712.426421 919.437235
1837.938819 927.433395
1149.120930 984.815737
1253.675502 993.050842
1362.007579 1001.657980
1474.285751 1010.684363
1590.453628 1019.676857
1711.259207 1029.366484
1837.043544 1039.993349
1079.418245 257.395979
1185.863703 250.200872
1297.945910 242.803066
1416.465361 234.878142
1541.508824 226.589013
1673.803940 217.725811
1814.125745 208.374231
1089.404424 358.396786
1192.975765 354.156926
1301.773773 349.638128
1416.553535 344.840504
1537.474975 339.728466
1665.310063 334.407818
1800.589725 328.811671
1098.957515 453.860936
1199.683725 451.986972
1305.473464 450.010022
1416.658696 447.912291
1533.827097 445.834973
1657.372214 443.489860
1787.942010 441.136518
1107.892825 543.846104
1205.987789 544.164885
1308.795579 544.587011
1416.852444 545.036220
1530.442193 545.378025
1649.936216 545.807976
1775.999616 546.257604
1116.467715 628.968946
1212.013713 631.303827
1312.093322 633.739348
1417.000555 636.255367
1527.244397 638.981253
1643.029988 641.805147
1764.911631 644.773077
1124.471353 709.711310
1217.660295 713.838787
1315.066203 718.060991
1417.092637 722.501205
1524.069582 727.254549
1636.463535 732.156863
1754.447001 737.358899
1132.145352 786.297946
1222.964035 791.894036
1317.878819 797.769503
1417.234700 804.021229
1521.184992 810.545463
1630.241113 817.291878
1744.701977 824.500585
1140.812645 88.013860
1249.450837 80.300562
1362.039630 72.412053
1479.128272 64.209392
1600.111284 55.677527
1726.221521 46.866392
1857.320185 37.042031
1141.527439 195.214733
1249.221245 189.586945
1360.812347 183.639245
1476.647777 177.556398
1596.650501 171.199907
1721.378393 164.658735
1850.705626 157.899333
1142.185816 300.821347
1248.991037 296.982710
1359.698318 293.061177
1474.374800 288.938802
1593.250832 284.827458
1716.728003 280.355677
1845.162430 275.948164
1142.857900 404.473143
1248.757936 402.486283
1358.431480 400.521932
1472.089268 398.476316
1589.877316 396.290634
1712.182117 394.067269
1839.133673 391.751141
1143.619004 506.401052
1248.603061 506.241079
1357.296780 506.079222
1469.878765 505.906744
1586.601201 505.827996
1707.740040 505.630069
1833.423677 505.485905
1144.242927 606.700231
1248.308395 608.289563
1356.107743 609.865711
1467.631598 611.584470
1583.244737 613.438481
1703.280472 615.233158
1827.809886 617.205615
1144.901292 705.273192
1248.084051 708.442315
1354.900618 711.788837
1465.546126 715.360129
1580.060241 719.034554
1698.847106 722.717700
1822.205642 726.772822
