504.903735 401.735398
584.463939 397.679478
669.262767 393.528529
760.035814 389.028186
857.155668 384.313918
961.599057 379.116275
1074.149471 373.523642
527.032760 496.768091
605.641488 495.923668
689.233684 495.025246
778.570122 494.073212
874.061677 492.924302
976.592937 491.790749
1086.833979 490.646640
548.367960 588.088191
625.913619 589.984408
708.406747 592.052974
796.309289 594.220428
890.270766 596.636443
990.864041 599.065439
1098.862552 601.856558
568.789016 675.615105
645.383277 680.142376
726.701517 684.995462
813.319740 690.232505
905.721807 695.637730
1004.503887 701.479685
1110.279570 707.807239
588.482930 759.791478
664.167511 766.753553
744.477985 774.138582
829.820692 781.931545
920.714690 790.285863
1017.692782 799.182828
1121.138311 808.770117
607.539487 840.944693
682.320971 850.090830
761.554477 859.745191
845.604615 869.888601
935.007549 880.843664
1030.109026 892.575402
1131.255635 905.117780
625.909653 918.908828
699.720999 930.009325
777.786351 941.736819
860.674604 954.191509
948.546599 967.613981
1041.818903 981.912136
1140.941121 997.267153
631.756059 159.854691
706.236585 149.622695
785.082064 138.888950
868.815443 127.534578
957.741455 115.327002
1052.703203 102.354987
1153.727390 88.569730
613.906175 239.371939
689.181339 231.333842
768.940362 222.799960
853.725540 213.811151
944.068585 204.129578
1040.686722 193.925635
1143.489395 182.984525
595.386498 321.912554
671.559776 316.096301
752.302853 310.020416
838.262686 303.590753
929.848183 296.730731
1027.877530 289.322109
1132.575720 281.533630
576.242809 407.367525
653.234570 404.033066
735.001154 400.638511
822.083470 397.014507
915.041379 393.068886
1014.618254 388.939050
1121.137117 384.429537
556.417304 496.136138
634.237939 495.499076
716.925703 494.980252
805.340835 494.255103
899.578873 493.594100
1000.764959 492.797298
1109.118352 492.145370
535.746115 588.245243
614.316178 590.521856
698.260280 593.062465
787.694163 595.631732
883.466314 598.565095
986.178911 601.529359
1096.571340 604.823277
514.270905 683.867004
593.861647 689.306826
678.793006 695.094141
769.517087 701.373554
866.615175 708.025467
971.088325 715.139695
1083.410674 722.891401
916.301414 307.122687
1026.909483 314.668504
1130.161739 321.707620
1227.025804 328.479586
1318.004896 334.857627
1403.775446 340.729767
1484.612855 346.470836
906.753543 427.141698
1015.776806 430.632805
1117.717061 434.046533
1213.402342 437.218422
1303.344511 440.243693
1388.199930 443.081822
1468.229257 445.792602
897.641376 543.052528
1004.952550 542.858965
1105.639742 542.652372
1200.125970 542.569975
1289.122214 542.494936
1373.104082 542.266340
1452.394833 542.289013
888.696412 655.059075
994.560850 651.284681
1093.875820 647.830698
1187.278854 644.610854
1275.286883 641.586114
1358.378014 638.653744
1436.984101 636.039585
880.234165 763.232617
984.533326 756.224004
1082.542029 749.695324
1174.714446 743.625696
1261.900773 737.757653
1344.101715 732.339205
1421.966422 727.121012
872.252483 867.949059
975.061041 857.926254
1071.492809 848.502732
1162.564285 839.662614
1248.755856 831.164291
1330.253800 823.247374
1407.379438 815.822355
864.297976 969.183504
965.484653 956.367694
1060.748132 944.175885
1150.566023 932.809498
1235.809061 921.866211
1316.469806 911.556442
1392.839255 902.006457
857.523866 86.929999
956.646073 100.156856
1050.163235 112.522323
1138.586428 124.385285
1222.201405 135.584015
1301.563599 146.143058
1376.874196 156.188389
867.919063 180.604031
968.916113 191.301840
1064.346207 201.393128
1154.043584 210.927948
1238.859759 220.019228
1319.117591 228.594169
1395.259399 236.637503
878.879518 278.602379
981.749454 286.568172
1078.709067 294.049872
1169.915000 301.222512
1255.958772 308.016441
1337.296075 314.272144
1414.474198 320.414594
890.384680 381.160710
995.285662 386.060510
1093.806100 390.741464
1186.396455 395.175103
1273.703173 399.457276
1356.205538 403.436567
1434.332542 407.284161
902.403831 488.532780
1009.253462 490.121416
1109.392648 491.781926
1203.506756 493.388043
1292.253659 494.755013
1375.882687 496.201245
1454.928005 497.517464
915.103927 601.110333
1023.902892 599.166318
1125.896143 597.467868
1221.522509 595.833178
1311.545825 594.253624
1396.423636 592.796640
1476.498022 591.517682
928.299179 719.259126
1039.134037 713.437878
1143.081452 707.881407
1240.342983 702.873752
1331.723625 698.001304
1417.689878 693.490075
1498.788083 689.383466
686.086313 68.695274
794.505585 72.054589
901.492885 75.271550
1007.240568 78.543537
1111.711482 81.740664
1214.930458 84.918744
1316.862467 88.123760
683.241575 167.307306
793.320236 170.095984
901.980362 172.777873
1009.592730 175.508732
1115.754779 178.132993
1220.444907 180.799818
1323.773242 183.419983
680.395455 269.218921
792.181973 271.339547
902.559412 273.479353
1011.867706 275.582901
1119.613823 277.636407
1225.833823 279.665492
1330.740318 281.791965
677.455295 374.370218
791.095940 375.781468
903.238032 377.285024
1014.143066 378.716095
1123.517385 380.182904
1231.378196 381.706997
1337.863833 383.178436
674.442391 483.046597
789.926413 483.728728
903.794324 484.570624
1016.481242 485.306936
1127.600333 486.068070
1237.112409 486.915952
1345.139209 487.741638
671.345719 595.298152
788.602617 595.302634
904.535103 595.371490
1018.922678 595.393183
1131.771495 595.480956
1243.083190 595.560572
1352.819683 595.704608
668.087917 711.392624
787.338726 710.544144
905.207029 709.756456
1021.505892 709.090356
1136.122113 708.422946
1249.096854 707.743315
1360.595536 707.140096
587.937516 378.107642
698.034225 376.694198
810.421936 375.366674
925.502926 373.939414
1043.280635 372.512215
1163.499098 371.061695
1286.278111 369.568225
596.948960 488.672260
705.229643 488.486767
815.766328 488.395186
928.747925 488.218054
1044.318282 487.939808
1162.320559 487.794610
1282.753602 487.672740
605.772090 595.511159
712.232835 596.384597
820.878924 597.303763
931.871236 598.257970
1045.418427 599.213200
1161.231987 600.204710
1279.444785 601.319314
614.243988 698.577955
719.021041 700.459456
825.787642 702.459864
934.895848 704.505024
1046.396431 706.528300
1160.110676 708.652776
1276.176943 710.841951
622.608908 798.270513
725.715996 801.117594
830.842854 804.044026
938.070331 807.009821
1047.490550 810.098469
1158.992124 813.319405
1272.909393 816.531593
630.755143 894.820485
732.216210 898.508534
835.626164 902.213793
941.008972 906.121219
1048.317342 910.187133
1157.732001 914.356003
1269.594244 918.558708
638.615056 988.088367
738.436988 992.553798
840.197030 996.959649
943.850287 1002.040024
1049.139288 1007.100412
1156.375435 1012.164171
1266.137294 1017.436511
295.746307 375.507827
427.582741 380.804611
550.824462 385.680240
666.364214 390.408132
774.930091 394.860630
877.162476 398.930464
973.645158 402.798120
297.722073 492.243296
426.284487 493.588510
546.622269 494.962084
659.597565 496.174418
765.891334 497.342059
866.183174 498.378466
960.813803 499.406381
299.825314 603.130201
425.030316 600.980333
542.590712 598.932923
653.163066 597.079663
757.313109 595.291122
855.670846 593.522633
948.590437 591.916002
301.647336 708.658402
423.971210 703.243188
538.729753 698.198664
646.954935 693.525727
749.052366 689.040418
845.529948 684.717955
936.842228 680.746073
303.474720 809.135736
422.836790 800.889912
535.204433 793.074927
641.061702 785.817837
741.292654 778.803467
835.929192 772.296123
925.633211 765.993306
305.331655 905.313304
422.072622 894.356488
531.916303 884.003492
635.724676 874.325138
733.906395 864.975103
826.947920 856.173617
915.136034 847.905471
307.576135 996.623307
421.418600 983.253678
528.959069 970.584518
630.402857 958.964531
726.749368 947.615549
818.044107 936.760093
904.779423 926.618343
305.831918 154.963834
427.247169 166.942359
541.296972 178.064828
648.847885 188.745989
750.331482 198.797502
846.316546 208.275305
937.184376 217.252817
305.113414 264.774515
427.454088 273.395839
542.329612 281.511572
650.529392 289.171114
752.611514 296.421868
849.109082 303.295198
940.414801 309.758087
304.402750 376.147667
427.543474 381.383494
543.254983 386.286925
652.198671 391.021587
754.873622 395.385987
851.912632 399.497159
943.739768 403.411014
303.581347 489.331057
427.730039 490.976648
544.204119 492.588468
653.815810 494.152642
757.132262 495.641988
854.716835 496.973835
947.037730 498.297421
302.848503 604.053933
427.835615 602.117335
545.084535 600.401641
655.401240 598.808754
759.418920 597.182819
857.544423 595.786708
950.319350 594.331171
302.143582 720.615478
427.984119 715.004577
546.070229 709.794921
657.180279 704.910211
761.756266 700.175963
860.493759 695.800750
953.758178 691.631520
301.356334 839.115691
428.172056 829.683054
547.249883 820.696707
659.017834 812.481857
764.373199 804.551595
863.550354 797.120249
957.316454 790.190565
312.555996 94.256038
427.039348 107.294669
534.903547 119.422453
637.028010 131.070547
733.699830 142.083319
825.431596 152.505959
912.461107 162.409629
310.853234 187.582925
427.832591 198.066846
538.074162 207.978619
642.151743 217.367465
740.579545 226.262748
833.822314 234.732299
922.214347 242.711516
309.278278 285.312601
428.799014 293.114237
541.318625 300.435447
647.561791 307.406798
747.743584 313.973610
842.577971 320.137822
932.458922 326.057944
307.509892 387.622939
429.895849 392.374143
544.817102 396.858911
653.052985 401.122840
755.143878 405.218706
851.669182 409.058484
943.083978 412.676050
305.752118 494.730504
430.887065 496.204248
548.262448 497.684188
658.738408 499.078874
762.853761 500.320579
861.102451 501.603002
953.963962 502.707572
304.008105 607.000469
431.952317 604.899790
552.082885 603.064835
664.808079 601.292902
770.907391 599.509423
871.037919 597.940976
965.472761 596.404335
302.068440 724.792414
433.078421 718.794313
556.002703 713.119958
671.129901 707.979244
779.334032 702.992626
881.171961 698.330168
977.280362 693.944688
91.112249 24.175564
229.765717 34.417068
361.185078 42.372484
489.385587 50.625946
613.259535 58.431448
733.433151 66.063765
849.687218 73.386828
97.763854 153.216035
233.108485 159.795523
364.033745 166.231751
490.711618 172.310817
613.506347 178.225108
732.534970 183.950312
847.866960 189.602608
103.924897 279.318968
237.544064 283.705198
367.049781 287.970246
492.559163 292.095335
614.147476 296.108888
731.990295 299.892820
846.265729 303.726332
109.502976 402.775212
241.930172 405.053799
370.017300 407.317146
494.254301 409.515095
614.672325 411.703790
731.365448 413.718857
844.666839 415.829421
115.219811 523.681200
246.103167 524.030815
372.965705 524.414691
495.877170 524.806959
615.195808 525.149708
730.775445 525.560046
843.001195 525.895291
120.854229 642.330877
250.262010 640.716690
375.834604 639.296109
497.570734 637.947851
615.702072 636.568889
730.282762 635.249595
841.479583 634.016518
126.391031 758.562406
254.349918 755.054379
378.695252 751.808239
499.217861 748.855216
616.231951 745.870846
729.740427 742.943987
839.943290 740.219261
136.107510 207.949554
284.088245 216.937562
424.100819 225.355997
557.038805 233.389595
683.218248 241.084349
803.148418 248.254096
917.373053 255.147388
151.095481 337.180277
293.379909 342.390119
428.270308 347.428319
556.394809 352.054409
678.278104 356.515223
794.410672 360.713734
905.100801 364.786410
165.271749 457.139188
301.969514 459.101260
432.009803 460.933007
555.778573 462.733223
673.704625 464.459245
786.230632 466.004829
893.618866 467.529554
178.275792 568.714221
310.080142 567.787785
435.428102 566.957852
555.183692 566.261922
669.400462 565.552656
778.474500 564.734457
882.834420 564.154798
190.456061 672.559944
317.569266 669.300551
438.849559 666.090728
554.524692 663.211544
665.380079 660.344478
771.164055 657.654674
872.620070 655.028423
201.915000 769.829211
324.672148 764.372091
441.862231 759.197050
554.090217 754.338774
661.507708 749.571735
764.456099 745.080838
863.129902 740.787330
212.595485 861.097248
331.167298 853.789968
444.906331 846.767489
553.751341 840.202695
658.144031 833.782224
758.179461 827.594924
854.309431 821.756779
116.951956 278.386871
241.272248 280.606198
363.703697 282.744302
484.574727 284.999688
603.807662 287.136405
721.487559 289.227270
837.502766 291.391508
110.533393 395.022738
235.914032 396.370252
359.428949 397.788594
481.323108 399.226004
601.600309 400.595835
720.164940 401.952349
837.051253 403.343097
104.164074 513.669753
230.448896 514.161283
355.037644 514.763364
478.055992 515.374497
599.260350 515.949197
718.733395 516.432803
836.599844 517.078872
97.584457 634.320291
225.122179 633.863632
350.726957 633.545072
474.647564 633.324273
596.839534 633.097324
717.298767 632.816272
836.152379 632.648131
90.952416 756.921674
219.510416 755.521577
346.165636 754.399795
471.160947 753.271709
594.400617 752.180219
715.899743 751.129452
835.636392 750.102269
84.656523 881.740059
213.844111 879.522062
341.686748 877.535400
467.866986 875.456358
592.199259 873.458105
714.767839 871.466444
835.531243 869.447672
78.250876 1008.304863
208.886061 1005.151030
337.716787 1002.130240
464.963676 999.230592
589.992067 996.482295
713.427124 993.681935
835.168268 990.678349
242.129084 168.968646
363.593699 177.650015
479.457007 185.726565
590.331157 193.685703
696.498929 201.205589
798.345585 208.433797
896.005414 215.361689
232.605602 262.515577
357.943870 269.141907
477.537735 275.483312
591.753047 281.572644
701.036142 287.432104
805.592694 292.995716
905.750786 298.320289
222.263389 362.089035
351.861215 366.567166
475.338083 370.801390
593.280692 374.911823
705.725601 378.809774
813.245226 382.479085
916.177993 386.116454
211.197180 468.647018
345.521587 470.519417
473.172913 472.362756
594.730199 474.109387
710.634480 475.889293
821.328983 477.504039
927.157191 479.112626
199.424211 582.710232
338.517890 581.599035
470.553116 580.793821
596.289517 579.999507
715.915347 579.147608
829.921131 578.459048
938.686169 577.768336
186.885514 705.076709
331.045311 700.651992
468.097806 696.733746
598.002044 692.990016
721.575314 689.327250
839.118897 685.949468
951.135707 682.680608
173.275726 836.845251
323.078387 828.755413
465.422366 821.017540
599.991009 813.912133
727.729503 807.008757
849.030503 800.525274
964.402211 794.410891
996.877649 412.000908
1089.958101 408.373742
1188.826138 404.772818
1294.518940 400.774760
1407.355362 396.654046
1528.326301 392.175492
1658.232873 387.349257
1008.560178 504.477828
1100.066978 503.907812
1197.106189 503.352975
1300.669287 502.704608
1411.080560 502.001546
1529.320071 501.396238
1656.082715 500.760557
1019.797797 593.515491
1109.718175 595.537025
1205.098993 597.741052
1306.529267 600.094471
1414.768547 602.719430
1530.315041 605.479766
1654.131979 608.561399
1030.567207 678.890943
1118.991868 683.408942
1212.671895 688.299529
1312.266908 693.474640
1418.267771 698.923758
1531.277741 704.982094
1652.132366 711.348146
1041.056389 761.097576
1127.970784 767.954383
1220.022010 775.211197
1317.712619 782.836359
1421.532463 791.157893
1532.160038 800.092921
1650.230248 809.540332
1051.078116 840.261045
1136.333972 849.259929
1226.812591 858.695151
1322.681406 868.684499
1424.356982 879.596996
1532.586671 891.272816
1647.974018 903.510329
1060.578802 916.524793
1144.373768 927.340430
1233.219700 938.823267
1327.295472 951.178413
1426.580877 964.559002
1532.507593 978.585730
1645.438969 993.479500
1039.405792 235.830382
1127.845980 227.424902
1221.549503 218.656559
1321.237237 209.344063
1427.276612 199.397834
1540.483478 188.847349
1661.425948 177.522357
1035.545463 325.201658
1124.373973 319.529902
1218.537823 313.500516
1318.684350 307.149530
1425.323012 300.320750
1539.149133 293.169257
1660.790422 285.545858
1031.687443 415.806708
1120.897687 412.696643
1215.539618 409.535076
1316.155732 406.127367
1423.401686 402.626092
1537.786826 398.807926
1660.256967 394.916823
1027.768569 507.281314
1117.397110 506.898931
1212.474707 506.675328
1313.593073 506.403058
1421.382893 506.059530
1536.470374 505.884716
1659.703229 505.573824
1023.872160 599.839103
1113.915149 602.271731
1209.368150 604.986891
1311.055267 607.755409
1419.356004 610.847713
1535.164240 614.173887
1659.146456 617.819871
1019.849957 693.461178
1110.229495 698.823937
1206.244740 704.519126
1308.320104 710.468624
1417.303114 717.035850
1533.807480 724.117201
1658.564708 731.682161
1015.986622 788.165501
1106.604607 796.316715
1203.016852 805.088578
1305.702221 814.477143
1415.127180 824.551446
1532.328838 835.505065
1657.860301 847.145372
1069.332938 182.794494
1154.366337 173.445330
1244.260788 163.668501
1339.612406 153.326729
1440.803507 142.292647
1548.440122 130.587364
1662.988817 118.121921
1059.365245 260.948014
1145.598868 253.774356
1236.911849 246.115009
1333.783961 238.090192
1436.760002 229.448055
1546.312293 220.392265
1663.054263 210.773412
1048.983580 341.951888
1136.513941 336.935995
1229.287921 331.753438
1327.762059 326.170090
1432.551401 320.339129
1544.128386 314.027799
1663.348102 307.492044
1038.308147 425.821104
1127.152083 423.144426
1221.402751 420.536966
1321.503577 417.655827
1428.143168 414.623399
1541.923136 411.578389
1663.584407 408.139010
1027.266466 512.809900
1117.468798 512.729140
1213.088446 512.826918
1315.054252 512.771135
1423.596066 512.883212
1539.708495 513.020818
1663.907014 513.262665
1015.761118 602.959865
1107.225936 605.719650
1204.605990 608.744960
1308.158407 611.825829
1418.832093 615.340623
1537.254548 619.064386
1664.158403 623.095228
1003.814368 696.527373
1096.826169 702.266942
1195.673872 708.402813
1301.201076 714.988031
1413.855724 722.041422
1534.771679 729.747481
1664.505929 737.988769
1148.471234 257.654663
1239.328169 252.099040
1334.135288 246.334523
1433.477665 240.382639
1537.304315 234.127386
1646.361846 227.566832
1760.596951 220.723459
1140.722805 334.025988
1233.667947 330.163328
1330.807960 326.052699
1432.682300 321.890675
1539.382284 317.476661
1651.367215 312.928773
1768.903462 308.251663
1132.540488 414.385999
1227.757137 412.198166
1327.370675 409.997465
1431.898808 407.710117
1541.512512 405.426432
1656.699777 402.869829
1777.860997 400.561202
1124.036868 498.883651
1221.539734 498.606191
1323.737537 498.486318
1431.020468 498.291044
1543.699848 498.242830
1662.393918 498.207330
1787.261910 498.212159
1115.066902 587.904843
1215.017691 589.748890
1319.757778 591.943556
1430.155643 594.106628
1546.064760 596.613950
1668.563590 599.121189
1797.294234 602.048942
1105.606956 681.782181
1207.933650 686.117560
1315.733694 690.785829
1429.051968 695.614883
1548.563925 701.013121
1674.929580 706.537096
1808.025913 712.569425
1095.532323 780.953081
1200.573713 787.944946
1311.267158 795.367021
1428.072195 803.375023
1551.130334 811.944316
1681.573102 820.832085
1819.058613 830.684244
1151.652705 377.944944
1257.017547 375.645708
1365.992450 373.385209
1479.055983 371.097547
1596.132695 368.810067
1717.665890 366.345005
1843.598420 364.195892
1151.161826 479.541657
1256.352270 479.124399
1365.311343 478.636677
1478.188784 478.275206
1595.068559 477.897938
1716.464593 477.512477
1842.275291 477.483120
1150.635873 581.100828
1255.684249 582.395048
1364.577483 583.759537
1477.250235 585.222663
1594.068081 586.915191
1715.293148 588.419403
1841.020846 590.499290
1150.150822 682.358414
1255.140037 685.360624
1363.797773 688.592286
1476.364695 691.983576
1593.055073 695.534168
1714.081091 699.181940
1839.360648 703.209498
1149.679272 783.458945
1254.494389 788.195909
1362.984910 793.210564
1475.397680 798.537791
1591.938655 804.092666
1712.873480 809.744247
1837.678965 816.059702
1148.932399 884.370241
1253.580698 890.866906
1361.920708 897.669141
1473.902201 905.124838
1590.248515 912.689898
1710.887340 920.498453
1834.912284 929.345014
1148.135554 985.163516
1252.424282 993.483518
1360.036917 1002.416325
1471.751675 1011.772340
1588.185642 1020.825614
1708.481037 1030.814277
1832.436816 1042.539063
1079.508548 257.477445
1185.942745 250.275311
1298.037663 242.896716
1416.609819 234.992433
1541.718599 226.738461
1674.067352 217.922127
1814.265083 208.671786
1089.409968 358.430131
1192.982298 354.237027
1301.777159 349.778178
1416.575401 345.077143
1537.509779 340.120156
1665.341460 334.956814
1800.356810 329.745673
1098.922280 453.901903
1199.632331 452.076206
1305.411793 450.160502
1416.594567 448.156981
1533.751291 446.258882
1657.272096 444.082285
1787.584605 442.074753
1107.804023 543.894216
1205.878472 544.263618
1308.669891 544.744488
1416.706289 545.279924
1530.263757 545.806808
1649.725960 546.409630
1775.557237 547.144698
1116.328525 629.032132
1211.848013 631.411640
1311.905908 633.896571
1416.776588 636.499557
1526.977965 639.412770
1642.717770 642.412507
1764.397925 645.615176
1124.285790 709.788329
1217.442555 713.954012
1314.818956 718.220664
1416.793599 722.748028
1523.721983 727.695371
1636.054921 732.766896
1753.870570 738.174423
1131.880054 786.388810
1222.654736 792.004082
1317.529369 797.918168
1416.787361 804.286498
1520.669145 811.049913
1629.668831 817.923756
1743.924906 825.339175
1140.788882 88.182302
1249.407001 80.454298
1362.009224 72.558714
1479.204462 64.319798
1600.303031 55.688445
1726.516806 46.792768
1857.565469 36.939086
1141.655373 195.307963
1249.347989 189.672416
1360.959914 183.720075
1476.917536 177.632907
1596.972498 171.288790
1721.718547 164.779956
1850.931318 158.048752
1142.220577 300.883318
1249.041379 297.085116
1359.751049 293.203144
1474.480186 289.162846
1593.368831 285.166016
1716.819613 280.822142
1845.085323 276.688381
1142.830797 404.521208
1248.739592 402.604948
1358.399652 400.706695
1472.069950 398.793473
1589.844965 396.797977
1712.097964 394.735634
1838.702249 392.903813
1143.536060 506.459890
1248.516399 506.365751
1357.189217 506.272108
1469.757688 506.224316
1586.450984 506.354738
1707.537926 506.310014
1832.877340 506.564823
1144.103345 606.771254
1248.153985 608.415214
1355.925437 610.058195
1467.413452 611.909069
1582.980654 613.970118
1702.971054 615.907108
1827.081596 618.266964
1144.707488 705.356556
1247.862669 708.570915
1354.644130 711.978148
1465.237950 715.687635
1579.690310 719.564828
1698.423829 723.404496
1821.339702 727.813655
