508.241321 403.834679
586.503307 399.209610
670.367393 394.574062
760.520768 389.601419
857.293952 384.606364
961.348844 379.417288
1073.158029 374.107951
529.362769 497.733691
606.901846 496.484001
689.741145 495.236761
778.677664 494.025017
874.012031 492.745807
976.408238 491.602562
1086.154331 490.550576
550.059923 588.385818
626.767758 590.104175
708.650949 592.043548
796.221459 594.092540
890.160457 596.439681
990.663017 598.875625
1098.284062 601.647314
570.196027 675.539316
645.990220 680.061893
726.869536 684.964471
813.202476 690.176510
905.563516 695.611082
1004.314326 701.423006
1109.573035 707.511226
589.723078 759.506237
664.704454 766.554994
744.565441 774.041067
829.609481 781.902154
920.286683 790.231840
1017.104049 798.999373
1120.243876 808.200189
608.625645 840.197255
682.699093 849.538609
761.438362 859.341439
845.230049 869.656367
934.360676 880.551721
1029.298062 891.939240
1130.186988 903.974090
626.963969 917.711773
700.088478 928.999385
777.696539 940.935685
860.136410 953.514744
947.806058 966.680029
1040.822072 980.455777
1139.615083 994.898521
635.220253 165.753477
708.664933 155.152884
786.542605 144.149144
869.362532 132.788684
957.307659 121.056761
1050.784683 108.950107
1149.944477 96.569569
616.861231 243.351140
691.197869 234.841584
770.210870 225.935333
854.300115 216.823269
943.923240 207.330580
1039.221856 197.647260
1140.616473 187.725152
597.858946 324.452514
673.146847 318.137954
753.252258 311.704487
838.700754 304.971649
929.828324 298.138120
1026.999608 291.038069
1130.585207 283.888000
578.391725 408.921287
654.436878 405.158321
735.579944 401.409228
822.316541 397.413512
915.011614 393.455725
1014.126419 389.418390
1119.882585 385.338941
558.315499 497.063831
635.239673 496.066058
717.284107 495.285878
805.363073 494.327303
899.530023 493.571882
1000.448485 492.832729
1108.332484 492.302148
537.640004 588.762018
615.299267 590.837199
698.585644 593.215801
787.726502 595.723336
883.348034 598.569363
986.022791 601.517949
1096.047110 604.775912
516.412997 683.979263
594.993595 689.408602
679.178472 695.233092
769.506367 701.518749
866.493216 708.228763
970.838408 715.270933
1082.811808 722.818679
916.025682 308.259115
1025.848815 315.859289
1128.343178 323.342182
1223.916114 330.599126
1313.215485 337.591995
1396.629305 344.274073
1474.508916 350.800486
906.458300 427.242686
1015.064384 430.749981
1116.551853 434.379289
1211.294681 437.853398
1299.816072 441.365021
1382.625819 444.664326
1459.973100 447.941819
897.284729 542.885827
1004.456638 542.739108
1104.791840 542.536018
1198.623366 542.570542
1286.363140 542.627785
1368.542899 542.668388
1445.406138 542.937619
888.293066 655.022183
994.131493 651.243179
1093.192912 647.660385
1186.054827 644.380917
1272.976802 641.223817
1354.398104 638.275995
1430.845746 635.623501
879.756368 763.303675
983.982637 756.236176
1081.806896 749.487551
1173.493335 743.187240
1259.664891 737.074950
1340.375636 731.358445
1416.230828 725.917614
871.474764 867.731427
974.128273 857.689415
1070.555198 848.049747
1161.219164 838.852840
1246.448524 829.997041
1326.490546 821.657220
1401.764552 813.747274
863.511105 968.458333
964.458528 955.528370
1059.680061 943.136355
1149.180815 931.395647
1233.477506 920.042426
1312.757047 909.221096
1387.371812 898.953115
858.019953 93.617102
955.905853 106.401937
1048.220071 118.693671
1135.254142 130.815371
1217.343332 142.482264
1294.828686 153.776815
1367.873055 164.758947
868.285790 184.406536
968.229767 194.804154
1062.480039 204.983286
1151.101897 214.906339
1234.574607 224.577021
1313.036640 233.868465
1386.986939 242.819077
878.955720 280.284028
981.130458 288.136334
1077.209708 295.827470
1167.554332 303.398620
1252.242618 310.717399
1331.892421 317.669220
1406.720824 324.504628
890.134116 381.639363
994.667871 386.522168
1092.598434 391.355107
1184.441536 396.157782
1270.466223 400.857307
1351.167979 405.363530
1427.016779 409.811687
902.093045 488.505618
1008.703071 490.117309
1108.426635 491.853650
1201.794095 493.654760
1289.273315 495.364318
1371.027618 497.121625
1447.638436 498.852731
914.627722 601.096826
1023.308580 599.111220
1124.980178 597.365310
1219.831227 595.735262
1308.505307 594.217360
1391.357991 592.877281
1468.826280 591.649915
927.731323 719.449468
1038.511739 713.487108
1141.964764 707.738808
1238.363165 702.390435
1328.252858 697.348060
1412.060204 692.603004
1490.335340 688.226387
689.354181 77.159647
795.983836 79.590744
901.522836 82.417864
1005.788566 85.782633
1108.603112 89.539629
1209.681955 93.743317
1308.755049 98.358443
685.774154 172.539864
794.418614 174.439994
902.075605 176.764918
1008.373200 179.554995
1113.141840 182.747273
1216.020643 186.296666
1316.861398 190.196705
682.126136 272.037467
792.865124 273.412886
902.567103 275.222639
1010.987612 277.402586
1117.625130 279.952503
1222.387573 282.712504
1324.969354 285.861146
678.458659 375.697027
791.331262 376.529784
903.097192 377.737623
1013.507135 379.228734
1122.105099 381.071601
1228.658191 383.078439
1333.101853 385.330041
675.010762 483.535733
789.857566 483.883326
903.571563 484.503836
1015.984371 485.286828
1126.579619 486.254184
1234.943077 487.356442
1340.974890 488.649140
671.623926 595.493695
788.365425 595.329334
904.246208 595.318327
1018.510119 595.352690
1130.922272 595.393803
1241.124549 595.479146
1348.839407 595.696202
668.355698 711.437791
787.138271 710.691051
904.827537 709.884322
1021.020903 709.112094
1135.183190 708.233148
1247.048126 707.228814
1356.434803 706.294155
589.953002 379.877950
698.864526 377.756289
810.647116 375.940479
925.321816 374.317403
1042.394895 373.078090
1161.595679 372.122660
1282.478287 371.457881
598.277456 489.369211
705.565815 488.728048
815.664764 488.296490
928.569218 488.013462
1043.737280 487.850522
1161.035614 487.903158
1279.839205 488.189001
606.720208 595.647319
712.385717 596.370904
820.686641 597.186739
931.663647 598.090273
1044.958083 599.007751
1160.161850 599.980612
1276.947287 601.115599
615.137377 698.437376
719.109741 700.405848
825.599364 702.459416
934.653355 704.489779
1045.928036 706.372437
1159.048023 708.280825
1273.702297 710.150967
623.455830 797.847922
725.765684 800.893086
830.504677 803.965596
937.568259 806.921523
1046.738515 809.821281
1157.728185 812.634210
1270.250750 815.269087
631.616436 893.746159
732.210722 897.806694
835.116179 901.776536
940.284102 905.659086
1047.424846 909.411012
1156.341776 913.001729
1266.665396 916.414145
639.705576 986.166169
738.522624 991.026692
839.634763 995.867723
942.848784 1000.615612
1048.042099 1005.122567
1154.792220 1009.443662
1263.006502 1013.562366
305.719267 380.158160
432.810121 383.815425
553.334695 387.639404
667.310845 391.501655
775.129472 395.344050
877.037480 399.132508
973.226393 402.984893
306.485084 494.707640
430.616148 495.130871
548.491626 495.795587
660.175259 496.483868
765.878528 497.368208
865.961909 498.209213
960.519369 499.216453
307.888023 604.015145
428.966357 601.605042
544.170453 599.208988
653.573943 597.141194
757.173029 595.184146
855.364241 593.361423
948.325092 591.783378
309.509425 708.255240
427.843226 703.090857
540.369754 698.104950
647.461102 693.470183
748.958405 688.978193
845.203046 684.711402
936.560294 680.719282
311.659606 807.438615
426.992699 799.857231
537.066044 792.471707
641.695539 785.478153
741.235234 778.710157
835.592363 772.300653
925.255906 766.028968
313.952174 901.765479
426.525461 892.086484
533.920992 882.594643
636.374278 873.416173
733.817821 864.511806
826.422429 856.006942
914.422554 847.831020
316.650718 991.521952
426.307822 979.818145
531.285991 968.390937
631.397262 957.340189
726.841465 946.553668
817.642595 936.155724
904.042674 926.149547
319.317452 166.256715
435.563567 175.447996
546.302792 184.507445
651.629590 193.655640
751.802922 202.590437
846.838578 211.391917
936.960670 220.069731
316.475182 272.277849
433.976930 278.753698
545.983466 285.294199
652.381436 291.791868
753.477422 298.271404
849.297134 304.600196
940.209928 310.894718
314.083516 380.849367
432.780716 384.592682
545.854686 388.357977
653.346475 392.257092
755.204414 396.062281
851.865950 399.800882
943.479724 403.644897
312.059028 491.952532
432.087736 492.678323
546.131567 493.581993
654.474738 494.651545
757.130532 495.764977
854.480636 496.879868
946.820902 498.180324
310.824006 605.082926
431.702740 602.810349
546.648491 600.757353
655.803080 598.947545
759.283648 597.224543
857.266187 595.698462
950.094435 594.275094
309.953154 720.142052
431.732606 714.843529
547.590716 709.732665
657.517697 704.882351
761.602070 700.253620
860.134412 695.911070
953.450553 691.722175
309.741848 836.964612
432.241254 828.386978
548.864763 820.033460
659.417338 812.098210
764.133749 804.467645
863.092558 797.155691
956.767683 790.176758
326.881371 107.822603
436.303982 117.877430
540.844931 127.755149
640.557760 137.745651
735.705640 147.539664
826.285752 157.175006
912.409779 166.662158
323.408916 197.556084
435.502201 205.568227
542.676141 213.610705
644.714305 221.596268
741.947021 229.525597
834.297665 237.304836
922.102910 244.996779
320.019019 292.198941
434.988974 298.040629
544.722570 303.902258
649.289608 309.806919
748.469820 315.616155
842.740696 321.277773
932.208716 327.000678
316.762699 392.080368
434.908678 395.392650
547.249154 398.822035
654.100678 402.303536
755.382831 405.843423
851.525049 409.308786
942.822327 412.870754
314.134866 497.287669
435.091701 497.858976
550.034953 498.645311
659.258268 499.558449
762.825251 500.512753
860.870730 501.557571
953.709998 502.669710
311.763681 608.010949
435.614371 605.600473
553.485517 603.441180
665.061014 601.459178
770.677847 599.582494
870.659177 597.939269
965.158303 596.396663
309.790527 724.425366
436.730278 718.716941
557.293743 713.169677
671.374781 708.009014
779.080136 703.124429
880.844847 698.425098
976.938426 694.003808
122.921082 48.627224
249.551162 52.704528
374.469307 56.962089
497.430432 62.149718
618.015119 67.795450
735.697192 73.881927
850.308162 80.499063
124.272007 169.778138
250.386891 172.581797
374.759045 175.867711
497.064122 179.580868
617.029212 183.755988
734.204120 188.239647
848.331570 193.154204
126.595519 290.073725
251.890817 291.777551
375.510618 293.767493
497.183546 296.157628
616.426308 298.880961
732.915187 301.754244
846.419169 305.031093
129.503492 409.252453
254.127141 409.768970
376.863177 410.573752
497.694509 411.642141
616.090440 412.905566
731.753790 414.309012
844.580773 416.002780
133.432866 526.934576
256.954169 526.363129
378.778129 525.944136
498.605729 525.714876
616.132122 525.593649
730.841548 525.643031
842.784410 525.768951
137.864504 642.806685
260.324713 641.214536
381.089704 639.626252
499.901598 638.110508
616.405742 636.619646
730.209854 635.239239
841.124641 633.951246
143.080005 756.682657
264.328485 753.929301
383.951495 751.167837
501.587796 748.463897
617.028082 745.646645
729.755746 742.880128
839.595250 740.204405
158.072892 220.830995
297.279065 226.178965
431.576132 231.960092
560.862170 237.991366
685.001854 244.263250
803.775149 250.578820
917.204010 257.068923
169.413957 344.978396
303.910376 347.822226
433.833725 350.993551
559.062319 354.283020
679.320555 357.858388
794.638529 361.413371
904.905955 365.202963
180.975982 461.415745
310.800710 462.077831
436.426137 462.768490
557.669928 463.745967
674.262512 464.841724
786.148608 466.009068
893.415361 467.391295
192.256111 570.491988
317.822695 569.067648
439.259855 567.735175
556.708129 566.666038
669.724147 565.575492
778.268890 564.617267
882.518797 563.931319
203.460662 672.546890
324.764590 669.352656
442.416046 666.162607
555.994974 663.189039
665.663806 660.287415
770.990845 657.590952
872.343921 654.951029
214.356284 768.078578
331.692628 763.347055
445.398155 758.583879
555.558255 753.940383
661.907079 749.379099
764.298384 745.035084
862.747656 740.835674
225.107836 857.656022
338.458402 851.410875
448.644343 845.239257
555.344222 839.227910
658.588650 833.214186
758.023945 827.350353
853.771546 821.636873
138.656186 288.953984
255.428213 288.721653
372.385895 288.784964
489.502159 289.357580
606.411516 290.204655
722.629830 291.398080
837.751878 292.962491
130.644990 401.797349
248.519391 401.471976
366.751378 401.373754
485.116750 401.630958
603.303487 402.085844
720.646005 402.753743
837.008333 403.727993
123.189781 517.299283
242.152450 516.867208
361.533363 516.606459
481.144751 516.513986
600.385998 516.552956
718.857770 516.652181
836.370747 517.040631
116.188090 635.115475
236.440886 634.579337
356.849818 634.117165
477.476261 633.658413
597.749534 633.250992
717.308252 632.838842
835.827487 632.624996
110.209674 754.897553
231.207486 754.252396
352.584001 753.645277
474.144902 752.870316
595.450064 751.999500
715.972458 751.098142
835.314665 750.186394
104.628278 876.382482
226.425850 875.751394
348.827459 874.918514
471.243311 873.813220
593.369243 872.487669
714.757457 870.964752
834.953810 869.238157
99.977265 999.323593
222.334647 998.529064
345.690709 997.343223
468.827936 995.988607
591.642527 994.222089
713.662155 992.072755
834.499737 989.631432
258.641769 181.177324
374.074500 186.961270
485.911419 192.814432
594.070204 199.076592
698.626341 205.370419
799.320079 211.766938
896.119480 218.269164
247.618638 271.427112
366.938875 275.684626
482.728878 280.183588
594.495532 284.900799
702.395678 289.752151
806.067571 294.652125
905.742164 299.667652
236.074939 368.301524
359.723073 370.903551
479.491100 373.749337
595.232387 376.811044
706.434618 379.941735
813.371012 383.096747
915.961032 386.489720
224.118781 472.503680
352.552226 473.120856
476.494793 474.015065
596.081619 475.031521
710.896267 476.312292
821.150688 477.561115
926.959045 479.083321
212.262925 584.442584
345.208764 582.829602
473.448747 581.552655
597.192147 580.408016
715.979343 579.352178
829.658137 578.475104
938.447564 577.771868
200.010472 704.671672
337.735019 700.654431
470.948250 696.837431
598.856903 693.099312
721.529022 689.490603
838.750863 686.140387
950.791120 682.815554
187.482463 833.854148
330.622653 827.034120
468.533619 820.183631
600.980652 813.505006
727.669283 806.972046
848.540667 800.608045
963.757484 794.460073
996.507522 412.149648
1089.049025 408.775313
1187.028206 405.566536
1290.948619 402.188749
1400.763888 399.039574
1516.852660 395.800879
1639.392368 392.619493
1008.254441 504.331224
1099.385871 503.816167
1195.661763 503.417422
1297.673970 503.105381
1405.291718 502.901150
1519.013184 502.861730
1638.808623 502.994918
1019.554184 593.306175
1109.188074 595.310832
1203.824912 597.530275
1303.738370 599.901178
1409.301067 602.530786
1520.504454 605.294694
1637.648089 608.414615
1030.365933 678.735779
1118.348192 683.147356
1211.309519 687.848474
1309.362542 692.750411
1412.731685 697.877061
1521.573078 703.390059
1635.892540 709.084148
1040.645511 760.958740
1127.142624 767.554010
1218.389195 774.461284
1314.509556 781.558064
1415.613100 789.106910
1522.009831 796.987943
1633.703240 805.164732
1050.405019 839.907779
1135.389001 848.486206
1224.876716 857.394645
1319.121781 866.647343
1418.111624 876.300749
1522.129153 886.279050
1631.145653 896.745097
1059.806180 915.722399
1143.236495 926.023624
1231.001010 936.802768
1323.267219 948.002512
1420.231978 959.580405
1521.853760 971.551772
1628.377364 983.923679
1038.082655 238.463587
1125.494296 230.831284
1217.613776 223.080141
1314.832717 215.204283
1417.125475 207.300660
1524.750935 199.315872
1637.824105 191.288720
1034.682957 326.344402
1122.734256 321.132208
1215.621747 315.808272
1313.686017 310.521173
1416.932466 305.141362
1525.642933 299.818058
1639.882497 294.554950
1031.101945 416.033871
1119.807494 413.209489
1213.401512 410.534110
1312.199345 407.758542
1416.360357 405.179294
1526.009135 402.510231
1641.335355 400.093747
1027.416197 507.158340
1116.610863 506.920876
1210.846203 506.891560
1310.323653 506.881455
1415.265163 507.058094
1525.830413 507.386675
1642.197661 507.828653
1023.579958 599.723942
1113.282830 602.136296
1207.982005 604.828280
1308.127812 607.591826
1413.691847 610.699544
1525.052029 613.954972
1642.258285 617.565661
1019.579781 693.468888
1109.580104 698.622174
1204.844195 704.088004
1305.499054 709.790371
1411.689042 715.892083
1523.778143 722.235422
1641.751314 728.958672
1015.444285 788.077761
1105.832606 795.982615
1201.416238 804.345416
1302.499448 813.084895
1409.276219 822.230963
1521.870595 831.755721
1640.507228 841.785166
1067.422065 186.890799
1151.217967 178.534580
1239.250005 169.983316
1331.867632 161.335766
1429.009156 152.611632
1530.912142 143.826905
1637.643907 135.000327
1058.042753 263.199113
1143.292583 256.689117
1233.069896 250.001472
1327.520116 243.365683
1426.837786 236.576507
1531.048940 229.827239
1640.392420 223.105089
1048.127943 342.911237
1134.938170 338.351384
1226.417064 333.875136
1322.824289 329.266587
1424.229393 324.759971
1530.837333 320.137371
1642.752474 315.712369
1037.788195 426.028284
1126.070502 423.660386
1219.268911 421.454053
1317.562949 419.161151
1421.121764 417.064514
1530.149870 415.036862
1644.784929 413.050099
1026.935201 512.730070
1116.748581 512.774565
1211.497502 513.063450
1311.798367 513.303465
1417.483331 513.856164
1528.942965 514.522007
1646.185593 515.427302
1015.542322 602.962376
1106.694276 605.653885
1203.341819 608.629346
1305.413644 611.766601
1413.246550 615.226483
1527.162715 618.818559
1647.116468 622.778533
1003.591680 696.597706
1096.274068 702.196764
1194.415849 708.135595
1298.413972 714.358599
1408.397846 720.962177
1524.656321 727.878521
1647.350356 735.222936
1146.150732 260.511592
1235.462068 255.939229
1327.985344 251.390616
1423.864277 247.039829
1522.920785 242.836130
1625.260268 238.749670
1730.697233 234.862434
1139.076504 335.558005
1230.679134 332.333788
1325.800183 329.181156
1424.388028 326.261241
1526.411086 323.381923
1631.797956 320.710303
1740.517308 318.201870
1131.407767 414.976172
1225.474182 413.214135
1323.235478 411.745410
1424.705554 410.306909
1529.688483 409.058255
1638.338521 407.858465
1750.427889 406.951010
1123.262532 498.991607
1219.761728 498.948112
1320.222728 499.189306
1424.581075 499.450054
1532.716701 500.018313
1644.736756 500.679118
1760.516387 501.473744
1114.479860 587.832983
1213.580432 589.724820
1316.650562 591.971736
1424.102925 594.209975
1535.521425 596.753805
1651.098999 599.379018
1770.417405 602.268453
1105.026236 681.747886
1206.580759 685.870400
1312.767219 690.259328
1423.183743 694.805479
1538.003374 699.569480
1657.211368 704.425133
1780.432683 709.473009
1094.791482 780.761040
1199.099599 787.399865
1308.068098 794.239153
1421.845948 801.318733
1540.063728 808.625890
1662.834343 815.993218
1790.217572 823.651731
1150.018072 378.951374
1253.880366 377.308317
1360.383085 375.963002
1469.457216 374.802020
1580.808426 373.897754
1694.291398 373.187836
1809.627406 372.746616
1150.004186 479.784692
1253.913054 479.637107
1360.609925 479.704527
1469.778457 479.962185
1581.190574 480.342265
1694.844490 480.901954
1810.221758 481.679518
1149.723851 580.969544
1253.645584 582.312533
1360.352122 583.820794
1469.528576 585.381824
1580.985602 587.151508
1694.616374 588.894525
1810.053703 590.888047
1149.265622 682.082424
1253.087888 684.901182
1359.660089 687.847573
1468.766918 690.850268
1580.192739 693.882508
1693.677247 696.970316
1809.077448 700.087606
1148.599664 782.960585
1252.241620 787.255661
1358.603839 791.652085
1467.555757 796.002952
1578.739736 800.441407
1692.080183 804.792874
1807.246035 809.187206
1147.719968 883.357262
1251.055587 889.164925
1357.172580 894.985201
1465.843427 900.765365
1576.763157 906.500138
1689.866945 912.103363
1804.776850 917.689696
1146.699116 983.044562
1249.635610 990.281701
1355.368892 997.488345
1463.682153 1004.713387
1574.316706 1011.758640
1686.994658 1018.476199
1801.654556 1025.683879
1077.845707 259.788548
1182.918873 253.488924
1292.713254 247.445558
1407.412038 241.425643
1526.677237 235.668990
1650.589237 230.021668
1779.091671 224.543496
1088.272317 359.308649
1190.731542 355.609856
1297.585094 352.005398
1409.104772 348.533150
1524.861688 345.194552
1645.174747 342.019837
1769.580991 339.095550
1098.076879 453.958269
1197.924297 452.476704
1301.955043 451.086870
1410.206541 449.793163
1522.705977 448.732782
1639.302539 447.713807
1759.947318 446.998798
1107.227311 543.668794
1204.426535 544.178139
1305.673486 544.863901
1410.939097 545.666307
1520.178199 546.502955
1633.287148 547.575695
1750.130487 548.704261
1115.721973 628.786998
1210.442206 631.079208
1309.029965 633.507475
1411.319501 636.009664
1517.313221 638.735713
1627.023315 641.566020
1740.273580 644.475037
1123.558446 709.476681
1215.901110 713.370908
1311.751087 717.332522
1411.258816 721.461449
1514.231115 725.752656
1620.763088 730.089023
1730.528049 734.645395
1130.994545 785.917696
1220.889405 791.128475
1314.231552 796.528274
1410.945182 802.138082
1511.060123 807.804187
1614.379411 813.596096
1720.956767 819.471810
1137.131419 96.024954
1243.177068 89.968358
1352.049000 84.304623
1463.661860 78.983363
1577.652547 74.068745
1693.963327 69.560101
1812.084943 65.699006
1138.804985 199.650774
1244.428808 195.186672
1352.919751 191.048062
1464.074755 187.268979
1577.508921 183.811116
1693.222258 180.703745
1810.766780 177.995716
1140.220526 302.841005
1245.357782 299.928487
1353.340000 297.330718
1463.891106 294.927534
1576.725677 292.914118
1691.760452 291.033029
1808.734836 289.585279
1141.471737 405.147341
1245.917806 403.800139
1353.256015 402.703468
1463.122908 401.781503
1575.284824 401.031412
1689.603614 400.545077
1805.783162 400.233908
1142.532639 506.494497
1246.302731 506.643681
1352.855335 506.967780
1461.911018 507.401860
1573.221626 508.080906
1686.754368 508.834986
1802.021919 509.741397
1143.249457 606.562613
1246.221676 608.172746
1351.946040 609.860975
1460.144503 611.704376
1570.622024 613.688479
1683.238277 615.643172
1797.613933 617.771603
1143.796579 705.081043
1245.896905 708.021526
1350.681308 711.094674
1457.925223 714.301633
1567.512967 717.520174
1679.013827 720.730357
1792.502033 723.993050
