499.985261 458.097076
578.676298 455.281828
663.116734 452.454404
753.796297 449.457185
851.369634 446.434368
956.348565 443.345239
1069.281935 440.217487
528.379490 547.998443
606.048282 548.352384
689.168156 548.835153
778.218049 549.372469
873.777349 550.017148
976.397401 550.773747
1086.422759 551.676674
555.712969 633.684300
632.268266 636.836118
713.984114 640.148257
801.401207 643.748485
894.991426 647.701713
995.170907 651.743489
1102.304300 656.241075
581.810971 715.058993
657.263432 720.629290
737.637208 726.672647
823.370035 733.127943
914.982355 739.764219
1012.752616 746.769624
1116.995407 754.251326
606.800971 792.416900
681.152613 800.232953
760.214422 808.471400
844.263263 817.163419
933.859413 826.350870
1029.220365 836.008810
1130.691828 846.148338
630.714029 865.977992
703.870890 875.775588
781.480567 885.997060
863.917430 896.748457
951.556349 908.072546
1044.631301 919.903951
1143.398039 932.276782
653.566548 935.867624
725.510258 947.243989
801.747115 959.235272
882.631799 971.877807
968.257856 985.008329
1059.092510 998.771531
1155.254172 1013.135078
663.706348 146.410131
735.773474 135.673567
812.078888 124.518591
893.012137 113.001799
978.688432 101.075778
1069.614401 88.840415
1165.816978 76.301605
640.978652 216.393058
714.271649 207.277943
792.058957 197.882133
874.557519 188.153528
962.336815 178.077870
1055.428553 167.776527
1154.316647 157.159668
617.286578 290.310066
691.718751 283.137725
770.867617 275.622186
855.147650 267.962373
944.819493 260.070615
1040.276684 251.868645
1141.844107 243.698001
592.548739 368.120392
668.132173 363.149990
748.648530 357.999961
834.530621 352.702316
926.292245 347.262986
1024.115759 341.765919
1128.456121 336.169531
566.727924 450.321696
643.401803 447.797116
725.173354 445.398915
812.844939 442.701996
906.540023 440.274118
1006.812253 437.579393
1113.931405 435.117107
539.715887 536.937436
617.337117 537.274423
700.613415 537.911118
789.798134 538.399085
885.543344 539.114399
988.121607 539.850201
1098.217128 540.892384
511.440350 628.148962
590.297772 631.648742
674.970004 635.470832
765.693205 639.651717
863.322934 644.062254
968.377090 648.854016
1081.160670 653.833585
923.877786 371.759991
1035.045157 377.302803
1138.676377 382.773116
1235.083421 388.121855
1325.177649 393.324184
1409.120514 398.288389
1487.481002 403.085996
909.728142 488.759966
1018.827493 490.228984
1120.710469 491.855180
1215.796983 493.505894
1304.629103 495.140603
1387.748874 496.734620
1465.214851 498.359142
896.292829 600.364047
1003.243356 598.238357
1103.282436 596.330263
1197.032334 594.491113
1284.640031 592.959945
1366.651895 591.354346
1443.412733 590.040017
883.396991 706.704076
988.263203 701.234830
1086.453006 696.180750
1178.655415 691.342688
1265.120486 686.726502
1346.053146 682.405812
1422.114794 678.379220
871.341663 807.634702
973.945191 799.376078
1070.344027 791.418111
1160.943132 783.869567
1246.119394 776.609524
1326.032622 769.846901
1401.245895 763.265853
859.791676 903.709963
960.284782 892.818025
1054.834018 882.327989
1143.887496 872.334822
1227.679134 862.725007
1306.680521 853.559741
1380.941368 844.872004
848.872445 994.884605
947.146361 981.607086
1039.990705 968.799520
1127.462732 956.762991
1209.919313 945.048464
1287.724359 933.820030
1361.196397 923.136764
843.622286 72.904638
938.815048 85.747873
1028.846602 98.196993
1113.901657 110.395771
1194.328046 122.259515
1270.348755 133.671183
1342.139254 144.801729
856.406249 153.764838
954.171669 164.659171
1046.479717 175.375288
1133.562172 185.856535
1215.656357 196.001946
1293.071258 205.830639
1366.021604 215.322103
870.014055 240.151075
970.529265 248.942033
1065.106663 257.612125
1154.281541 266.109067
1237.975421 274.400807
1316.773835 282.231459
1390.986089 289.947339
884.537851 332.699992
987.906254 339.012434
1084.883558 345.270747
1175.948605 351.437427
1261.366826 357.360356
1341.512434 363.159871
1416.954302 368.749065
900.208537 431.846964
1006.311851 435.276972
1105.646004 438.787938
1198.752353 442.205310
1285.853739 445.519924
1367.471074 448.807472
1443.827773 451.964722
916.827358 538.074434
1025.810197 538.090084
1127.697958 538.423832
1222.718847 538.753205
1311.481998 539.032211
1394.526232 539.457841
1472.027585 539.934513
934.624471 651.697231
1046.419576 647.933764
1150.827115 644.321150
1247.855927 641.168201
1338.342638 638.085271
1422.541515 635.294403
1501.218544 632.683582
696.113232 51.661259
799.015614 54.171340
900.984136 57.114964
1001.743955 60.501015
1101.149016 64.291185
1198.896445 68.494645
1294.875119 73.159708
691.559798 137.443093
797.275376 139.481218
901.955545 141.984169
1005.390963 144.951288
1107.397407 148.254902
1207.658037 151.981997
1305.911537 156.047105
686.886208 228.246417
795.461889 229.852331
902.913080 231.854096
1009.230554 234.318127
1113.833460 237.159956
1216.579127 240.148583
1317.333274 243.650371
682.131658 324.277583
793.613862 325.396051
904.021864 326.891478
1013.114832 328.775978
1120.461669 330.950047
1225.788303 333.408232
1329.050653 336.099764
677.381188 425.924920
791.797866 426.568737
905.092119 427.575182
1017.102362 428.741705
1127.245331 430.186210
1235.243987 431.821830
1340.902158 433.652905
672.490512 533.374516
789.869964 533.509405
906.320824 533.936300
1021.204421 534.435498
1134.148982 534.984398
1244.870374 535.674399
1353.135269 536.514376
667.622140 646.766447
788.084426 646.339804
907.634904 645.998404
1025.402618 645.749063
1141.292125 645.329952
1254.595900 644.975319
1365.429372 644.695707
581.871961 441.345205
692.477777 439.990048
806.094394 438.792575
922.626193 437.845865
1041.795230 437.169596
1163.041806 436.702879
1286.001858 436.476181
595.053627 548.420624
703.127343 548.514289
814.046412 548.716698
927.714396 549.054326
1043.800332 549.508284
1162.061653 550.023305
1281.758904 550.725761
607.929630 650.546730
713.477432 651.939176
821.644276 653.317970
932.565850 654.754104
1045.659413 656.239269
1160.748936 657.575721
1277.329532 659.099195
620.355573 747.720594
723.485270 750.130726
828.983193 752.691301
937.053191 755.142855
1047.270008 757.452409
1159.258913 759.700043
1272.777829 761.930663
632.376679 840.084375
733.099513 843.522238
836.155367 846.875741
941.384260 850.140511
1048.717972 853.323638
1157.712208 856.413181
1268.186475 859.312506
643.963082 927.937128
742.239019 932.234224
842.748877 936.377074
945.400452 940.401407
1049.945823 944.281168
1156.161046 948.008667
1263.633712 951.499786
655.067158 1011.347910
751.030789 1016.268547
849.124650 1021.078689
949.243965 1025.862283
1051.043129 1030.360177
1154.443404 1034.708768
1259.114110 1038.810343
306.627755 444.541532
434.851279 446.360247
556.428843 448.299811
671.267737 450.379220
779.899922 452.518904
882.415308 454.674912
979.181474 456.850804
308.430627 554.054378
432.558253 552.746240
550.458456 551.743928
662.130467 550.862634
767.841193 550.123264
867.991151 549.450013
962.453534 548.945718
310.534508 656.761161
430.750488 652.798050
545.094820 649.078316
653.763158 645.531226
756.657556 642.262406
854.219676 639.064324
946.579330 636.193832
312.898409 753.167570
429.389829 746.766705
540.260408 740.699361
645.926073 734.877718
746.217387 729.354199
841.281548 724.051009
931.530953 718.953031
315.523505 843.493526
428.389379 835.099869
536.061367 826.922013
638.679953 819.105741
736.376970 811.460685
829.043621 804.330949
917.231698 797.295676
318.274000 928.401137
427.718167 918.218891
532.190108 908.243830
631.982061 898.608716
727.065350 889.249376
817.646538 880.224494
903.713186 871.557418
321.146163 1007.949371
427.214571 996.212222
528.693594 984.660321
625.757268 973.571912
718.359927 962.692223
806.619122 952.149253
890.791678 942.010502
314.503395 210.098322
434.073186 218.265346
547.899678 226.441195
655.956236 234.614321
758.562637 242.657851
855.728204 250.577710
947.813963 258.342976
312.319053 322.117151
432.286709 327.218768
546.425647 332.539817
654.819897 337.942067
757.621682 343.164460
855.133431 348.361630
947.372035 353.553743
310.714542 434.835495
430.957825 437.049251
545.258809 439.454680
653.940968 441.923237
756.833081 444.422002
854.448022 446.802703
946.870435 449.389914
309.683521 548.238771
430.091740 547.418078
544.479470 546.796774
653.155797 546.358509
756.203922 546.022556
853.822376 545.741028
946.377343 545.661516
309.315578 661.724842
429.570452 657.921128
543.970239 654.341624
652.705445 650.961321
755.677584 647.771881
853.298056 644.847712
945.793797 642.039847
309.421210 775.185437
429.534256 768.368396
543.859663 761.819998
652.460435 755.564530
755.375252 749.559907
852.898496 743.849327
945.274273 738.334495
310.092009 888.105938
429.848947 878.343326
544.053285 868.741347
652.400112 859.737096
755.189443 850.850616
852.409902 842.377778
944.651711 834.241801
330.687870 86.900217
436.330985 97.053721
537.559392 107.126336
634.251368 117.215001
726.670927 127.224081
814.764190 137.032924
898.712859 146.663998
326.935840 166.748522
435.993663 175.216280
540.294401 183.766503
639.827354 192.357996
734.722349 200.731456
825.092681 209.040449
911.024459 217.176833
323.309346 251.979972
435.915247 258.698821
543.306357 265.435105
645.847366 272.184496
743.260734 278.857137
835.870889 285.291591
923.991122 291.852110
319.730663 343.167359
436.078303 347.721843
546.876874 352.352531
652.280186 357.024031
752.383843 361.652983
847.401963 366.265125
937.662422 370.868346
316.510530 440.698976
436.561528 442.792072
550.699495 445.105247
659.286374 447.425313
762.122209 449.753977
859.635020 452.146127
951.952192 454.541940
313.394216 545.035969
437.384284 544.290395
555.304068 543.911596
666.958202 543.602193
772.619075 543.322186
872.679281 543.184386
967.217033 543.163158
310.631225 656.521369
438.661709 652.683854
560.413645 648.974800
675.314862 645.743304
783.906973 642.495844
886.361393 639.594264
983.149761 636.803507
108.338974 104.422013
238.234161 107.848620
366.293367 111.823492
492.085649 116.263719
615.513191 121.178686
735.943813 126.649491
853.231983 132.565345
115.620182 228.990233
243.559380 231.109607
369.752923 233.768037
493.730411 236.835401
615.413014 240.270728
734.297310 243.987185
849.901259 248.150656
123.589941 350.304180
249.564550 351.407414
373.721425 352.752336
495.981697 354.375911
615.727050 356.360476
732.709422 358.426789
846.662204 360.831482
132.037015 468.298568
255.963478 468.125301
378.134302 468.321257
498.413071 468.645953
616.298672 469.155589
731.359929 469.765921
843.630703 470.641421
141.052063 582.496053
262.863321 581.336979
382.992871 580.297265
501.214352 579.364501
617.134782 578.520481
730.263560 577.865992
840.739024 577.268009
150.500422 692.981402
270.107687 690.845634
388.110865 688.718141
504.244511 686.622354
618.174433 684.499523
729.589522 682.467607
838.056847 680.506160
160.091042 799.468164
277.555789 796.403349
393.548711 793.128700
507.595191 790.051128
619.482751 786.764307
728.848166 783.490454
835.516294 780.295525
236.334832 215.652001
377.022828 224.407693
509.957039 233.073265
635.330401 241.794831
753.522828 250.462963
864.536966 258.924901
968.865612 267.192705
239.415768 341.505981
375.442813 346.218314
504.305712 351.140425
626.149892 356.125444
741.040943 361.026024
849.442764 365.861356
951.354040 370.754895
242.927482 459.632823
374.581887 460.930444
499.433149 462.356110
617.823063 463.891319
729.545150 465.561644
835.134449 467.142318
934.713987 468.962703
246.809633 570.472410
374.230561 568.563021
495.173434 566.971359
610.104157 565.548918
718.849278 564.295508
821.675641 563.103226
918.997785 562.187830
251.061547 674.169826
374.294304 669.670607
491.660752 665.322053
603.128911 661.284500
708.963397 657.366933
809.038578 653.866356
904.044647 650.449376
255.466480 771.499970
374.791946 764.616583
488.473245 757.947167
596.804501 751.535740
699.748013 745.406445
797.408020 739.657240
889.962185 734.041522
259.993949 862.592310
375.457094 853.584665
485.758491 844.790286
591.001686 836.496175
691.128626 828.347453
786.203680 820.552822
876.604219 813.087962
138.640826 288.827080
255.382859 288.634453
372.381343 288.719461
489.488220 289.252302
606.400238 290.098044
722.642907 291.284217
837.809730 292.842410
130.544135 401.689462
248.496221 401.325610
366.740720 401.252319
485.106988 401.564352
603.305055 401.976277
720.701802 402.660569
837.050611 403.599417
123.096468 517.211959
242.140198 516.782424
361.448779 516.516245
481.142284 516.441958
600.396393 516.487202
718.834061 516.554272
836.409355 516.989581
116.227146 635.043763
236.416671 634.503430
356.876277 633.999709
477.447149 633.593046
597.806188 633.159823
717.352547 632.760890
835.856887 632.555898
110.174691 754.836654
231.139541 754.168273
352.529876 753.614551
474.166112 752.791464
595.443768 751.943243
716.005973 751.029294
835.329641 750.149931
104.610979 876.456703
226.463750 875.664730
348.775388 874.928730
471.212820 873.817309
593.379352 872.471095
714.830267 870.883580
835.019198 869.170979
100.116325 999.063330
222.268215 998.625751
345.773957 997.260165
468.823938 996.087016
591.657212 994.224519
713.656036 992.063564
834.568056 989.567896
293.695745 174.557611
410.978802 183.412738
522.805273 192.177459
629.204483 200.992572
730.417159 209.651123
826.483592 218.198043
917.615416 226.579840
288.724003 266.342504
410.085902 272.979516
525.581529 279.717205
635.303152 286.509229
739.472144 293.086225
838.154156 299.673007
931.589795 306.198531
283.894653 364.852323
409.468807 369.036809
528.729819 373.362017
642.046607 377.778505
749.093349 382.141210
850.406278 386.348747
946.335403 390.702284
279.159260 470.685626
409.245605 472.025772
532.548306 473.527092
649.262033 475.190874
759.487268 476.896756
863.571907 478.629200
961.907191 480.516543
274.876827 584.317041
409.379908 582.362119
536.702857 580.723620
657.227518 579.262275
770.644835 577.908459
877.584509 576.807734
978.296434 575.729939
270.688914 706.403855
410.005082 700.585649
541.815131 695.333685
666.023108 690.303615
782.697922 685.516837
892.567392 681.021950
995.777525 676.742125
266.968269 837.321164
411.190851 827.281154
547.589539 817.610674
675.547815 808.638451
795.798335 799.774772
908.343085 791.507775
1014.052003 783.606725
993.155657 464.840475
1086.516344 463.049297
1185.396825 461.349610
1290.244805 459.674361
1401.231472 458.132805
1518.483853 456.644831
1642.377518 455.269685
1008.711363 553.119777
1100.076062 554.025533
1196.670366 555.071607
1298.863204 556.225182
1406.812347 557.573868
1520.845857 559.101066
1640.913562 560.821374
1023.473835 637.173672
1112.759611 640.466323
1207.097401 643.840471
1306.728533 647.476289
1411.776230 651.466977
1522.523427 655.518377
1639.007310 660.025316
1037.379646 716.954564
1124.687179 722.299321
1216.730484 727.970789
1313.861563 733.895184
1416.139028 740.064076
1523.712036 746.558682
1636.703408 753.336172
1050.534251 792.670217
1135.915289 799.935282
1225.863965 807.534686
1320.454347 815.365654
1420.012277 823.642803
1524.513926 832.238186
1634.086710 841.176482
1062.967050 864.618526
1146.429261 873.620021
1234.154603 882.944175
1326.408759 892.537442
1423.304600 902.609431
1524.938879 912.998064
1631.251282 923.738106
1074.750897 933.008720
1156.365981 943.412059
1241.994705 954.198222
1332.005917 965.472776
1426.267340 977.113441
1525.004809 989.085249
1628.293816 1001.478616
1023.966871 272.431770
1112.867685 265.454454
1206.699716 258.380922
1305.836638 251.255195
1410.358346 244.029470
1520.415332 236.764883
1636.304364 229.447859
1024.063817 364.026804
1113.140744 359.692169
1207.211632 355.318301
1306.585526 350.916196
1411.387543 346.494130
1521.729393 342.146967
1637.887092 337.821455
1024.092506 456.346355
1113.279291 454.606578
1207.466880 452.876484
1307.001982 451.238463
1411.882980 449.740740
1522.415102 448.180141
1638.806284 446.979155
1024.036052 548.876866
1113.239293 549.736991
1207.494861 550.770925
1307.012036 552.003141
1411.999722 553.306223
1522.555134 554.821099
1639.042063 556.542961
1023.946598 641.501682
1113.097068 645.014922
1207.287192 648.765516
1306.728361 652.698742
1411.674267 657.034225
1522.250469 661.502112
1638.549339 666.394649
1023.731553 734.003700
1112.617255 740.192736
1206.735436 746.774689
1306.002723 753.480583
1410.827289 760.641671
1521.278051 768.070833
1637.456727 775.934479
1023.376679 826.213687
1112.182535 834.915329
1206.048030 844.088899
1305.137252 853.761321
1409.656270 863.772393
1519.782777 874.210565
1635.721044 885.054100
1083.317399 170.415580
1165.142809 161.904415
1251.039231 153.208408
1341.199993 144.425396
1435.588989 135.527078
1534.472341 126.572309
1637.921846 117.565677
1071.568067 239.492484
1155.286377 232.520972
1243.281884 225.423589
1335.688838 218.232867
1432.776045 210.948555
1534.455575 203.749799
1640.974870 196.461095
1059.185160 312.509625
1144.752889 307.242317
1234.879174 301.876859
1329.785452 296.544371
1429.392933 291.198266
1534.055260 285.711491
1643.886436 280.492611
1046.027454 389.423911
1133.600598 386.073170
1225.915730 382.776871
1323.179826 379.462604
1425.609108 376.207055
1533.294003 373.051728
1646.448808 369.927962
1032.184478 470.626041
1121.721578 469.448018
1216.131209 468.445648
1316.008968 467.388992
1421.230227 466.650554
1532.073049 465.848405
1648.676825 465.363475
1017.510078 556.194662
1108.820714 557.488073
1205.632158 559.077217
1307.959850 560.713137
1416.109328 562.590688
1530.140323 564.604495
1650.467552 566.979126
1001.854262 646.370698
1095.258139 650.388272
1194.372271 654.676755
1299.287534 659.346079
1410.334446 664.267707
1527.758620 669.524189
1651.701408 675.071662
1127.511775 267.210467
1212.319563 261.145310
1301.324726 254.970301
1394.735555 248.806813
1492.564715 242.623407
1595.044919 236.370030
1702.242886 230.219584
1116.486692 340.649401
1203.208521 336.294154
1294.444298 331.924005
1390.205900 327.604721
1490.842948 323.236868
1596.259493 318.985450
1706.640204 314.762254
1104.755832 418.186334
1193.444712 415.738158
1286.903831 413.331911
1385.324361 411.067702
1488.548453 408.915658
1597.045915 406.671549
1710.890279 404.748944
1092.344701 499.779491
1183.090442 499.498025
1278.824540 499.401912
1379.679248 499.456299
1485.831259 499.625209
1597.465059 499.966662
1714.830092 500.441768
1079.198545 585.793670
1172.025609 587.933101
1269.935466 590.421763
1373.516884 592.989445
1482.539298 595.947574
1597.526411 598.952412
1718.332051 602.423879
1065.199374 676.306717
1159.901748 681.265871
1260.310037 686.587983
1366.402848 692.082001
1478.519191 697.984678
1596.806124 704.160672
1721.422301 710.782069
1050.298445 771.531757
1147.134889 779.493276
1249.890587 787.910479
1358.692182 796.758260
1473.884354 806.015744
1595.598946 815.801550
1724.055890 825.870197
1149.943362 378.906953
1253.808436 377.262138
1360.340741 375.943099
1469.399893 374.789561
1580.752518 373.887545
1694.198973 373.169095
1809.547768 372.723931
1149.931229 479.733343
1253.810225 479.620870
1360.531676 479.674192
1469.702251 479.930988
1581.152887 480.333139
1694.827702 480.905837
1810.155151 481.660281
1149.677981 580.966847
1253.531886 582.330174
1360.256974 583.814301
1469.464954 585.371076
1580.921426 587.157407
1694.571108 588.876431
1809.997343 590.857218
1149.159525 682.122624
1253.022030 684.899237
1359.550027 687.833372
1468.725321 690.881479
1580.162575 693.893496
1693.589145 696.985785
1809.021963 700.114745
1148.493645 782.969873
1252.165897 787.264487
1358.552655 791.655466
1467.513728 795.996202
1578.717510 800.455125
1692.063960 804.787513
1807.226553 809.230263
1147.647246 883.361426
1250.973629 889.190420
1357.082996 895.054421
1465.729410 900.797081
1576.682277 906.518108
1689.799732 912.158232
1804.689885 917.723755
1146.624270 983.061299
1249.561970 990.321172
1355.306941 997.473761
1463.666908 1004.770731
1574.216666 1011.816002
1686.910773 1018.704173
1801.602099 1025.631569
1032.769990 268.300485
1130.094137 260.430762
1233.266666 252.426050
1342.689213 244.285843
1458.585398 236.096166
1581.027692 227.828067
1710.330644 219.446447
1048.010108 363.736564
1143.284138 359.026718
1244.127592 354.220157
1350.905487 349.377206
1463.693730 344.588106
1582.873239 339.808500
1708.295735 335.032751
1062.430256 454.962769
1155.632740 453.036446
1254.139343 451.037908
1358.322244 449.141112
1468.091608 447.430041
1583.896062 445.630535
1705.735237 444.105736
1075.948959 541.783987
1167.138843 542.266752
1263.333104 542.953609
1364.894279 543.807485
1471.841203 544.733522
1584.315050 545.824151
1702.606226 547.080928
1088.753798 624.388745
1177.973485 627.164305
1271.969029 630.132294
1370.864930 633.273127
1475.012414 636.680111
1584.346010 640.337345
1699.056408 644.222849
1100.810998 702.996904
1187.957223 707.864711
1279.704581 712.931427
1376.141841 718.182604
1477.495100 723.778146
1583.873702 729.593906
1695.191326 735.693111
1112.142512 777.768456
1197.407471 784.337222
1286.957399 791.193755
1381.072870 798.494938
1479.633417 806.010961
1582.986103 813.806201
1691.117750 821.919892
1137.044404 95.988946
1243.102687 89.938152
1351.994186 84.313861
1463.586655 79.018203
1577.590237 74.184945
1693.828978 69.670693
1811.986497 65.689649
1138.717055 199.647264
1244.317006 195.179104
1352.848983 191.034385
1464.004665 187.240726
1577.477321 183.811331
1693.196758 180.739013
1810.697215 177.982455
1140.155994 302.879312
1245.239363 299.982919
1353.243963 297.343922
1463.839867 294.959762
1576.653719 292.947856
1691.718719 291.056769
1808.692880 289.592921
1141.379848 405.207013
1245.824586 403.827111
1353.134547 402.721804
1463.063538 401.838730
1575.232957 401.058506
1689.521490 400.575084
1805.749710 400.254152
1142.424097 506.525431
1246.229747 506.694262
1352.811584 506.988855
1461.847070 507.404592
1573.224112 508.102125
1686.735741 508.872263
1802.020720 509.776574
1143.201528 606.575061
1246.133145 608.211932
1351.889924 609.938176
1460.029423 611.775989
1570.556335 613.754048
1683.152581 615.742711
1797.586764 617.837385
1143.713791 705.135310
1245.823063 708.079628
1350.610118 711.107031
1457.919276 714.372997
1567.445423 717.603922
1678.965847 720.811762
1792.422681 724.087986
