504.948953 401.770274
584.559497 397.702806
669.406371 393.561560
760.223943 389.081342
857.347071 384.328950
961.778942 379.152938
1074.159573 373.576502
527.102729 496.814939
605.759741 495.954180
689.400398 495.070123
778.768476 494.124366
874.263906 492.948586
976.776767 491.837823
1086.880847 490.684520
548.461618 588.141033
626.056463 590.023917
708.589456 592.106962
796.516447 594.274949
890.492966 596.679070
991.065091 599.116241
1098.961882 601.876904
568.903929 675.672322
645.547111 680.193066
726.903567 685.061471
813.534017 690.296734
905.960910 695.706096
1004.727198 701.542335
1110.432685 707.813681
588.610195 759.850097
664.310520 766.806044
744.610405 774.182901
829.917764 781.979300
920.788695 790.330761
1017.774971 799.214571
1121.409589 808.755468
607.528089 840.898454
682.274559 850.055505
761.475732 859.751252
845.492758 869.965305
934.943572 880.909461
1030.221645 892.603212
1131.870831 905.094105
625.762236 918.844425
699.577556 929.967840
777.631648 941.768716
860.524852 954.307332
948.501497 967.640341
1042.105204 981.823874
1141.907587 997.022985
631.934077 159.809985
706.431011 149.546781
785.283898 138.787863
868.998675 127.419115
957.909249 115.227837
1052.781049 102.283220
1153.805220 88.530977
614.049367 239.344380
689.365564 231.326207
769.154255 222.805557
853.946911 213.784563
944.312847 204.099215
1040.630047 193.922302
1143.400902 183.016754
595.493647 321.916728
671.711461 316.114850
752.495839 310.058028
838.458487 303.583059
930.077671 296.724215
1027.893341 289.336194
1132.544539 281.586116
576.333890 407.392416
653.368987 404.063425
735.182640 400.692091
822.274133 397.039431
915.253878 393.101001
1014.695734 388.990566
1121.165190 384.481509
556.507817 496.173955
634.375850 495.531640
717.105585 495.030818
805.538409 494.295453
899.795382 493.626376
1000.894942 492.845222
1109.180299 492.183533
535.836880 588.305302
614.452777 590.561930
698.438188 593.115562
787.905027 595.686947
883.685676 598.608740
986.387669 601.582233
1096.675077 604.845152
514.369165 683.967883
593.995322 689.361064
678.976079 695.153307
769.737928 701.443170
866.833916 708.088549
971.325684 715.205496
1083.573490 722.913955
916.518999 307.120184
1026.944709 314.692926
1130.164270 321.758835
1227.015713 328.502853
1318.003190 334.855896
1403.744075 340.676503
1484.534055 346.333403
906.964842 427.173233
1015.860355 430.685813
1117.767159 434.094161
1213.451501 437.225260
1303.400930 440.216585
1388.247531 443.002126
1468.249464 445.644208
897.863279 543.087950
1005.093634 542.902879
1105.720826 542.684295
1200.231345 542.568803
1289.235873 542.459828
1373.221481 542.182891
1452.501905 542.139725
888.923280 655.113672
994.769122 651.342338
1093.991923 647.849137
1187.435310 644.604625
1275.456052 641.546785
1358.557343 638.571807
1437.170913 635.889639
880.377255 763.290834
984.703897 756.277672
1082.690909 749.712102
1174.920846 743.610236
1262.126249 737.718538
1344.338759 732.259556
1422.227371 726.976881
872.154281 868.035878
975.024959 857.978195
1071.697419 848.529472
1162.960151 839.634650
1249.135517 831.136268
1330.622280 823.185005
1407.801754 815.680824
864.125854 969.332344
965.464162 956.390264
1061.094939 944.159466
1151.272250 932.768195
1236.555609 921.851663
1317.201762 911.529605
1393.701236 901.881675
857.673444 86.774816
956.794598 100.052008
1050.217277 112.450238
1138.591501 124.353681
1222.162551 135.605403
1301.475978 146.210406
1376.729546 156.303103
868.145157 180.550724
969.090833 191.274601
1064.235813 201.410740
1153.959077 210.978491
1238.777000 220.092403
1319.031880 228.677256
1395.142950 236.729970
879.087788 278.580877
981.894871 286.564737
1078.677295 294.088068
1169.900373 301.266590
1255.937148 308.038522
1337.281508 314.280550
1414.420545 320.370737
890.587035 381.180995
995.403292 386.104512
1093.829379 390.797142
1186.428507 395.200546
1273.733806 399.445808
1356.239379 403.391014
1434.332789 407.171946
902.620571 488.566275
1009.366738 490.165861
1109.459553 491.818397
1203.587521 493.391616
1292.340011 494.722135
1375.971904 496.121885
1454.998212 497.375124
915.334342 601.161945
1024.039610 599.211837
1126.017568 597.488593
1221.658173 595.818120
1311.692436 594.205018
1396.577208 592.684861
1476.642972 591.319121
928.523302 719.322886
1039.319251 713.476531
1143.261448 707.882297
1240.543064 702.845126
1331.937834 697.933745
1417.922628 693.352839
1499.013664 689.109423
686.216327 68.541463
794.641043 71.891453
901.645180 75.135681
1007.383142 78.468973
1111.797218 81.678941
1215.006669 84.894737
1316.918507 88.123315
683.434922 167.256746
793.537469 170.044695
902.213957 172.730195
1009.659261 175.477893
1115.662582 178.152900
1220.353145 180.861820
1323.667555 183.510888
680.561012 269.216488
792.383865 271.339463
902.777341 273.455612
1011.924083 275.576053
1119.577128 277.676696
1225.791812 279.708194
1330.693397 281.828182
677.601464 374.404683
791.285050 375.823407
903.445958 377.310053
1014.222552 378.763976
1123.545655 380.234697
1231.397461 381.712029
1337.885594 383.146407
674.599639 483.086863
790.122658 483.772193
904.010691 484.602271
1016.589791 485.353550
1127.673148 486.102424
1237.190851 486.904809
1345.223828 487.683854
671.513402 595.346558
788.809795 595.357564
904.758098 595.418719
1019.073369 595.441030
1131.891800 595.499361
1243.222762 595.537062
1352.972594 595.626692
668.266473 711.453286
787.550836 710.610738
905.436551 709.824530
1021.690162 709.142099
1136.295598 708.423583
1249.300174 707.710062
1360.821112 707.049548
588.036617 378.128331
698.193571 376.735247
810.614158 375.399727
925.713736 373.970310
1043.317681 372.557552
1163.523595 371.099146
1286.294353 369.558269
597.061854 488.702965
705.403018 488.535205
815.963619 488.434884
928.966203 488.261058
1044.391768 487.982828
1162.399717 487.816549
1282.835597 487.645839
605.903589 595.553678
712.421303 596.440722
821.086505 597.351405
932.103637 598.312762
1045.540380 599.251551
1161.364469 600.211855
1279.592459 601.281400
614.390984 698.630042
719.224357 700.524630
826.005416 702.525261
935.144681 704.576368
1046.580048 706.570900
1160.295488 708.648124
1276.386361 710.798299
622.672612 798.281754
725.787026 801.132961
830.876818 804.086685
938.102912 807.055557
1047.592412 810.127327
1159.305750 813.298654
1273.259898 816.492361
630.645728 894.758756
732.106083 898.493987
835.492720 902.293574
940.950242 906.185557
1048.550025 910.201690
1158.383314 914.323672
1270.347107 918.532403
638.385323 988.029492
738.204908 992.560238
839.965367 997.143282
943.751163 1001.996698
1049.492398 1006.871195
1157.418971 1011.814827
1267.492098 1016.987900
295.672564 375.484514
427.602738 380.818927
550.899306 385.706308
666.508513 390.441804
775.122240 394.907719
877.358748 398.947406
973.813680 402.842792
297.648911 492.267390
426.317289 493.639636
546.703816 495.002900
659.746589 496.212514
766.090433 497.394735
866.385197 498.402667
961.024312 499.454671
299.752141 603.211712
425.074353 601.076441
542.688606 598.994935
653.319534 597.124212
757.515826 595.353362
855.878685 593.561611
948.828581 591.972958
301.574060 708.805898
424.016340 703.393227
538.841566 698.289213
647.117719 693.577893
749.265588 689.107604
845.745445 684.775282
937.091799 680.812569
303.444608 809.237195
422.865540 801.023810
535.273358 793.159427
641.165905 785.842880
741.428360 778.844170
836.051160 772.337498
925.782491 766.045768
305.190420 905.256657
421.922355 894.346411
531.772069 884.000774
635.643904 874.268512
733.834157 864.961887
826.853323 856.227788
915.067668 847.980474
306.894084 996.831444
420.817690 983.497614
528.498305 970.792139
630.208698 958.911479
726.593806 947.587908
817.883140 936.836969
904.671223 926.725204
305.806900 154.866264
427.327351 166.883783
541.457483 178.037751
649.031923 188.725877
750.549571 198.800682
846.541625 208.245378
937.419637 217.226704
305.041676 264.694220
427.482902 273.355924
542.429348 281.498039
650.676837 289.167456
752.805233 296.448930
849.308238 303.283264
940.634593 309.765065
304.337936 376.125890
427.563273 381.395766
543.324955 386.314341
652.332883 391.051230
755.061387 395.439941
852.103314 399.513689
943.952560 403.454606
303.513770 489.354747
427.762641 491.026509
544.284139 492.628155
653.962521 494.188439
757.330107 495.698522
854.915140 497.001268
947.262116 498.346485
302.779272 604.136907
427.879961 602.215924
545.182676 600.464699
655.559369 598.853650
759.623148 597.241382
857.755219 595.825667
950.554597 594.388404
302.073003 720.772237
428.033158 715.165064
546.189919 709.889006
657.351644 704.966932
761.968175 700.245466
860.711047 695.860118
954.012970 691.700771
301.359298 839.136063
428.177957 829.746657
547.281566 820.737081
659.069246 812.481739
764.426137 804.574970
863.601672 797.169479
957.405675 790.226220
312.298277 93.888449
426.950182 106.983404
534.988092 119.179196
637.193632 130.920271
733.900875 141.989226
825.652284 152.419171
912.711440 162.354996
310.822300 187.492032
427.896871 198.015917
538.210446 207.957352
642.317886 217.346460
740.787047 226.267903
834.033173 234.700039
922.445798 242.681906
309.211624 285.246160
428.827712 293.088430
541.411663 300.433398
647.702016 307.412039
747.932078 314.009226
842.773637 320.139324
932.682111 326.081492
307.447310 387.605190
429.919539 392.389724
544.889074 396.886726
653.190199 401.153084
755.332777 405.272015
851.860159 409.077453
943.299852 412.718994
305.685835 494.756603
430.922751 496.256327
548.345800 497.725075
658.888077 499.116512
763.050416 500.373493
861.303612 501.627784
954.186970 502.756309
303.940663 607.085089
431.999793 604.999475
552.184215 603.123791
664.973793 601.339251
771.111344 599.568825
871.248955 597.981908
965.709333 596.462908
301.997386 724.951888
433.132279 718.957135
556.125562 713.207037
671.310740 708.038938
779.546426 703.061700
881.399440 698.393121
977.540128 694.017093
91.034022 24.134231
229.268130 33.874394
360.727543 41.690391
489.313669 50.360819
613.321035 58.241842
733.569918 65.928755
849.840363 73.229503
97.628527 153.239527
233.104734 159.766381
364.053779 166.155860
490.840016 172.272323
613.683170 178.181193
732.740520 183.919980
848.091378 189.552969
103.647094 279.226275
237.444712 283.642191
367.033707 287.922573
492.626907 292.084989
614.273301 296.106682
732.174110 299.919089
846.468800 303.720540
109.196967 402.688789
241.817048 405.026984
370.008068 407.321701
494.304679 409.547633
614.788725 411.730777
731.544301 413.769542
844.862734 415.852526
114.848288 523.584709
245.972321 524.044820
372.961973 524.468068
495.945188 524.867030
615.324704 525.186434
730.967100 525.615337
843.204141 525.930722
120.422961 642.248471
250.125234 640.795239
375.836091 639.410650
497.656301 638.042819
615.842530 636.615458
730.484307 635.311155
841.691294 634.067595
125.908416 758.510686
254.211938 755.218484
378.704481 751.985520
499.313225 749.003563
616.372899 745.926637
729.923103 743.004704
840.127513 740.285145
135.966795 207.924215
284.052458 216.870937
424.147700 225.305821
557.169246 233.370204
683.393513 241.077337
803.355628 248.243550
917.599416 255.120741
150.883527 337.105366
293.311825 342.355859
428.292865 347.429468
556.479757 352.071592
678.427062 356.546127
794.602945 360.749191
905.308664 364.810963
165.039195 457.076089
301.902171 459.110315
432.040917 460.972456
555.862125 462.768887
673.856827 464.498360
786.427990 466.050704
893.830900 467.555811
178.018986 568.681949
310.019373 567.852288
435.473548 567.038754
555.282103 566.312069
669.564458 565.597888
778.676518 564.786976
883.051288 564.190514
190.192805 672.587500
317.513769 669.426141
438.902633 666.218985
554.638207 663.281819
665.552771 660.396219
771.374031 657.718883
872.839575 655.079237
201.657566 769.929764
324.623142 764.560484
441.922099 759.380810
554.219449 754.451506
661.678297 749.631117
764.659891 745.147797
863.329015 740.855263
212.451557 861.042476
331.169303 853.771062
444.898301 846.775554
553.741993 840.196989
658.136430 833.756260
758.165202 827.596096
854.272583 821.794763
116.685428 278.287577
241.167997 280.531461
363.684080 282.691314
484.640390 284.982455
603.932782 287.127278
721.668973 289.246909
837.707125 291.383743
110.223451 394.937041
235.797043 396.340890
359.410942 397.787109
481.361907 399.255897
601.707078 400.621189
720.337795 402.001606
837.247186 403.370546
103.774216 513.566583
230.294724 514.164123
355.016640 514.807654
478.112869 515.433476
599.377799 515.983821
718.916567 516.486122
836.805707 517.116353
97.099774 634.219394
224.935582 633.916101
350.704161 633.652471
474.719935 633.426231
596.969476 633.147536
717.495195 632.876377
836.366816 632.699975
90.386914 756.820350
219.283087 755.631015
346.144600 754.564842
471.240103 753.425457
594.526978 752.246405
716.071596 751.188682
835.797375 750.163180
83.707572 881.646629
213.629321 879.470807
341.617919 877.497296
467.745024 875.483743
592.113351 873.420973
714.685478 871.443990
835.427063 869.509939
76.658766 1008.510248
207.855965 1005.344257
337.078907 1002.339133
464.293608 999.544805
589.603135 996.562917
713.196029 993.661350
834.936184 990.834965
242.122340 168.917652
363.618033 177.578211
479.573901 185.693953
590.497321 193.671247
696.694879 201.203890
798.567281 208.428062
896.238086 215.343174
232.500221 262.433227
357.917652 269.078348
477.604505 275.457686
591.875330 281.559491
701.207960 287.442248
805.794639 293.001194
905.968000 298.314743
222.127842 362.042760
351.836404 366.553244
475.381189 370.824184
593.380224 374.935168
705.888226 378.854238
813.436615 382.512068
916.387860 386.148291
211.022835 468.617721
345.491854 470.543141
473.223980 472.408848
594.840039 474.139783
710.809997 475.939086
821.525147 477.537320
927.378748 479.152382
199.207694 582.707012
338.482432 581.675786
470.616210 580.875983
596.413229 580.042593
716.106308 579.204376
830.129010 578.503043
938.919452 577.819995
186.600087 705.113412
331.003242 700.800232
468.173967 696.870717
598.139812 693.051940
721.780786 689.392569
839.335794 686.010912
951.385523 682.748120
172.885768 836.834510
323.080021 828.805390
465.440847 821.101561
600.032984 813.921474
727.785860 807.025312
849.076519 800.573633
964.483347 794.453872
997.002119 412.051744
1089.983305 408.427874
1188.861528 404.795150
1294.551561 400.756937
1407.360704 396.571299
1528.274902 391.946400
1658.132988 386.973481
1008.682609 504.522446
1100.132740 503.945993
1197.193018 503.358416
1300.761002 502.669361
1411.165207 501.893333
1529.377427 501.118310
1656.101314 500.326778
1019.939950 593.568098
1109.830113 595.563003
1205.236718 597.732082
1306.678617 600.046809
1414.929070 602.593926
1530.469878 605.165014
1654.265616 608.079624
1030.748479 678.938606
1119.148440 683.419011
1212.858708 688.280205
1312.470903 693.416885
1418.502003 698.776257
1531.522843 704.637428
1652.376703 710.823362
1041.215970 761.135691
1128.188177 767.949104
1220.280541 775.185503
1318.007901 782.775623
1421.898349 790.965551
1532.558369 799.656492
1650.635128 808.962823
1051.208872 840.297940
1136.759620 849.237291
1227.295746 858.667469
1323.222269 868.632078
1425.101513 879.308096
1533.450717 890.631174
1648.895549 902.713950
1060.886168 916.535702
1145.061308 927.307273
1234.036931 938.795076
1328.317597 951.008549
1428.146353 963.950662
1534.262773 977.615759
1647.259183 992.286194
1039.339145 235.834196
1127.766956 227.469790
1221.466830 218.725587
1321.140154 209.432729
1427.071023 199.527157
1540.159651 188.995970
1660.992909 177.691617
1035.553863 325.242393
1124.376468 319.586851
1218.517640 313.529143
1318.660956 307.170941
1425.228705 300.303941
1538.969505 293.079286
1660.531417 285.387583
1031.729520 415.859303
1120.940133 412.748104
1215.573498 409.544624
1316.193523 406.102532
1423.403482 402.526525
1537.740300 398.561179
1660.165876 394.535382
1027.853357 507.322585
1117.478213 506.933725
1212.562301 506.672117
1313.687915 506.363201
1421.468479 505.941530
1536.530513 505.594392
1659.727643 505.135823
1024.016038 599.883144
1114.033177 602.293152
1209.509879 604.975043
1311.209812 607.705532
1419.523695 610.712510
1535.323936 613.846672
1659.288425 617.327947
1020.051268 693.519659
1110.381608 698.832510
1206.439041 704.499618
1308.533901 710.412656
1417.551689 716.885945
1534.069251 723.746124
1658.829548 731.141033
1016.074620 788.196083
1106.825223 796.313860
1203.320301 805.064776
1306.054197 814.423609
1415.583393 824.362340
1532.834540 835.024296
1658.395100 846.514388
1069.205540 182.807068
1154.271169 173.482359
1244.158486 163.731305
1339.490518 153.424696
1440.488358 142.466451
1547.993010 130.822027
1662.404494 118.414579
1059.291368 260.965389
1145.546587 253.826547
1236.842730 246.178797
1333.699714 238.172297
1436.577626 229.553546
1546.026487 220.502489
1662.676386 210.883715
1048.982409 342.002112
1136.529295 336.990508
1229.282543 331.770293
1327.756338 326.170187
1432.478112 320.282258
1543.977193 313.873605
1663.140581 307.261791
1038.339305 425.868540
1127.200435 423.191059
1221.441940 420.541578
1321.547824 417.626179
1428.153842 414.515136
1541.888473 411.318177
1663.504821 407.747100
1027.354150 512.849032
1117.552024 512.763560
1213.178835 512.824553
1315.153252 512.730080
1423.685377 512.761417
1539.774549 512.723146
1663.938302 512.817473
1015.911123 603.009416
1107.338615 605.742704
1204.748049 608.734950
1308.314013 611.776545
1419.003259 615.204795
1537.422700 618.731207
1664.305397 622.596130
1004.038334 696.580494
1096.969569 702.273451
1195.869661 708.386617
1301.416768 714.935517
1414.108234 721.895683
1535.044148 729.376049
1664.776424 737.435959
1148.422158 257.709499
1239.263284 252.164756
1334.058182 246.411763
1433.306809 240.475210
1537.041357 234.220202
1646.022701 227.654416
1760.264658 220.757314
1140.737124 334.080066
1233.661688 330.178269
1330.804470 326.046845
1432.608611 321.819314
1539.243565 317.306259
1651.166804 312.660977
1768.755849 307.750041
1132.586090 414.431336
1227.791076 412.201172
1327.409744 409.966976
1431.901959 407.599799
1541.473038 405.168443
1656.616322 402.486387
1777.885630 399.864210
1124.117164 498.918724
1221.623175 498.600368
1323.828617 498.442206
1431.095402 498.166286
1543.753558 497.943078
1662.408763 497.768540
1787.410327 497.450557
1115.176824 587.928361
1215.151692 589.736818
1319.903316 591.889692
1430.305986 593.965061
1546.213049 596.271631
1668.683273 598.627487
1797.591287 601.210420
1105.745168 681.796817
1208.118930 686.099522
1315.940295 690.724479
1429.282626 695.452569
1548.803625 700.631235
1675.158906 705.989412
1808.498962 711.629065
1095.709531 780.949894
1200.847502 787.920734
1311.586330 795.308130
1428.471303 803.170402
1551.560586 811.470052
1682.014913 820.193663
1820.064254 829.485323
1151.681959 377.988664
1257.032889 375.642157
1366.000580 373.338333
1479.002939 370.944569
1596.033870 368.500138
1717.551476 365.889600
1843.640229 363.234692
1151.238014 479.570004
1256.426518 479.107342
1365.387681 478.568694
1478.235584 478.088058
1595.084732 477.531290
1716.469067 476.996595
1842.483466 476.544853
1150.757814 581.114168
1255.817065 582.367359
1364.722722 583.676890
1477.390124 585.010658
1594.198334 586.500328
1715.417737 587.852477
1841.412361 589.492389
1150.318804 682.359420
1255.331310 685.326013
1364.011709 688.501035
1476.591977 691.746730
1593.288870 695.088070
1714.314159 698.568779
1839.902917 702.142722
1149.930807 783.445484
1254.784301 788.161717
1363.321577 793.114451
1475.794389 798.221107
1592.341642 803.579715
1713.312779 809.055615
1838.685379 814.823152
1149.479250 884.336700
1254.206516 890.844750
1362.689260 897.579774
1474.932330 904.595479
1591.309406 911.889058
1712.162121 919.388355
1837.411785 927.200231
1149.060780 984.940206
1253.619551 993.162969
1361.940620 1001.720808
1474.174361 1010.670246
1590.285528 1019.633039
1710.956646 1029.221608
1836.400312 1039.550092
1079.445455 257.510459
1185.888616 250.334717
1297.965330 242.967311
1416.456408 235.076798
1541.452105 226.828497
1673.696253 218.001620
1813.943000 208.646933
1089.422522 358.488330
1192.993320 354.264650
1301.784004 349.769709
1416.535333 345.001921
1537.402144 339.924699
1665.171633 334.638040
1800.309504 329.058024
1098.967296 453.946965
1199.692092 452.087811
1305.473744 450.132154
1416.634945 448.054205
1533.754585 445.997983
1657.232226 443.677322
1787.671869 441.328347
1107.894722 543.926688
1205.987019 544.259476
1308.787097 544.700357
1416.822036 545.160853
1530.366368 545.514964
1649.796282 545.958513
1775.744926 546.400549
1116.460537 629.049730
1212.004604 631.396878
1312.075391 633.842561
1416.963589 636.367892
1527.164896 639.095326
1642.890577 641.924277
1764.667822 644.873469
1124.455506 709.791724
1217.642951 713.930748
1315.041596 718.161242
1417.049118 722.604639
1523.986669 727.349612
1636.323267 732.247065
1754.213555 737.427134
1132.121456 786.379777
1222.940237 791.978274
1317.849368 797.857572
1417.184508 804.104582
1521.092440 810.613995
1630.096659 817.357536
1744.465076 824.539931
1140.855809 88.132990
1249.491141 80.433108
1362.059575 72.574213
1479.080114 64.430563
1600.025347 55.917632
1726.045780 47.154686
1857.078326 37.258710
1141.562822 195.342853
1249.252981 189.741936
1360.833326 183.826900
1476.620909 177.790629
1596.580706 171.466842
1721.250824 164.949917
1850.500752 158.161185
1142.206952 300.930948
1249.008919 297.115694
1359.701908 293.221148
1474.337105 289.137128
1593.163956 285.058286
1716.570438 280.613749
1844.878482 276.205090
1142.870668 404.564896
1248.769828 402.601026
1358.426916 400.658976
1472.046494 398.639990
1589.779000 396.480120
1712.005259 394.280589
1838.790273 391.964140
1143.622896 506.487525
1248.604328 506.347712
1357.282959 506.202787
1469.830907 506.046998
1586.498581 505.982849
1707.562836 505.800330
1833.100196 505.640578
1144.236147 606.784462
1248.300322 608.386976
1356.085754 609.977427
1467.579612 611.705295
1583.138727 613.561570
1703.101512 615.362937
1827.477812 617.296758
1144.885388 705.355619
1248.064964 708.536875
1354.870313 711.891504
1465.487793 715.462800
1579.950921 719.129161
1698.667642 722.809780
1821.880282 726.806082
