504.897287 401.821953
584.513083 397.752195
669.358282 393.604545
760.171664 389.114057
857.290742 384.351869
961.724570 379.160475
1074.109085 373.571948
527.055067 496.869463
605.716692 496.003220
689.354287 495.109987
778.720319 494.156078
874.213673 492.972169
976.732680 491.842460
1086.830535 490.676654
548.417726 588.196569
626.015117 590.070442
708.547113 592.146960
796.471540 594.308040
890.449817 596.705216
991.028607 599.119247
1098.911987 601.866618
568.863600 675.727281
645.507813 680.241216
726.863535 685.103806
813.493092 690.333210
905.926958 695.733557
1004.698542 701.544552
1110.384377 707.801196
588.571644 759.907284
664.271420 766.858439
744.571757 774.231678
829.879369 782.025037
920.758812 790.369485
1017.744063 799.228844
1121.352233 808.758735
607.484181 840.962443
682.227996 850.120509
761.429914 859.816105
845.442472 870.032791
934.892147 880.978625
1030.169268 892.649639
1131.810954 905.133722
625.709584 918.914019
699.518683 930.041062
777.573199 941.850510
860.461884 954.394591
948.437217 967.732493
1042.043046 981.912513
1141.852466 997.111778
631.866046 159.895005
706.360813 149.621810
785.209153 138.855073
868.915301 127.478670
957.817038 115.281243
1052.689572 102.320415
1153.719616 88.546021
613.981101 239.418144
689.294201 231.390633
769.082114 222.858072
853.869340 213.823715
944.233469 204.127181
1040.566673 193.937656
1143.343314 183.025422
595.441552 321.972613
671.655303 316.163923
752.434754 310.096995
838.393209 303.611152
930.008894 296.738981
1027.835743 289.336188
1132.489535 281.588286
576.287280 407.441676
653.322582 404.107458
735.131023 400.727516
822.220261 397.065562
915.198329 393.116441
1014.645908 388.990018
1121.113897 384.475553
556.460996 496.227434
634.331042 495.577866
717.059353 495.067628
805.488876 494.324915
899.746214 493.646733
1000.850460 492.846063
1109.130053 492.174669
535.789709 588.362580
614.410036 590.609520
698.395372 593.156371
787.859759 595.720646
883.641958 598.635795
986.352088 601.586288
1096.626146 604.834881
514.321942 684.034022
593.955071 689.415675
678.936788 695.200838
769.696609 701.483915
866.795371 708.122160
971.298795 715.217567
1083.530936 722.906280
916.454231 307.137147
1026.888709 314.692943
1130.109923 321.757457
1226.950918 328.501457
1317.927236 334.851818
1403.659443 340.668176
1484.443246 346.327923
906.911999 427.189982
1015.812205 430.684355
1117.716399 434.086634
1213.389520 437.215569
1303.328126 440.204370
1388.164825 442.983912
1468.153910 445.626615
897.817449 543.110297
1005.052667 542.903320
1105.670981 542.674991
1200.172062 542.553219
1289.165576 542.440384
1373.140502 542.155980
1452.407829 542.108194
888.884717 655.142257
994.737202 651.345508
1093.943496 647.838910
1187.378230 644.585183
1275.387064 641.520963
1358.477888 638.538672
1437.078411 635.848185
880.343616 763.329590
984.680364 756.290487
1082.648263 749.706418
1174.866234 743.590931
1262.058285 737.688201
1344.262088 732.220914
1422.136594 726.927408
872.105296 868.101833
974.984939 858.025329
1071.644344 848.552850
1162.895353 839.645297
1249.057851 831.125276
1330.534816 823.159197
1407.701044 815.632470
864.063381 969.419200
965.400874 956.475989
1061.034698 944.223194
1151.211655 932.816764
1236.488358 921.876537
1317.127665 911.536605
1393.617011 901.862761
857.582489 86.845453
956.698675 100.109074
1050.125991 112.486401
1138.510521 124.370224
1222.080360 135.611618
1301.395556 146.214777
1376.654530 156.306404
868.064358 180.595099
969.014484 191.300956
1064.177922 201.422416
1153.906438 210.985254
1238.720125 220.099107
1318.967711 228.682246
1395.073700 236.734009
879.016090 278.605869
981.829833 286.571589
1078.624654 294.086136
1169.841559 301.266398
1255.868318 308.039248
1337.202578 314.277796
1414.334253 320.364240
890.530350 381.199807
995.352402 386.105868
1093.778947 390.791022
1186.369133 395.194191
1273.663575 399.437772
1356.160032 403.377955
1434.242944 407.155043
902.572501 488.585770
1009.321698 490.164877
1109.408085 491.809634
1203.527959 493.379593
1292.268689 494.706911
1375.890877 496.098734
1454.903984 497.348783
915.294829 601.183039
1024.000658 599.208927
1125.966504 597.475474
1221.595996 595.798150
1311.618751 594.179815
1396.492620 592.650691
1476.544329 591.281464
928.492358 719.346516
1039.285097 713.474176
1143.209407 707.866389
1240.477298 702.818192
1331.861252 697.899123
1417.833555 693.306141
1498.910924 689.057356
686.140795 68.617921
794.555094 71.967178
901.547954 75.203222
1007.283283 78.519186
1111.714512 81.703209
1214.919515 84.905235
1316.825180 88.130379
683.363571 167.332162
793.460838 170.103062
902.131630 172.771863
1009.584669 175.505908
1115.603554 178.164021
1220.290409 180.868587
1323.601037 183.515503
680.496361 269.274153
792.314692 271.379637
902.705148 273.477180
1011.862216 275.579752
1119.523146 277.678309
1225.727681 279.711682
1330.617997 281.828804
677.552326 374.446805
791.229809 375.853598
903.389031 377.326527
1014.171192 378.763303
1123.494126 380.228640
1231.333515 381.706751
1337.808903 383.136654
674.554053 483.129153
790.073578 483.802891
903.961415 484.621177
1016.543855 485.351275
1127.622180 486.092653
1237.126219 486.891260
1345.146000 487.663470
671.471242 595.389396
788.764700 595.392746
904.717314 595.441244
1019.033792 595.440053
1131.839408 595.485991
1243.156771 595.515932
1352.894084 595.597641
668.227722 711.501140
787.510786 710.650761
905.403031 709.853381
1021.657854 709.142060
1136.244377 708.408570
1249.233383 707.681566
1360.741051 707.008924
587.988085 378.178514
698.142153 376.774702
810.557907 375.428115
925.658986 373.984364
1043.267174 372.554174
1163.466890 371.094491
1286.223225 369.552348
597.017999 488.751850
705.356439 488.573620
815.914035 488.463457
928.919669 488.276248
1044.345309 487.978267
1162.344559 487.805512
1282.764724 487.630699
605.861534 595.602788
712.378147 596.480577
821.041685 597.383202
932.064084 598.329943
1045.497305 599.246236
1161.310670 600.197086
1279.521913 601.258201
614.351566 698.681972
719.184278 700.569398
825.965416 702.562107
935.113791 704.596692
1046.543026 706.566069
1160.240995 708.629622
1276.316657 710.767512
622.630704 798.339929
725.746002 801.187419
830.837555 804.136490
938.073092 807.093263
1047.551760 810.139387
1159.241761 813.297573
1273.180361 816.472407
630.593975 894.827979
732.053586 898.565539
835.436600 902.369219
940.893930 906.259736
1048.491556 910.252481
1158.321928 914.363809
1270.276681 918.550203
638.325264 988.097400
738.144173 992.634347
839.901899 997.228398
943.685484 1002.086760
1049.429825 1006.969226
1157.365159 1011.909082
1267.438843 1017.053146
295.616992 375.568600
427.543284 380.886477
550.851310 385.757253
666.460040 390.484457
775.068318 394.938148
877.303476 398.968997
973.763142 402.848389
297.597318 492.347806
426.259374 493.707438
546.657697 495.055754
659.702194 496.256516
766.043025 497.426907
866.334082 498.428008
960.979792 499.462626
299.704620 603.289502
425.020242 601.145150
542.644115 599.052666
653.278189 597.169512
757.471771 595.389546
855.832727 593.590849
948.789639 591.986113
301.528405 708.882619
423.967392 703.462655
538.797911 698.350521
647.079169 693.627261
749.225060 689.147972
845.704718 684.809144
937.058662 680.832496
303.401576 809.316363
422.817460 801.095634
535.227201 793.223043
641.126239 785.898211
741.388740 778.893469
836.013310 772.380464
925.754802 766.076115
305.146735 905.339639
421.876181 894.426796
531.722672 884.074443
635.594903 874.335049
733.786527 865.028013
826.805934 856.292036
915.027452 848.036960
306.841368 996.895365
420.761063 983.566316
528.440602 970.861427
630.147624 958.980571
726.532110 947.663814
817.820794 936.918908
904.610099 926.808011
305.737498 154.990707
427.248458 166.985442
541.374660 178.121681
648.961727 188.801493
750.475541 198.858504
846.464148 208.287777
937.343506 217.252034
304.980359 264.796250
427.412547 273.441013
542.361684 281.566588
650.616631 289.226319
752.743112 296.492284
849.241151 303.312004
940.571064 309.777744
304.283171 376.209332
427.503408 381.464625
543.275976 386.365448
652.284942 391.095813
755.009706 395.473212
852.048762 399.538243
943.900577 403.464920
303.462334 489.434294
427.705003 491.094077
544.237012 492.680233
653.917591 494.232650
757.282050 495.731478
854.865006 497.026315
947.217596 498.358042
302.731248 604.215436
427.825179 602.284096
545.138098 600.520302
655.516991 598.898158
759.578697 597.277452
857.709433 595.855362
950.516795 594.402176
302.028113 720.850218
427.983372 715.235447
546.145377 709.950540
657.312185 705.016210
761.928696 700.285119
860.671437 695.894422
953.983031 691.716658
301.315655 839.217100
428.130149 829.821205
547.235410 820.802339
659.027712 812.540213
764.386096 804.628270
863.563092 797.216447
957.378986 790.253609
312.227106 94.021880
426.867332 107.093995
534.900299 119.270062
637.119076 131.005607
733.826628 142.060399
825.573230 152.479250
912.630226 162.397550
310.752982 187.609608
427.819300 198.112793
538.130565 208.038841
642.248030 217.420785
740.715382 226.323118
833.956785 234.740173
922.370387 242.704292
309.150673 285.342534
428.759858 293.167322
541.349673 300.496537
647.645519 307.467486
747.872686 314.048450
842.710205 320.166634
932.621090 326.094107
307.391781 387.687878
429.859214 392.457877
544.840575 396.937215
653.142524 401.197627
755.281903 405.304881
851.805976 409.101623
943.248348 412.729958
305.633933 494.836904
430.864400 496.323622
548.299231 497.777647
658.843607 499.160575
763.003085 500.405970
861.253335 501.653018
954.143267 502.766634
303.891698 607.162968
431.945072 605.067124
552.139547 603.179111
664.931491 601.383364
771.067417 599.604267
871.204998 598.010623
965.673551 596.472450
301.952755 725.028685
433.082773 719.028427
556.082953 713.267121
671.271533 708.087269
779.505751 703.101188
881.362429 698.424912
977.512585 694.026165
91.010021 24.206574
229.225014 33.975486
360.655323 41.797738
489.231529 50.427245
613.239263 58.311630
733.494102 66.001007
849.748148 73.303533
97.572941 153.292636
233.041902 159.884901
363.979191 166.268744
490.757516 172.362845
613.607576 178.260840
732.667110 183.983839
848.011885 189.600273
103.601611 279.301454
237.387793 283.738859
366.968058 288.011759
492.559181 292.155356
614.214388 296.167044
732.112291 299.962788
846.402169 303.748475
109.153872 402.765189
241.766577 405.112102
369.949220 407.396930
494.250725 409.602938
614.741621 411.777225
731.493245 413.804563
844.808162 415.877482
114.810872 523.668255
245.924242 524.127120
372.905917 524.541331
495.893220 524.926945
615.280655 525.233710
730.921155 525.651785
843.156415 525.958679
120.389506 642.335318
250.080795 640.876188
375.783906 639.482823
497.606779 638.106613
615.801936 636.664361
730.442037 635.350704
841.648659 634.100036
125.880837 758.602197
254.170650 755.299166
378.655858 752.058353
499.265759 749.070861
616.334271 745.980785
729.884189 743.050603
840.089580 740.324798
135.912651 208.001506
283.988800 216.984036
424.072280 225.401044
557.094909 233.446029
683.327150 241.140588
803.285102 248.286630
917.525267 255.142444
150.834851 337.187812
293.254905 342.442018
428.230569 347.497930
556.427481 352.123649
678.376169 356.589652
794.546133 360.779319
905.251574 364.827034
164.993159 457.159904
301.847706 459.191084
431.982696 461.038772
555.815690 462.819971
673.811085 464.540209
786.378001 466.081832
893.779194 467.575796
177.976733 568.767693
309.968695 567.929105
435.417680 567.105765
555.237070 566.366981
669.521022 565.640936
778.630276 564.820530
883.005161 564.215808
190.152882 672.672097
317.466360 669.502015
438.851270 666.288251
554.595209 663.339147
665.511416 660.441199
771.331446 657.756948
872.798617 655.108796
201.619567 770.014502
324.578299 764.636022
441.874265 759.451151
554.175991 754.513206
661.641324 749.682395
764.621446 745.191418
863.291574 740.892080
212.414882 861.132906
331.123141 853.852681
444.850535 846.850747
553.695234 840.264174
658.091135 833.818427
758.122435 827.654266
854.231780 821.848115
116.639194 278.366335
241.112837 280.632169
363.618098 282.782091
484.571253 285.055831
603.871689 287.191735
721.606576 289.294836
837.639524 291.415537
110.182503 395.013599
235.745997 396.426867
359.351898 397.864567
481.307381 399.313984
601.659962 400.669599
720.287770 402.038152
837.192562 403.395771
103.738802 513.647846
230.245940 514.247118
354.961269 514.882124
478.059706 515.495517
599.333880 516.032680
718.869784 516.523565
836.756075 517.144571
97.070316 634.305850
224.891382 633.998396
350.653542 633.725391
474.668674 633.491548
596.927617 633.198725
717.452829 632.918310
836.323570 632.733613
90.366060 756.910397
219.243375 755.714575
346.098810 754.639003
471.191495 753.494277
594.484895 752.303597
716.031550 751.236218
835.758652 750.203280
83.708867 881.755790
213.596920 879.561222
341.572837 877.578342
467.696295 875.559951
592.065060 873.487979
714.635601 871.509725
835.376587 869.577351
76.718615 1008.587410
207.852186 1005.411213
337.026184 1002.405712
464.241894 999.615055
589.547536 996.629065
713.136074 993.733400
834.874093 990.919930
242.059462 169.038372
363.545307 177.688574
479.492482 185.783604
590.421462 193.749415
696.622703 201.269675
798.492104 208.477660
896.158977 215.373805
232.443906 262.536749
357.852455 269.172656
477.533130 275.534471
591.812209 281.625542
701.146441 287.494153
805.729685 293.037621
905.900812 298.334139
222.077304 362.129725
351.777423 366.632419
475.324321 370.882643
593.333552 374.983812
705.837434 378.891770
813.381928 382.539710
916.332373 386.162542
210.976515 468.702532
345.435361 470.619689
473.168146 472.470010
594.795595 474.188686
710.762791 475.976787
821.474975 477.564594
927.331012 479.166657
199.163434 582.791635
338.431124 581.750830
470.562955 580.940736
596.369542 580.092833
716.062229 579.243069
830.083360 578.533594
938.879177 577.835194
186.560742 705.198943
330.956682 700.875646
468.124886 696.940574
598.099676 693.107007
721.740974 689.435588
839.295229 686.045363
951.355388 682.763943
172.854526 836.929196
323.035182 828.885995
465.393629 821.174951
599.990142 813.982635
727.742260 807.080544
849.036030 800.624097
964.455569 794.481718
996.953153 412.053015
1089.933778 408.421973
1188.803150 404.787981
1294.480879 400.747118
1407.275134 396.557226
1528.180930 391.938889
1658.023125 386.967976
1008.639220 504.520573
1100.082414 503.936849
1197.132874 503.345724
1300.689084 502.651921
1411.078465 501.867536
1529.277912 501.095024
1655.981590 500.303886
1019.901722 593.565421
1109.780005 595.551428
1205.176365 597.714262
1306.605605 600.022539
1414.840675 602.557972
1530.364271 605.126223
1654.137025 608.041050
1030.713596 678.935617
1119.097922 683.405897
1212.797610 688.256824
1312.397769 693.383780
1418.412921 698.729741
1531.412270 704.583070
1652.237052 710.768511
1041.183112 761.136358
1128.134757 767.937645
1220.213033 775.163806
1317.926279 782.741533
1421.797853 790.912421
1532.434201 799.590232
1650.484611 808.884909
1051.164461 840.320831
1136.696193 849.254412
1227.223623 858.672738
1323.141001 868.623252
1425.008616 879.274100
1533.350428 890.583145
1648.777596 902.657986
1060.826468 916.583454
1145.001363 927.354259
1233.972186 938.824122
1328.249151 951.018845
1428.071280 963.924156
1534.178080 977.571809
1647.154864 992.227690
1039.282967 235.838539
1127.715287 227.474679
1221.411389 218.730150
1321.078376 209.436952
1427.019300 199.535444
1540.112141 189.012232
1660.931289 177.708900
1035.500833 325.238596
1124.323572 319.585655
1218.453238 313.528781
1318.585083 307.168380
1425.147734 300.303337
1538.889895 293.085924
1660.438917 285.394945
1031.680602 415.856965
1120.889385 412.741385
1215.512027 409.537137
1316.119399 406.091809
1423.316417 402.512139
1537.645429 398.553520
1660.054469 394.528337
1027.808292 507.319016
1117.427904 506.924770
1212.501395 506.658232
1313.614642 506.344058
1421.380822 505.915991
1536.428648 505.571461
1659.606060 505.112468
1023.977130 599.879250
1113.982317 602.280852
1209.448475 604.956128
1311.134771 607.679564
1419.434107 610.675425
1535.217561 613.806917
1659.156051 617.286496
1020.019523 693.518266
1110.332568 698.819770
1206.378413 704.476329
1308.460639 710.378982
1417.462624 716.836865
1533.956624 723.691750
1658.686276 731.082466
1016.046937 788.208191
1106.772901 796.313945
1203.253299 805.052121
1305.971797 814.399223
1415.483537 824.316425
1532.715484 834.962571
1658.250194 846.438065
1069.148289 182.820522
1154.210579 173.489015
1244.089289 163.736105
1339.412182 153.425582
1440.428935 142.481835
1547.933265 130.842576
1662.333742 118.438347
1059.235121 260.967124
1145.491657 253.832891
1236.781362 246.184094
1333.632679 238.174326
1436.517659 229.562686
1545.970651 220.517441
1662.607855 210.898263
1048.930809 341.997963
1136.475509 336.988316
1229.217529 331.769038
1327.679524 326.165530
1432.392332 320.277280
1543.889764 313.877544
1663.039561 307.266945
1038.289906 425.864057
1127.149122 423.183833
1221.379657 420.533195
1321.473086 417.614192
1428.065257 414.499308
1541.792452 411.309412
1663.390191 407.736922
1027.309295 512.845262
1117.501693 512.753699
1213.118145 512.809803
1315.079891 512.710931
1423.596248 512.734170
1539.673028 512.698837
1663.814981 512.791855
1015.873767 603.007601
1107.288623 605.732380
1204.687986 608.716663
1308.241864 611.750212
1418.913338 615.166253
1537.314124 618.690327
1664.172479 622.553840
1004.010005 696.582591
1096.922444 702.263230
1195.810373 708.364615
1301.344314 714.902331
1414.019756 721.847152
1534.930748 729.320397
1664.634722 737.375151
1148.366484 257.714891
1239.200769 252.170930
1333.987805 246.414622
1433.242514 240.482456
1536.980953 234.234791
1645.952679 227.666953
1760.190517 220.769588
1140.682785 334.077235
1233.594986 330.176952
1330.726873 326.043166
1432.522425 321.815321
1539.155269 317.310689
1651.068116 312.666752
1768.635934 307.757746
1132.534069 414.424299
1227.726457 412.192977
1327.333703 409.955425
1431.812759 407.585049
1541.377411 405.160052
1656.505163 402.477795
1777.746247 399.854871
1124.065896 498.910074
1221.560265 498.587561
1323.753248 498.423826
1431.006549 498.140072
1543.652169 497.921065
1662.287694 497.746215
1787.257095 497.420398
1115.126103 587.917091
1215.089669 589.718634
1319.829047 591.863502
1430.216043 593.928269
1546.103756 596.234699
1668.550353 598.588837
1797.424570 601.157479
1105.696903 681.785161
1208.057557 686.077096
1315.865516 690.691488
1429.192667 695.406225
1548.689000 700.578136
1675.015378 705.933551
1808.329063 711.557077
1095.661591 780.948410
1200.781952 787.906315
1311.502855 795.278449
1428.371413 803.119724
1551.434651 811.404475
1681.859809 820.114006
1819.892575 829.383955
1151.627533 377.982628
1256.966156 375.636354
1365.921133 373.327394
1478.910737 370.936800
1595.934908 368.498771
1717.429140 365.886851
1843.480708 363.236498
1151.184968 479.559451
1256.358870 479.094562
1365.308487 478.548933
1478.139800 478.066953
1594.977299 477.513970
1716.337566 476.975199
1842.311990 476.511685
1150.705148 581.099582
1255.749592 582.348024
1364.642018 583.646804
1477.292756 584.973997
1594.081142 586.466699
1715.273982 587.812577
1841.243367 589.439552
1150.265538 682.342452
1255.264315 685.299608
1363.930435 688.462323
1476.493526 691.695681
1593.166027 695.036859
1714.162055 698.510758
1839.742505 702.074119
1149.871712 783.437189
1254.709191 788.137953
1363.230158 793.074516
1475.682228 798.161819
1592.205488 803.509827
1713.143469 808.968247
1838.513597 814.723046
1149.417621 884.368374
1254.134570 890.856470
1362.605507 897.568931
1474.841168 904.557772
1591.205947 911.837686
1712.033126 919.321407
1837.262089 927.096447
1149.003627 985.020459
1253.561889 993.219281
1361.884898 1001.734043
1474.111877 1010.646559
1590.198005 1019.586086
1710.845132 1029.151400
1836.257286 1039.441570
1079.392316 257.512394
1185.830607 250.339578
1297.900590 242.970785
1416.393604 235.082284
1541.393067 226.843480
1673.624973 218.015014
1813.879166 208.677664
1089.371217 358.482993
1192.933660 354.259885
1301.710647 349.764828
1416.449195 344.995374
1537.310060 339.925002
1665.066607 334.640131
1800.173606 329.064879
1098.917945 453.939393
1199.631980 452.077017
1305.400984 450.118428
1416.547005 448.034795
1533.657168 445.982310
1657.115716 443.662844
1787.523372 441.309927
1107.843044 543.916995
1205.925713 544.244895
1308.713992 544.679374
1416.733463 545.132163
1530.262215 545.485792
1649.671521 545.928733
1775.589654 546.361035
1116.409592 629.037347
1211.943068 631.376630
1312.001573 633.814515
1416.872902 636.328905
1527.057068 639.052787
1642.760708 641.879812
1764.505779 644.816014
1124.404944 709.777310
1217.581111 713.905591
1314.966546 718.126360
1416.958603 722.555147
1523.876476 727.293647
1636.187260 732.190360
1754.047007 737.353839
1132.064534 786.371891
1222.868982 791.959007
1317.763744 797.825223
1417.081230 804.052390
1520.968785 810.547394
1629.949675 817.279202
1744.280316 824.435114
1140.774068 88.152143
1249.401276 80.441942
1361.975534 72.583688
1479.020629 64.450034
1599.963134 55.930934
1725.990516 47.162442
1857.058859 37.255773
1141.505008 195.351714
1249.189102 189.747383
1360.763599 183.832103
1476.574370 177.805781
1596.524536 171.485161
1721.188668 164.971885
1850.460171 158.207423
1142.151414 300.930956
1248.942538 297.116523
1359.625478 293.219090
1474.259220 289.140868
1593.081497 285.067133
1716.469812 280.622475
1844.767101 276.228521
1142.817955 404.557857
1248.702742 402.593117
1358.347363 400.645469
1471.954084 398.628152
1589.679990 396.473445
1711.882061 394.273250
1838.634436 391.959707
1143.569725 506.476944
1248.538043 506.333050
1357.203903 506.180352
1469.735942 506.020896
1586.390915 505.960308
1707.430640 505.773758
1832.933736 505.604492
1144.184544 606.770030
1248.233625 608.365890
1356.006361 609.947247
1467.483094 611.664896
1583.022841 613.522950
1702.960408 615.319314
1827.309613 617.238170
1144.833067 705.339649
1247.999700 708.509625
1354.792191 711.852665
1465.390813 715.410065
1579.827698 719.073843
1698.519298 722.749130
1821.714412 726.732668
