504.900765 401.813196
584.519784 397.746999
669.379487 393.603651
760.208849 389.120515
857.347734 384.364114
961.785559 379.184351
1074.164150 373.604054
527.061134 496.859790
605.729350 495.999223
689.382025 495.111512
778.762870 494.163421
874.274598 492.984300
976.793972 491.867036
1086.898032 490.705207
548.427815 588.186921
626.035844 590.066143
708.579690 592.147130
796.519489 594.312421
890.512485 596.714260
991.091786 599.142438
1098.992192 601.891652
568.879954 675.715874
645.534627 680.234094
726.901748 685.099798
813.546817 690.331441
905.988706 695.737812
1004.764258 701.562380
1110.475782 707.820765
588.594147 759.894808
664.304828 766.847008
744.615079 774.219020
829.937173 782.012563
920.821916 790.358992
1017.819708 799.224856
1121.462546 808.754510
607.516171 840.936931
682.268599 850.091836
761.478836 859.783983
845.509527 869.994442
934.971799 880.928001
1030.274142 892.598300
1131.936208 905.083598
625.764122 918.868514
699.584166 929.988739
777.647996 941.788456
860.553680 954.325996
948.543384 967.644686
1042.164708 981.811494
1141.981924 997.006703
631.892165 159.836371
706.397596 149.573457
785.257738 138.813862
868.976063 127.448068
957.895344 115.263666
1052.767008 102.337349
1153.782651 88.602836
614.011290 239.370876
689.337808 231.352385
769.139088 222.830985
853.942751 213.808331
944.317792 204.122912
1040.628787 193.955139
1143.394344 183.054667
595.452777 321.957686
671.680225 316.151984
752.475541 310.092763
838.453162 303.614506
930.083065 296.751910
1027.898492 289.363832
1132.544997 281.612532
576.293538 407.436315
653.340369 404.105620
735.163400 400.732974
822.270203 397.075265
915.260685 393.133472
1014.703776 389.019347
1121.168566 384.507895
556.468538 496.222248
634.349642 495.576290
717.091116 495.070113
805.538197 494.332954
899.808983 493.660564
1000.913343 492.872612
1109.197402 492.203713
535.799943 588.351142
614.429775 590.604977
698.427142 593.155612
787.906860 595.724802
883.704423 598.644216
986.414256 601.608818
1096.705492 604.859479
514.333312 684.013216
593.975826 689.405298
678.968467 695.194267
769.742973 701.479349
866.856892 708.121246
971.361598 715.229550
1083.617888 722.922579
916.522812 307.149528
1026.948568 314.722942
1130.165327 321.786227
1227.014279 328.522572
1318.003555 334.868297
1403.751108 340.682644
1484.556005 346.333242
906.973515 427.207243
1015.871597 430.713774
1117.776512 434.117649
1213.460474 437.242996
1303.411840 440.227345
1388.263313 443.008233
1468.276370 445.645562
897.879649 543.122589
1005.116156 542.929222
1105.743809 542.702847
1200.253866 542.581850
1289.259796 542.468187
1373.249391 542.186475
1452.536376 542.138556
888.946571 655.147407
994.800293 651.366167
1094.027847 647.860448
1187.470441 644.612538
1275.492984 641.550840
1358.596519 638.572022
1437.213702 635.888502
880.405485 763.323431
984.745084 756.297371
1082.738741 749.718407
1174.968420 743.612376
1262.175048 737.717525
1344.389712 732.256229
1422.280869 726.972363
872.175399 868.065367
975.060404 857.990441
1071.749520 848.528597
1163.017561 839.630942
1249.195482 831.129694
1330.685364 823.177909
1407.869142 815.673303
864.159468 969.350014
965.510117 956.391494
1061.158668 944.147283
1151.343103 932.755224
1236.629811 921.836880
1317.278751 911.515251
1393.781793 901.866740
857.637893 86.803738
956.775067 100.088444
1050.204002 112.499964
1138.576209 124.408875
1222.144066 135.649159
1301.455431 146.240441
1376.716121 156.320410
868.135837 180.574168
969.093376 191.299426
1064.233772 201.443396
1153.955633 211.007893
1238.773483 220.113069
1319.029779 228.692445
1395.146735 236.737363
879.088585 278.608814
981.901855 286.590662
1078.679547 294.115533
1169.899733 301.291467
1255.935072 308.055912
1337.282580 314.292855
1414.427451 320.376023
890.590612 381.213834
995.411061 386.133835
1093.834394 390.823655
1186.431853 395.221898
1273.738480 399.459327
1356.248317 403.399935
1434.348693 407.174273
902.633701 488.600415
1009.384659 490.192755
1109.476399 491.839712
1203.604250 493.407275
1292.358141 494.732549
1375.994068 496.127060
1455.027251 497.375261
915.356296 601.195201
1024.068597 599.233802
1126.048072 597.502132
1221.688222 595.826650
1311.724333 594.210021
1396.612471 592.684828
1476.683902 591.317734
928.554555 719.351762
1039.360300 713.490686
1143.304814 707.887082
1240.587151 702.847068
1331.983712 697.932495
1417.971430 693.348559
1499.067753 689.108399
686.162035 68.571304
794.596955 71.920437
901.611590 75.167353
1007.365099 78.516840
1111.777384 81.751849
1214.976990 84.964984
1316.872419 88.187430
683.400428 167.282734
793.517674 170.070204
902.206397 172.755267
1009.657287 175.511145
1115.655730 178.192914
1220.343287 180.892201
1323.657659 183.530875
680.531993 269.247689
792.371502 271.368575
902.780431 273.482050
1011.930354 275.603606
1119.578093 277.703744
1225.789888 279.728092
1330.693330 281.840893
677.573742 374.445528
791.273495 375.861156
903.450341 377.342817
1014.228827 378.792493
1123.549114 380.261486
1231.398916 381.730893
1337.891091 383.156735
674.577871 483.128774
790.118210 483.810884
904.023328 484.636144
1016.606295 485.379921
1127.689614 486.122971
1237.206634 486.918438
1345.243194 487.691491
671.498644 595.387237
788.811907 595.395926
904.778790 595.452607
1019.100498 595.464138
1131.920376 595.513920
1243.252740 595.545398
1353.006441 595.629100
668.258973 711.493574
787.560294 710.645733
905.464952 709.855804
1021.729242 709.159253
1136.338578 708.428868
1249.345954 707.710634
1360.869575 707.045911
587.996130 378.173580
698.168011 376.775373
810.606633 375.436413
925.719736 374.002466
1043.322403 372.586244
1163.524462 371.123434
1286.296372 369.571882
597.030094 488.748747
705.386186 488.575621
815.964672 488.472322
928.981364 488.294116
1044.408877 488.007875
1162.415330 487.835394
1282.852015 487.656211
605.880001 595.598267
712.411670 596.480181
821.094782 597.388625
932.126056 598.344154
1045.569192 599.271994
1161.395295 600.224363
1279.623563 601.286941
614.375423 698.672489
719.222198 700.563711
826.020546 702.559632
935.174923 704.604553
1046.619659 706.584683
1160.339023 708.652971
1276.431809 710.798687
622.661814 798.322757
725.787667 801.170060
830.894891 804.119367
938.136241 807.079957
1047.639726 810.133369
1159.359076 813.296432
1273.317698 816.486126
630.642557 894.787516
732.110391 898.521115
835.511531 902.319423
940.982851 906.198872
1048.608213 910.193769
1158.451177 914.312186
1270.422009 918.516993
638.414009 988.037870
738.237672 992.569054
840.005485 997.157312
943.801908 1001.989925
1049.555890 1006.851267
1157.495574 1011.795512
1267.583186 1016.965677
295.598976 375.523712
427.546338 380.856938
550.856014 385.751298
666.480197 390.482597
775.109686 394.945464
877.363019 398.981957
973.822234 402.874372
297.578909 492.311787
426.264400 493.681772
546.665880 495.048066
659.724599 496.255362
766.082952 497.433136
866.394660 498.439364
961.041502 499.486012
299.686620 603.259679
425.023185 601.121469
542.654623 599.040401
653.302976 597.166126
757.512494 595.391601
855.892939 593.597536
948.851894 592.002972
301.510646 708.855916
423.968431 703.439916
538.812267 698.332015
647.106730 693.619352
749.266543 689.144132
845.764447 684.809126
937.120960 680.841974
303.383296 809.287291
422.817827 801.071355
535.244514 793.203583
641.157054 785.884577
741.431655 778.880877
836.072720 772.370523
925.818564 766.073571
305.134016 905.296618
421.878982 894.387451
531.745838 884.039438
635.637556 874.300754
733.834144 864.994135
826.866949 856.259710
915.092697 848.005913
306.843958 996.862720
420.779372 983.531655
528.479323 970.822327
630.224099 958.925829
726.607159 947.604913
817.903992 936.858706
904.698707 926.743306
305.730566 154.895002
427.266904 166.909630
541.410030 178.061759
648.995775 188.750365
750.529393 198.825806
846.535700 208.268797
937.425693 217.249330
304.964927 264.725315
427.423274 273.386428
542.381396 281.532377
650.643564 289.201506
752.786831 296.482810
849.304695 303.315188
940.640408 309.793449
304.266198 376.164716
427.506827 381.434136
543.279804 386.359520
652.302519 391.093216
755.045616 395.478616
852.104877 399.549358
943.961688 403.485774
303.444266 489.397982
427.708682 491.067880
544.245095 492.674192
653.938974 494.232036
757.320328 495.737555
854.922809 497.036733
947.279270 498.378758
302.712907 604.184627
427.829458 602.260155
545.150389 600.508976
655.542299 598.895271
759.619583 597.280017
857.768697 595.862182
950.578052 594.419599
302.010304 720.822485
427.985256 715.212172
546.162243 709.932520
657.342790 705.008502
761.972173 700.281333
860.732045 695.893855
954.044163 691.727823
301.298533 839.182699
428.131372 829.792128
547.256530 820.779138
659.063339 812.520869
764.432142 804.610507
863.625192 797.202457
957.442079 790.248023
312.222368 93.917575
426.886279 107.009300
534.936743 119.201721
637.149905 130.942922
733.868572 142.015974
825.632946 152.444011
912.702530 162.378669
310.745394 187.520549
427.835719 198.041376
538.164176 207.982270
642.283122 217.372688
740.767489 226.293309
834.028274 234.725305
922.452608 242.706195
309.136443 285.279039
428.770451 293.120577
541.364745 300.471474
647.667251 307.449422
747.911549 314.044333
842.768672 320.172891
932.686147 326.112355
307.375267 387.644934
429.863796 392.428285
544.844520 396.931988
653.160669 401.194927
755.317869 405.310523
851.861625 409.113176
943.308750 412.751287
305.616716 494.801237
430.869408 496.297574
548.307270 497.770185
658.866313 499.159285
763.042208 500.411903
861.311843 501.664043
954.203973 502.788605
303.874246 607.133199
431.949865 605.043834
552.151811 603.168239
664.958804 601.380927
771.110515 599.606888
871.265951 598.017529
965.735097 596.492682
301.934452 725.002808
433.085471 719.005223
556.099578 713.251918
671.303013 708.079501
779.552727 703.096717
881.424574 698.426250
977.573969 694.042379
90.995888 24.255051
229.189942 33.919309
360.656587 41.728355
489.247554 50.409135
613.256897 58.276554
733.522506 65.958418
849.802646 73.258261
97.523957 153.276989
233.019250 159.799541
363.983917 166.183055
490.786932 172.295868
613.641733 178.205764
732.713982 183.945668
848.080873 189.577085
103.528864 279.255018
237.356810 283.675255
366.965509 287.954770
492.574969 292.118640
614.234113 296.141921
732.152105 299.952617
846.465298 303.751955
109.082813 402.726462
241.735579 405.067777
369.945495 407.360526
494.255857 409.588793
614.754216 411.773530
731.526085 413.809399
844.862672 415.888831
114.740579 523.631315
245.894660 524.090013
372.902393 524.512403
495.901527 524.911199
615.297622 525.230411
730.956136 525.655630
843.211416 525.967345
120.319873 642.302406
250.052897 640.844277
375.779508 639.458419
497.615999 638.087758
615.822714 636.658004
730.480287 635.349808
841.705734 634.103217
125.813657 758.571271
254.143200 755.271699
378.651016 752.034795
499.276894 749.049836
616.360183 745.969232
729.925207 743.041772
840.148106 740.318676
135.862277 207.954499
283.972097 216.901045
424.086218 225.333897
557.124017 233.397351
683.365214 241.105220
803.345060 248.270794
917.603634 255.145928
150.778542 337.140067
293.235513 342.393306
428.235350 347.465604
556.434475 352.114816
678.397676 356.586580
794.591827 360.786261
905.313016 364.843972
164.941803 457.117964
301.830339 459.152998
431.988211 461.013015
555.823052 462.814117
673.834008 464.540318
786.422171 466.088652
893.841547 467.589586
177.929407 568.729253
309.952448 567.898145
435.422759 567.082478
555.248120 566.357510
669.547999 565.639913
778.675454 564.825053
883.068175 564.225806
190.108207 672.639792
317.450907 669.475270
438.854623 666.265401
554.609838 663.324881
665.540363 660.436193
771.376382 657.755671
872.860129 655.112288
201.578875 769.985655
324.564083 764.611011
441.877057 759.428560
554.194880 754.496697
661.672347 749.672501
764.667049 745.183593
863.353764 740.887323
212.379538 861.093698
331.111101 853.816828
444.854511 846.820429
553.717472 840.238232
658.127979 833.794458
758.169271 827.631050
854.294238 821.826718
116.569350 278.317331
241.081535 280.565216
363.616470 282.723622
484.587337 285.014719
603.893793 287.162847
721.645589 289.279992
837.702437 291.414368
110.109649 394.973934
235.713390 396.381385
359.346204 397.827012
481.311693 399.297143
601.670057 400.665978
720.317614 402.041458
837.245227 403.407159
103.662586 513.612699
230.213341 514.209160
354.954924 514.851538
478.066454 515.476792
599.348026 516.029122
718.903140 516.526287
836.810889 517.153374
96.992034 634.275540
224.856656 633.966468
350.645041 633.699940
474.676951 633.470174
596.946667 633.191402
717.488658 632.916603
836.380292 632.736454
90.283253 756.882246
219.207408 755.685352
346.088032 754.614558
471.199315 753.471492
594.509618 752.289775
716.071334 751.226833
835.816173 750.196562
83.623435 881.702565
213.561235 879.519284
341.564556 877.540847
467.705128 875.525947
592.101354 873.455070
714.686268 871.474873
835.444492 869.539763
76.599424 1008.560713
207.806823 1005.380786
337.032331 1002.369885
464.261350 999.580611
589.619212 996.581111
713.229671 993.668128
834.973942 990.850061
242.037036 168.948595
363.548857 177.605639
479.520240 185.718237
590.454683 193.694675
696.666809 201.229038
798.555207 208.452153
896.239700 215.366330
232.411940 262.465619
357.847920 269.108699
477.551636 275.488511
591.834193 281.593846
701.181669 287.475592
805.783889 293.032623
905.971297 298.344135
222.041980 362.081530
351.769885 366.591253
475.330244 370.862588
593.341232 374.979302
705.864530 378.893633
813.430493 382.548522
916.394828 386.180374
210.936831 468.661096
345.427130 470.585430
473.175397 472.450629
594.807648 474.184927
710.793369 475.979473
821.526133 477.573969
927.393381 479.184708
199.121584 582.755803
338.420521 581.722193
470.570961 580.920368
596.386239 580.086848
716.096784 579.243364
830.137456 578.539962
938.940746 577.851760
186.516251 705.168180
330.943644 700.850254
468.131812 696.917515
598.120980 693.095849
721.778468 689.430391
839.352382 686.045732
951.416283 682.776306
172.805575 836.890741
323.020856 828.853420
465.399875 821.146993
600.017592 813.962012
727.785906 807.061417
849.096075 800.607126
964.519633 794.474145
997.011938 412.081439
1089.989708 408.453748
1188.866497 404.816512
1294.557935 400.770116
1407.373684 396.576669
1528.310128 391.945564
1658.198155 386.964838
1008.701607 504.549168
1100.151164 503.965544
1197.211154 503.374450
1300.780809 502.679142
1411.190513 501.895859
1529.423274 501.119122
1656.177477 500.323619
1019.968161 593.590903
1109.859840 595.577097
1205.267436 597.741943
1306.711201 600.051639
1414.967430 602.593827
1530.526205 605.166477
1654.352246 608.082068
1030.785925 678.955415
1119.188324 683.427105
1212.900081 688.284576
1312.515296 693.417027
1418.552275 698.773401
1531.587979 704.639662
1652.473258 710.829821
1041.264225 761.145661
1128.238603 767.950139
1220.332727 775.183876
1318.065215 782.769757
1421.962543 790.959876
1532.638456 799.655793
1650.740709 808.964071
1051.257472 840.299362
1136.816067 849.233693
1227.357300 858.660186
1323.292466 868.621561
1425.182150 879.295736
1533.551908 890.620413
1649.018099 902.701090
1060.950076 916.522793
1145.131159 927.292908
1234.114592 938.777300
1328.405237 950.989197
1428.250736 963.935858
1534.387931 977.606842
1647.413856 992.284620
1039.341515 235.861481
1127.766020 227.498927
1221.463282 218.748503
1321.135956 209.448614
1427.083804 199.530020
1540.199760 188.989202
1661.060466 177.673960
1035.557229 325.271232
1124.377375 319.615115
1218.516165 313.550170
1318.661234 307.183190
1425.240445 300.307966
1539.006497 293.076659
1660.595104 285.375745
1031.739107 415.887003
1120.946791 412.773473
1215.578626 409.563109
1316.201058 406.113231
1423.419014 402.529785
1537.778688 398.559770
1660.232593 394.527395
1027.873213 507.347772
1117.496391 506.953412
1212.580359 506.686296
1313.708359 506.370994
1421.496073 505.943923
1536.578567 505.595436
1659.804849 505.133324
1024.045307 599.904951
1114.063445 602.305997
1209.540473 604.983922
1311.242806 607.709011
1419.563180 610.712376
1535.382893 613.848526
1659.378395 617.330118
1020.089222 693.537887
1110.423651 698.839879
1206.482912 704.503288
1308.580214 710.411901
1417.604126 716.881962
1534.137500 723.749405
1658.929449 731.147571
1016.120290 788.208472
1106.875728 796.314547
1203.374082 805.060935
1306.114056 814.416838
1415.652828 824.354373
1532.923903 835.019718
1658.507282 846.509171
1069.201105 182.846465
1154.262513 173.521540
1244.144407 163.762534
1339.472824 153.447868
1440.494219 142.470822
1548.025083 130.810770
1662.465563 118.387119
1059.294200 260.993843
1145.545533 253.852078
1236.841049 246.197689
1333.699226 238.184748
1436.594686 229.555730
1546.069301 220.496890
1662.744847 210.870481
1048.985168 342.031599
1136.528697 337.018486
1229.280535 331.790317
1327.756995 326.181802
1432.489531 320.285895
1544.012565 313.870920
1663.203153 307.250318
1038.349758 425.894732
1127.208492 423.215160
1221.448929 420.559215
1321.556435 417.637362
1428.170790 414.518067
1541.928027 411.318592
1663.573526 407.739514
1027.373971 512.873582
1117.571134 512.782340
1213.197448 512.838017
1315.174246 512.738297
1423.712652 512.762840
1539.823550 512.723437
1664.017978 512.814916
1015.939762 603.032832
1107.369627 605.756497
1204.778995 608.744553
1308.347945 611.780669
1419.042008 615.203792
1537.481302 618.732292
1664.396858 622.598352
1004.074491 696.600736
1097.011267 702.282179
1195.913286 708.390529
1301.463472 714.935649
1414.161353 721.891695
1535.113307 729.378130
1664.879566 737.442196
1148.422039 257.733635
1239.261254 252.183175
1334.057518 246.424986
1433.322778 240.478650
1537.082637 234.217099
1646.087256 227.643929
1760.364813 220.741491
1140.736457 334.108098
1233.658137 330.198312
1330.804594 326.059166
1432.620288 321.823828
1539.275673 317.304408
1651.224789 312.650798
1768.849387 307.731728
1132.592867 414.456054
1227.796423 412.219368
1327.418301 409.977421
1431.918686 407.602789
1541.511148 405.167571
1656.682585 402.478471
1777.990328 399.851175
1124.134779 498.938840
1221.640326 498.614354
1323.848203 498.449807
1431.122067 498.167780
1543.802053 497.943521
1662.485827 497.765866
1787.530000 497.445297
1115.205826 587.943895
1215.180086 589.746740
1319.935082 591.893619
1430.344074 593.964613
1546.271071 596.273645
1668.772672 598.629315
1797.726849 601.213742
1105.785371 681.805808
1208.160153 686.104669
1315.984739 690.724520
1429.332627 695.449277
1548.872183 700.632862
1675.262149 705.996259
1808.652003 711.641640
1095.759457 780.952721
1200.900419 787.918539
1311.644795 795.303114
1428.539407 803.164163
1551.647713 811.468199
1682.128732 820.193516
1820.216537 829.478108
1151.685210 378.014095
1257.034590 375.658823
1366.006820 373.346379
1479.025229 370.945677
1596.082472 368.495494
1717.630830 365.876518
1843.772229 363.214506
1151.253778 479.589638
1256.440675 479.119656
1365.406514 478.574479
1478.268171 478.089402
1595.144966 477.531177
1716.559716 476.990818
1842.626604 476.539190
1150.785144 581.128315
1255.844263 582.375592
1364.755051 583.678683
1477.432951 585.009958
1594.268460 586.502911
1715.518434 587.853245
1841.563972 589.493086
1150.358223 682.366485
1255.373118 685.329028
1364.058052 688.498146
1476.644953 691.744754
1593.369004 695.091975
1714.426972 698.575236
1840.061767 702.154717
1149.983189 783.445131
1254.839226 788.158438
1363.381661 793.107932
1475.866595 798.217237
1592.435803 803.580220
1713.431052 809.057370
1838.842934 814.821920
1149.541394 884.329138
1254.276346 890.833779
1362.766394 897.565715
1475.027050 904.583973
1591.426996 911.879025
1712.303826 919.372886
1837.585580 927.167271
1149.133424 984.923938
1253.705060 993.141980
1362.043306 1001.702420
1474.295805 1010.657543
1590.432492 1019.625697
1711.137774 1029.215594
1836.639756 1039.530512
1079.447535 257.538354
1185.887617 250.358408
1297.963703 242.981997
1416.468966 235.082175
1541.493601 226.823861
1673.767237 217.987277
1814.084837 208.621419
1089.425151 358.515860
1192.993154 354.287153
1301.785075 349.782725
1416.544991 345.006832
1537.435486 339.922319
1665.236158 334.626967
1800.419791 329.037372
1098.979380 453.970405
1199.702552 452.106134
1305.485794 450.142175
1416.654452 448.057161
1533.796276 445.997646
1657.304006 443.672156
1787.784202 441.318485
1107.917132 543.944267
1206.009720 544.271954
1308.811861 544.707903
1416.852958 545.162225
1530.417201 545.516252
1649.876683 545.958505
1775.864125 546.398531
1116.493999 629.061537
1212.038874 631.404689
1312.112133 633.845190
1417.004973 636.366345
1527.222985 639.096587
1642.978150 641.928185
1764.794492 644.880222
1124.498701 709.797531
1217.687891 713.933596
1315.089474 718.159405
1417.100743 722.600339
1524.053089 727.350575
1636.419236 732.253445
1754.347870 737.439037
1132.173932 786.378302
1222.995620 791.975180
1317.908008 797.851336
1417.251350 804.097684
1521.173845 810.612702
1630.198772 817.357578
1744.593790 824.541571
1140.834970 88.206312
1249.453490 80.505352
1362.013855 72.632710
1479.067324 64.439168
1600.049800 55.892628
1726.136708 47.082223
1857.240952 37.189009
1141.557643 195.378613
1249.243867 189.767275
1360.825783 183.842345
1476.645126 177.788863
1596.631271 171.454956
1721.337913 164.927022
1850.679134 158.119738
1142.207278 300.957391
1249.007272 297.133961
1359.704055 293.231354
1474.359372 289.137381
1593.210463 285.053155
1716.648903 280.600020
1845.022084 276.181081
1142.876586 404.589167
1248.773469 402.616614
1358.435617 400.667118
1472.069739 398.640743
1589.828758 396.476769
1712.086014 394.269603
1838.918656 391.946890
1143.640646 506.506224
1248.621835 506.360237
1357.305864 506.208593
1469.865140 506.047914
1586.559119 505.982807
1707.653409 505.795305
1833.238467 505.634169
1144.266563 606.796252
1248.331701 608.395472
1356.122029 609.979572
1467.623381 611.705114
1583.209288 613.564383
1703.202476 615.363650
1827.628344 617.299953
1144.928842 705.361545
1248.110603 708.538905
1354.919052 711.888795
1465.542833 715.460386
1580.030390 719.133029
1698.778191 722.816573
1822.040614 726.820516
