-1.90408466507311 -1.77755374489855 0.11047549362858 
-1.99974740878430 -2.15756294760220 0.78071632215345 
2.03713441367140 2.12923613781423 0.64927276146717 
1.93026868070345 1.81774618342001 0.08866009623556 
2.08443191451506 2.07553504071124 -0.12240596064684 
-2.05827925648572 -2.03606985696750 -0.09663115101510 
2.04582760915762 2.18305516504984 0.77186801655636 
1.98280268440705 1.94907381412848 0.30120927852372 
1.92973307812395 1.81775048423087 0.08890260476920 
2.16059241422791 2.18744662673362 0.32793633274425 
-2.01800344901511 -2.14984935801402 -0.76096846356139 
2.13288329674406 2.13222578857865 -0.01351867297084 
1.92836433304979 1.81873131501408 -0.11359240651741 
-1.90431137231157 -1.77806281510886 0.11036211594274 
-1.98376553861308 -2.03987523998764 0.54489454843661 
-1.99925266820649 -2.15802954328628 0.78001167994690 
2.02998682931486 2.19385430442521 -0.79224760198490 
-2.09005090920612 -2.09829695954396 0.22941736271228 
-1.90777095398357 -1.77669619716314 -0.09037931834112 
-2.05624438997617 -2.03704579111423 0.11795439580205
