504.916570 401.722545
584.528538 397.657347
669.364927 393.502841
760.174151 389.008510
857.282203 384.236163
961.708422 379.033299
1074.052754 373.442851
527.081259 496.782675
605.730310 495.916006
689.363701 495.019590
778.725760 494.062809
874.207590 492.871955
976.716880 491.735786
1086.914839 490.568457
548.446727 588.121522
626.029164 589.995279
708.559312 592.068874
796.479179 594.227279
890.445656 596.619844
991.012015 599.031983
1099.179812 601.675810
568.889901 675.664624
645.523963 680.177196
726.878599 685.036251
813.502250 690.267079
905.922003 695.665397
1004.678827 701.482002
1110.869569 707.428000
588.595495 759.855260
664.292782 766.805721
744.593774 774.176705
829.893784 781.974067
920.760719 790.313224
1017.734982 799.177669
1122.367464 807.794174
607.522840 840.928265
682.273164 850.083296
761.477975 859.778793
845.490327 870.001290
934.933977 880.932898
1030.166543 892.582511
1134.176379 902.421153
625.768475 918.907707
699.583149 930.031660
777.631610 941.845274
860.517201 954.390978
948.476030 967.708535
1041.989954 981.884305
1146.550391 990.382568
631.875363 159.757508
706.368314 149.495359
785.199039 138.721887
868.888732 127.342978
957.788860 115.113772
1052.668376 102.130006
1153.711312 88.351032
613.995674 239.281517
689.306759 231.252253
769.087452 222.718271
853.862019 213.675647
944.224049 203.967929
1040.548094 193.753263
1143.328981 182.830058
595.454741 321.864040
671.662898 316.048969
752.439635 309.980312
838.387536 303.482691
930.001513 296.602110
1027.813184 289.176860
1132.374925 281.387957
576.304989 407.348270
653.328836 404.007773
735.135563 400.623819
822.215803 396.955612
915.188219 392.997508
1014.626463 388.859193
1120.969961 384.347631
556.485968 496.142009
634.341221 495.487868
717.068146 494.977712
805.490429 494.228762
899.739033 493.543254
1000.830450 492.735633
1109.216465 492.082189
535.822420 588.287356
614.425897 590.534418
698.407880 593.078611
787.867951 595.639757
883.638394 598.550450
986.334942 601.499479
1096.905766 604.670994
514.361804 683.964222
593.977420 689.353535
678.952465 695.135682
769.711420 701.417737
866.798016 708.058630
971.284039 715.155439
1083.926448 722.601830
916.446410 307.003762
1026.862788 314.544699
1129.909635 321.595893
1226.457108 328.168592
1317.383208 334.370307
1403.315268 339.956903
1484.632768 345.333142
906.903314 427.076097
1015.799014 430.566814
1117.702780 434.005660
1213.034816 437.131405
1302.858887 440.121784
1387.836028 442.914167
1468.230211 445.578150
897.810402 543.014419
1005.032547 542.803447
1105.867409 542.554419
1200.096535 542.555069
1288.866833 542.599096
1372.875409 542.473102
1452.418497 542.636786
888.881085 655.067313
994.718215 651.270283
1094.285048 647.603243
1187.591516 644.469863
1275.290053 641.710587
1358.304557 639.028051
1437.068218 636.694938
880.347359 763.273214
984.663361 756.234131
1083.023914 749.381579
1175.414235 743.151351
1262.189705 737.703612
1344.207820 732.677868
1422.142791 727.879375
872.149493 868.067173
975.005730 857.975370
1072.302458 847.867079
1164.410627 838.051345
1249.694539 830.531904
1330.684665 823.498409
1407.773949 816.850193
864.119865 969.425927
965.433650 956.450140
1061.820982 943.358503
1154.205051 928.988202
1238.050351 919.712223
1317.748698 911.095520
1393.882098 903.220217
857.533313 86.704928
956.661617 99.938910
1050.103640 112.299584
1138.499519 124.175669
1222.080349 135.406666
1301.410721 145.992616
1376.686020 156.066838
868.051823 180.450370
968.999129 191.134483
1064.160540 201.235726
1153.893029 210.787149
1238.716881 219.887494
1318.972638 228.454123
1395.069350 236.417507
879.011493 278.467123
981.814872 286.422143
1078.552066 293.918584
1169.558830 301.034911
1255.409223 307.660394
1336.741853 313.721548
1414.041774 319.527036
890.520834 381.081983
995.331805 385.977072
1093.738145 390.682709
1186.004760 395.054994
1273.125363 399.235824
1355.704377 403.136399
1434.069936 406.859276
902.564294 488.481461
1009.302269 490.052654
1109.528861 491.711747
1203.333407 493.371610
1291.889661 494.786167
1375.581556 496.269066
1454.904857 497.647980
915.287026 601.096988
1024.002577 599.113893
1126.304815 597.311067
1221.563222 595.842524
1311.388010 594.466713
1396.325435 593.204385
1476.717876 592.184570
928.484412 719.282783
1039.418684 713.328965
1143.791408 707.460695
1240.610952 702.803750
1331.763909 698.309447
1417.803857 694.186807
1499.265359 690.560085
686.107796 68.528853
794.502997 71.842689
901.496553 75.050500
1007.252227 78.326632
1111.703366 81.507203
1214.922463 84.702800
1316.854846 87.913558
683.372370 167.198609
793.455212 169.965670
902.117302 172.624006
1009.563296 175.327572
1115.586391 177.972076
1220.284418 180.659954
1323.614299 183.289558
680.506943 269.147450
792.316645 271.247675
902.700745 273.335435
1011.844811 275.420285
1119.401625 277.486044
1225.436396 279.412755
1330.306376 281.371412
677.558099 374.343283
791.228173 375.741627
903.379051 377.206201
1014.154034 378.633635
1123.331902 380.101764
1230.822697 381.486500
1337.299376 382.802480
674.563090 483.036918
790.075984 483.707510
903.953469 484.516931
1016.548819 485.242358
1127.689073 486.015086
1236.822745 486.902008
1344.784481 487.767920
671.484286 595.312268
788.773070 595.311489
904.710990 595.354501
1019.050624 595.341619
1132.138188 595.324712
1243.059446 595.617031
1352.670855 596.006589
668.244461 711.438920
787.522087 710.587124
905.397140 709.788191
1021.698962 709.034730
1136.791250 708.000949
1249.356017 707.695827
1360.660697 707.569889
588.002036 378.078630
698.147182 376.670169
810.553669 375.315828
925.646630 373.860976
1043.234643 372.429998
1163.146747 370.919792
1285.645373 369.207963
597.033537 488.664623
705.365427 488.482039
815.913789 488.366762
928.910460 488.169967
1044.397727 487.875980
1162.306649 487.752421
1282.395158 487.675688
605.879452 595.529222
712.390585 596.402686
821.044549 597.301500
932.055444 598.243095
1045.601788 599.122159
1161.551556 600.078243
1279.356501 601.452552
614.371243 698.621330
719.200557 700.504005
825.972024 702.497042
935.104736 704.531007
1046.689178 706.391302
1160.752626 708.264654
1276.357483 710.902269
622.660597 798.295577
725.775283 801.137858
830.858582 804.090252
938.077101 807.040646
1047.791979 809.824628
1160.358511 812.143207
1273.578097 816.256150
630.649081 894.810373
732.110973 898.541313
835.489754 902.348064
940.934956 906.221637
1048.864584 909.785927
1160.835809 911.170941
1271.408660 917.086772
638.400424 988.126304
738.213839 992.662785
839.961077 997.254606
943.732397 1002.085310
1049.511222 1006.902735
1159.434642 1008.579993
1270.360226 1012.006679
295.622691 375.442067
427.556291 380.767800
550.867164 385.658308
666.465304 390.382154
775.069454 394.832875
877.295798 398.852203
973.747020 402.723041
297.609583 492.240769
426.280250 493.603514
546.681994 494.969273
659.711880 496.165389
766.049103 497.334693
866.329393 498.329131
960.966627 499.356936
299.723971 603.201695
425.048247 601.057647
542.672186 598.975576
653.290796 597.093075
757.483794 595.309774
855.832018 593.507483
948.779425 591.897199
301.554539 708.812851
424.001282 703.391675
538.830615 698.285815
647.095417 693.564125
749.240299 689.081672
845.708364 684.742267
937.050022 680.761578
303.435849 809.263338
422.858483 801.040479
535.266239 793.171614
641.151129 785.850372
741.411733 778.839530
836.023837 772.327917
925.746918 766.018886
305.208987 905.298477
421.934745 894.381705
531.783014 884.036284
635.645523 874.308798
733.836477 864.991915
826.849847 856.257072
915.061518 847.989708
306.990336 996.883361
420.888898 983.550258
528.547194 970.850441
630.221241 958.991011
726.600308 947.658739
817.877770 936.911160
904.663892 926.779766
305.726062 154.802948
427.249985 166.814494
541.384968 177.965760
648.972121 188.660424
750.481662 198.720183
846.456980 208.139762
937.336570 217.097761
304.977132 264.642442
427.419524 273.293642
542.375509 281.435666
650.626491 289.103545
752.748245 296.369649
849.235203 303.180901
940.560451 309.641798
304.289278 376.084228
427.517120 381.344965
543.292737 386.266518
652.292006 390.994489
755.012602 395.369487
852.042157 399.425223
943.888384 403.344719
303.474395 489.328202
427.725955 490.990508
544.259831 492.594754
653.928107 494.142802
757.288859 495.639530
854.860826 496.929828
947.205719 498.252830
302.750714 604.127389
427.854022 602.196055
545.166416 600.444272
655.530058 598.822612
759.590384 597.198541
857.709167 595.771803
950.505102 594.313743
302.055003 720.780905
428.019114 715.164180
546.178648 709.885964
657.329230 704.953108
761.943205 700.220438
860.673927 695.828811
953.971027 691.649013
301.352639 839.167842
428.173785 829.769068
547.277130 820.756945
659.059864 812.497097
764.415114 804.579952
863.580926 797.167146
957.374240 790.198604
312.230297 93.846920
426.883798 106.939704
534.919380 119.130537
637.126057 130.874596
733.829925 141.936869
825.558096 152.338456
912.612693 162.253508
310.742288 187.429976
427.820921 197.945429
538.142649 207.884023
642.260809 217.281011
740.724231 226.187913
833.953956 234.593773
922.366682 242.554576
309.149796 285.195033
428.768182 293.027647
541.362538 300.373557
647.653279 307.349944
747.877782 313.933212
842.703449 320.041541
932.609576 325.962526
307.398460 387.563725
429.874678 392.340753
544.857673 396.840700
653.149591 401.096746
755.285086 405.201304
851.799217 408.990752
943.236666 412.612404
305.647278 494.730684
430.886083 496.220682
548.321981 497.690871
658.854126 499.070554
763.009873 500.314741
861.248775 501.555218
954.131204 502.660930
303.911931 607.076088
431.974362 604.980692
552.167013 603.105197
664.945079 601.308035
771.077602 599.525093
871.202097 597.926319
965.660110 596.383813
301.979563 724.961659
433.119149 718.957344
556.113865 713.204713
671.288012 708.024375
779.518802 703.036566
881.361417 698.357949
977.496607 693.960153
90.989864 24.324101
229.208642 33.923232
360.676937 41.720857
489.238473 50.416899
613.218076 58.259031
733.454170 65.899928
849.694093 73.158684
97.556657 153.270982
233.021427 159.728482
363.974899 166.089509
490.763197 172.199518
613.618550 178.118453
732.674173 183.849789
848.003299 189.454352
103.617809 279.263469
237.384722 283.609798
366.971240 287.866167
492.570405 292.021468
614.225387 296.045976
732.118902 299.842657
846.397214 303.618792
109.186975 402.738802
241.774122 405.002151
369.960940 407.277134
494.269414 409.500504
614.753467 411.681034
731.499109 413.704171
844.803025 415.767934
114.858871 523.647832
245.941277 524.035731
372.924831 524.440988
495.920041 524.836431
615.295830 525.149404
730.930273 525.564759
843.154567 525.865413
120.448459 642.321345
250.102963 640.800745
375.811016 639.400677
497.641391 638.030292
615.819588 636.595779
730.455414 635.277444
841.650597 634.023248
125.946774 758.590987
254.199522 755.239746
378.690460 751.994141
499.305770 749.008507
616.356191 745.926419
729.902612 742.991004
840.096613 740.265196
135.907283 207.935487
283.976956 216.817194
424.075380 225.238752
557.106267 233.301487
683.336666 241.007242
803.285275 248.147580
917.519679 254.996612
150.849486 337.121534
293.256678 342.309769
428.242289 347.374165
556.441759 352.018804
678.381896 356.482901
794.544484 360.667871
905.242092 364.705523
165.017767 457.097196
301.858213 459.079307
432.002160 460.931885
555.836018 462.729950
673.819683 464.446654
786.380599 465.983659
893.771756 467.472262
178.007097 568.707848
309.986515 567.835995
435.445062 567.014702
555.262900 566.287414
669.532551 565.559868
778.638212 564.736708
883.000939 564.125537
190.188881 672.620307
317.490200 669.424952
438.884787 666.210879
554.623563 663.271835
665.526840 660.374129
771.344254 657.686021
872.798577 655.036679
201.660925 769.970608
324.610223 764.574473
441.912214 759.387191
554.208592 754.454788
661.658583 749.625785
764.638117 745.132423
863.295098 740.833325
212.461032 861.091703
331.164472 853.804595
444.895537 846.801877
553.738865 840.222189
658.130081 833.779497
758.159792 827.610018
854.258121 821.804354
116.652413 278.320540
241.107823 280.496418
363.621683 282.635527
484.582252 284.918733
603.885036 287.069005
721.613496 289.172392
837.636145 291.283412
110.210636 394.984514
235.752695 396.317859
359.362548 397.743028
481.325421 399.206590
601.673630 400.572805
720.292939 401.935753
837.186916 403.284868
103.791481 513.641143
230.263254 514.159605
354.979242 514.780101
478.084948 515.401154
599.350507 515.948860
718.879718 516.435600
836.755677 517.051035
97.143119 634.310569
224.917293 633.928498
350.678230 633.643517
474.702511 633.411897
596.948343 633.129626
717.466010 632.844587
836.326879 632.656214
90.458193 756.924346
219.279560 755.665948
346.130920 754.577111
471.231918 753.430794
594.511976 752.249078
716.052200 751.178803
835.768379 750.146386
83.811670 881.730293
213.647276 879.520753
341.625023 877.535940
467.755619 875.515392
592.115726 873.460907
714.687578 871.478723
835.422151 869.545372
76.921616 1008.578031
208.020943 1005.401649
337.166867 1002.391329
464.367685 999.605977
589.636786 996.652640
713.207488 993.764149
834.934972 990.943860
242.039291 168.870057
363.539529 177.511662
479.497931 185.619527
590.432633 193.601857
696.631993 201.131154
798.491282 208.333005
896.152738 215.224878
232.438448 262.401102
357.852576 269.021746
477.543192 275.392538
591.825957 281.498405
701.154134 287.371004
805.727638 292.909534
905.894375 298.200142
222.084499 362.024042
351.785687 366.505302
475.339724 370.770634
593.345787 374.884822
705.842373 378.787977
813.377357 382.428005
916.322329 386.044257
210.993076 468.615911
345.450799 470.510149
473.192060 472.369719
594.812207 474.099451
710.771129 475.882797
821.473758 477.466690
927.321105 479.059894
199.190472 582.725965
338.451625 581.659314
470.593074 580.853758
596.389882 580.016704
716.073346 579.162850
830.085577 578.448281
938.869438 577.744087
186.602623 705.153463
330.984317 700.802935
468.161736 696.867148
598.122199 693.043423
721.756487 689.369082
839.300357 685.978884
951.343498 682.693984
172.912848 836.893575
323.071721 828.834937
465.437397 821.119698
600.025125 813.940273
727.774026 807.032518
849.058632 800.574351
964.453217 794.426048
996.932435 411.926093
1089.921205 408.317842
1188.458513 404.659966
1293.955185 400.530898
1406.994691 396.211814
1528.908435 391.345309
1660.843081 386.090916
1008.618455 504.413322
1100.232600 503.846539
1196.977976 503.336428
1300.325445 502.754621
1410.895821 502.109972
1529.994293 501.604295
1658.581529 501.025517
1019.879341 593.477709
1110.101807 595.380297
1205.208987 597.715509
1306.391307 600.293006
1414.747641 603.207202
1531.059090 606.450377
1656.528073 610.001539
1030.706159 678.864800
1119.619756 683.053347
1213.006758 688.157556
1312.325272 693.709337
1418.402393 699.641902
1532.077097 706.466450
1654.432939 713.663560
1041.225179 761.031281
1128.938511 767.259342
1220.668946 774.806163
1318.005804 783.039441
1421.891394 792.242872
1533.233240 802.377011
1652.844283 813.102011
1051.269098 840.111596
1138.493319 847.389253
1228.247648 857.543200
1323.485274 868.738530
1425.304772 881.622516
1534.684875 896.134676
1652.686287 911.545373
1060.702467 916.354980
1147.997944 923.588994
1235.714107 936.253298
1329.085111 950.409158
1428.830862 967.255786
1536.181631 986.231005
1652.692103 1006.597487
1039.266714 235.655001
1127.700181 227.282850
1221.405284 218.523695
1321.089921 209.214003
1427.057640 199.276694
1540.187310 188.713998
1661.060736 177.380616
1035.469285 325.095872
1124.121052 319.405352
1218.027250 313.175322
1318.106001 306.667734
1424.973998 299.465106
1539.531948 291.811426
1662.748777 283.757230
1031.671124 415.739847
1120.832852 412.652881
1215.093152 409.397675
1315.612040 405.878969
1423.107146 402.178221
1538.483667 398.010427
1662.892673 393.765189
1027.796729 507.213639
1117.579143 506.829102
1212.303880 506.668668
1313.254815 506.469769
1421.240528 506.194832
1537.227471 506.137660
1662.253313 505.896081
1023.955951 599.792330
1114.304477 602.101848
1209.484189 604.961257
1310.936124 607.970414
1419.362699 611.374768
1535.973598 615.206319
1661.623842 619.365450
1019.999480 693.455851
1110.858533 698.459351
1206.654584 704.313968
1308.422520 710.664939
1417.462557 717.774624
1534.655055 725.708966
1660.961256 734.194967
1016.033552 788.155471
1107.629908 795.535924
1203.988581 804.344907
1306.183712 814.520634
1415.599515 825.776687
1533.661497 838.477792
1661.131883 852.023394
1069.128966 182.634227
1154.197122 173.292482
1244.089949 163.523190
1339.434315 153.197334
1440.481183 142.202020
1548.028473 130.522568
1662.484002 118.085792
1059.216994 260.790886
1145.452258 253.637396
1236.740691 245.960146
1333.606853 237.929862
1436.533593 229.219817
1546.100031 220.088482
1662.946435 210.381731
1048.888034 341.860016
1136.206853 336.803241
1228.703027 331.419350
1327.132233 325.604260
1432.206649 319.337950
1544.760857 312.385614
1666.090087 305.208471
1038.289992 425.749784
1127.092385 423.095009
1220.970833 420.417226
1320.988573 417.450343
1427.893704 414.245246
1542.683771 410.913950
1666.269732 407.174297
1027.297835 512.734791
1117.650970 512.657331
1212.936080 512.822842
1314.733516 512.846654
1423.471230 513.051363
1540.512852 513.330764
1666.535223 513.684673
1015.852386 602.921806
1107.623709 605.545693
1204.749120 608.702989
1308.046961 612.038929
1418.841842 615.878532
1538.079211 620.140580
1666.708256 624.706746
1003.990608 696.519166
1097.348407 701.939610
1196.144047 708.145641
1301.329186 715.148972
1414.016882 722.764656
1535.649656 731.372423
1667.014585 740.610772
1148.327434 257.519945
1239.143837 251.932378
1333.949750 246.156145
1433.262198 240.088624
1537.167874 233.716065
1646.509412 227.008969
1761.156901 219.771319
1140.393525 333.883001
1233.039033 329.801075
1330.200850 325.450060
1432.328856 320.821637
1540.044245 315.769837
1653.916182 310.579916
1776.592538 304.183888
1132.437431 414.333286
1227.283198 412.057618
1326.846021 409.756640
1431.649348 407.278469
1542.257933 404.692516
1659.256162 401.848920
1785.878806 398.734571
1124.189902 498.826774
1221.316341 498.601014
1323.386760 498.537565
1430.900617 498.405278
1544.536545 498.433148
1664.995226 498.450812
1795.545277 498.829490
1115.426625 587.747442
1215.071521 589.749307
1319.601074 592.167952
1430.182229 594.619914
1546.974639 597.592195
1671.204945 600.507791
1806.300365 605.265194
1106.124542 681.466141
1208.289146 685.962208
1315.785453 691.027409
1429.215700 696.390485
1549.535235 702.598397
1677.617241 708.958291
1817.633482 718.653717
1096.280453 780.424277
1201.433928 787.307295
1311.637274 795.499265
1428.521000 804.610945
1552.457197 814.664218
1685.054489 825.233615
1833.737083 844.242904
1151.360202 377.833726
1256.400572 375.357940
1365.465239 372.898548
1479.095272 370.226093
1597.669058 367.458594
1722.252781 364.484530
1857.358076 360.294484
1151.174709 479.495846
1255.996588 479.107859
1364.967953 478.634298
1478.341206 478.285272
1596.593971 477.883669
1720.628967 477.516545
1853.678507 477.707194
1150.944192 580.984677
1255.592058 582.480569
1364.421249 584.061434
1477.506107 585.861607
1595.577590 587.980032
1719.305516 590.037010
1853.956313 594.626647
1150.760963 682.030102
1255.313401 685.378270
1363.829196 689.029704
1476.727076 693.025802
1594.533628 697.372998
1717.915597 702.071733
1851.706301 710.348372
1150.799569 782.583653
1255.059376 787.934820
1363.276794 793.772992
1476.027389 800.234310
1593.671541 807.031084
1717.236503 814.508613
1853.788904 829.874679
1151.661815 881.709632
1255.225789 889.551695
1362.940646 898.307982
1475.586975 908.877781
1593.934325 920.136043
1719.185006 932.361575
1854.978913 944.990581
1153.225586 979.057835
1256.158916 988.928176
1363.218000 1001.152222
1475.957152 1017.576266
1593.908224 1031.370905
1720.512025 1047.651730
1843.815526 1043.782303
1079.359544 257.334184
1185.724459 250.112523
1297.788284 242.688835
1416.373494 234.658318
1541.624832 226.243780
1674.484654 217.242070
1816.448229 207.095138
1089.284712 358.350928
1192.472004 354.016448
1301.121117 349.320755
1416.172728 344.242222
1538.174776 338.659684
1668.171404 332.916349
1811.066854 325.528788
1098.968385 453.847177
1199.356133 452.022193
1304.955845 450.074000
1416.341041 447.997449
1534.436645 445.959128
1659.820772 443.625335
1796.039077 441.243300
1108.070161 543.793576
1205.834187 544.262452
1308.413408 544.883822
1416.599324 545.589094
1530.977120 546.372518
1652.086034 547.198668
1782.956829 548.708144
1116.801697 628.801602
1212.026682 631.368259
1311.839436 634.138691
1416.815505 637.088531
1527.702005 640.561088
1644.918439 644.122765
1770.934549 648.909570
1124.994590 709.369106
1217.830745 713.774428
1314.927364 718.446150
1416.955583 723.484781
1524.466761 729.214362
1638.109541 735.135155
1759.478700 742.511798
1133.004620 785.525066
1223.393863 791.518570
1317.871210 798.113505
1417.167651 805.398660
1521.664323 813.387879
1632.003725 821.431236
1750.229058 831.982492
1140.766336 87.956701
1249.414353 80.234260
1362.024218 72.353120
1479.127809 64.174088
1600.107376 55.642048
1726.218880 46.837061
1857.328680 37.033513
1141.491295 195.155805
1249.189607 189.534808
1360.786863 183.596194
1476.630851 177.518328
1596.627221 171.165958
1721.347010 164.641117
1850.678190 157.943580
1141.949415 300.720882
1248.541095 296.718747
1359.308720 292.657185
1474.385308 288.223519
1594.362434 283.634447
1719.877264 278.675341
1859.873377 271.123664
1142.656654 404.452425
1248.202273 402.415544
1357.905536 400.377184
1472.072616 398.199611
1591.283139 395.829002
1716.268016 393.417944
1851.430214 390.142859
1143.660563 506.405909
1248.245622 506.386562
1356.888753 506.356618
1469.893451 506.404655
1587.856400 506.648487
1711.392815 506.731100
1844.262139 507.564178
1144.510489 606.597770
1248.148570 608.480398
1355.808174 610.388224
1467.641126 612.620743
1584.340530 615.221068
1706.495143 617.762553
1838.680536 622.625992
1145.399339 704.948070
1248.123949 708.519745
1354.713454 712.381296
1465.579617 716.722064
1581.014469 721.458554
1701.595402 726.236078
1832.120889 734.883113
