-32.78982807673913 -13.97527786793882 83.11076476213684
-25.85955195679287 -31.34050214858722 96.20481183531004
-6.68536935538737 -17.32832508264967 64.02580522301658
-11.38486102907538 -31.22114160982141 76.25782026699304
-20.75385541370373 -32.37252010317687 77.47802064177822
-25.21303487234680 -14.44016053841888 72.20679565219562
-36.62286416340073 -13.70689767367362 62.95252347683641
-39.76915317590284 -26.47307694763826 71.00427823666516
-41.92739319331243 -30.90703491752246 76.51845786157149
-42.34688913847775 -18.70492979758128 68.39184299036589
-41.21073415311400 -20.30765352572097 57.13766662631497
-42.27820132696707 -28.27940761635894 65.32027135047122
-44.20743050417041 -25.47130668544288 74.15371967047413
-3.36130266478938 -13.55622612061555 85.19959734113903
0.65874337978237 -25.96091136832725 92.88675234320981
3.50875556356833 -30.34580096469248 98.31424976642811
8.44109964453619 -24.58387448307932 96.57507971856970
5.91380902676357 -15.52444413935816 81.75787866980475
0.79955047451787 -21.50908312101103 77.35860886595326
4.77958594894750 -31.72359939265660 78.59491454060536
