-1.90387548486642 -1.77733261534789 0.11062444333827 
-1.99938624074414 -2.15736557935818 0.78070269263605 
2.03740561788561 2.12935621365739 0.64929616685433 
1.93052459323448 1.81798892041724 0.08867308204667 
2.08471049774023 2.07586176144542 -0.12233851140646 
-2.05811770364171 -2.03584702218214 -0.09645385823876 
2.04610258463660 2.18316998204514 0.77167032607235 
1.98291413363704 1.94920416886630 0.30143621199159 
1.92989085050450 1.81799310726722 0.08911471155231 
2.05655258156216 2.05597816157735 0.04855649620662 
-2.01799051367381 -2.14967903505069 -0.76057144043216 
2.13144970537966 2.17332540511509 0.27691175268862 
1.92853586501372 1.81903286138383 -0.11342826208958 
-1.90418497871062 -1.77787268781778 0.11033074621626 
-1.98348251788211 -2.03966014845185 0.54509789446751 
-1.99887981343950 -2.15777285185278 0.78019878598830 
2.03017542198358 2.19415303375317 -0.79256181455850 
-2.08998225714016 -2.09806973658089 0.22867204602608 
-1.90770737448719 -1.77652763605828 -0.09043984152241 
-2.05629919978675 -2.03704858615022 0.11774021167757
