504.962351 401.779133
584.566857 397.700891
669.405706 393.549275
760.225961 389.066796
857.338926 384.306160
961.775538 379.110107
1074.172237 373.515255
527.126898 496.817422
605.777561 495.949914
689.406335 495.057288
778.771408 494.115757
874.256942 492.937042
976.784967 491.807538
1086.895422 490.644664
548.487113 588.144350
626.070331 590.021235
708.600373 592.097722
796.524937 594.271383
890.489070 596.675262
991.081852 599.094693
1098.977321 601.853463
568.938491 675.668763
645.565471 680.185869
726.914686 685.054959
813.539780 690.298000
905.964090 695.709380
1004.748930 701.528489
1110.448797 707.804895
588.639914 759.838306
664.328392 766.791962
744.623351 774.171442
829.919110 781.981354
920.799569 790.334911
1017.799689 799.207261
1121.426237 808.764331
607.549518 840.877296
682.286457 850.032896
761.484896 859.738171
845.488284 869.980818
934.949318 880.931203
1030.256172 892.609939
1131.900308 905.117321
625.777087 918.815836
699.570724 929.945898
777.633822 941.764682
860.512684 954.342125
948.516335 967.685277
1042.140198 981.859245
1141.936104 997.075250
631.904451 159.776046
706.402366 149.499072
785.256350 138.729852
868.963910 127.351764
957.887252 115.141841
1052.784665 102.175954
1153.822364 88.407902
614.035504 239.323093
689.347735 231.286546
769.141170 222.763569
853.928296 213.735459
944.302487 204.034437
1040.640593 193.822415
1143.430796 182.905376
595.490170 321.915059
671.701856 316.095255
752.493551 310.034055
838.453381 303.546432
930.070753 296.675894
1027.901511 289.257156
1132.571779 281.495884
576.343217 407.390526
653.370349 404.052556
735.183589 400.678874
822.269542 397.021275
915.243936 393.073683
1014.702172 388.937531
1121.185877 384.419461
556.532251 496.173071
634.388262 495.524904
717.110207 495.018830
805.539260 494.285986
899.789554 493.611084
1000.905241 492.810252
1109.198352 492.142552
535.863640 588.310624
614.469748 590.559560
698.448520 593.105791
787.914528 595.682917
883.680755 598.605857
986.404520 601.561441
1096.691024 604.821098
514.408844 683.977209
594.026418 689.355045
678.988513 695.145590
769.748126 701.439082
866.830921 708.094579
971.346896 715.196559
1083.589746 722.905033
916.511005 307.076344
1026.950948 314.621911
1130.188568 321.680537
1227.062724 328.413871
1318.077937 334.758170
1403.854945 340.567298
1484.685980 346.215232
906.957827 427.149593
1015.868132 430.640084
1117.787153 434.041777
1213.493101 437.164034
1303.467164 440.147864
1388.346342 442.925203
1468.387729 445.560686
897.859042 543.076743
1005.107923 542.873805
1105.736917 542.652529
1200.266722 542.531242
1289.294909 542.415368
1373.310242 542.132999
1452.627294 542.084712
888.921987 655.114482
994.788878 651.325126
1094.005801 647.832191
1187.466159 644.584281
1275.509826 641.522290
1358.636869 638.544523
1437.282362 635.860868
880.378078 763.296552
984.731856 756.266326
1082.705156 749.707077
1174.947066 743.605999
1262.174237 737.710585
1344.410338 732.250853
1422.327648 726.968684
872.144587 868.056895
975.052761 857.980528
1071.715975 848.536605
1162.985599 839.650487
1249.180268 831.148205
1330.687117 823.197314
1407.891300 815.691925
864.112082 969.374989
965.492052 956.424777
1061.124705 944.181386
1151.306462 932.796239
1236.611421 921.874485
1317.276513 911.550145
1393.794924 901.900352
857.633635 86.694372
956.768263 99.959262
1050.220700 112.346610
1138.613097 124.241454
1222.207242 135.477057
1301.550175 146.063117
1376.840503 156.138555
868.119089 180.497849
969.084143 191.197570
1064.251852 201.308551
1153.995254 210.864694
1238.837880 219.963114
1319.119281 228.538992
1395.264069 236.581648
879.076818 278.536066
981.894599 286.498405
1078.692784 294.006034
1169.933746 301.178138
1255.992925 307.940297
1337.363506 314.174434
1414.539613 320.253583
890.577485 381.154479
995.405765 386.055173
1093.845257 390.737938
1186.463295 395.134338
1273.792035 399.370807
1356.325523 403.309099
1434.454819 407.080799
902.616682 488.550489
1009.376953 490.129841
1109.477014 491.778224
1203.624971 493.344445
1292.402240 494.666415
1376.062098 496.060264
1455.125600 497.309416
915.336378 601.154226
1024.055083 599.187847
1126.037372 597.464060
1221.699142 595.786859
1311.758416 594.170886
1396.673020 592.645237
1476.777176 591.281357
928.533377 719.320956
1039.337735 713.464259
1143.282518 707.873533
1240.586568 702.831730
1332.006681 697.918748
1418.023220 693.336729
1499.155210 689.103742
686.148836 68.469348
794.595207 71.818296
901.605065 75.046307
1007.373509 78.360870
1111.805805 81.561149
1215.037846 84.757479
1316.980303 87.964212
683.409224 167.213004
793.514665 169.993665
902.189065 172.674492
1009.661858 175.387272
1115.686191 178.045277
1220.404469 180.733764
1323.756392 183.362076
680.547739 269.190161
792.378329 271.303310
902.767579 273.407538
1011.929642 275.498475
1119.601846 277.585294
1225.842730 279.603702
1330.778757 281.710825
677.600172 374.391068
791.284528 375.804332
903.436880 377.281590
1014.226960 378.710341
1123.566420 380.170676
1231.444115 381.638256
1337.966045 383.060343
674.606636 483.075067
790.123383 483.762447
904.006196 484.585756
1016.599606 485.315166
1127.694082 486.059969
1237.237404 486.853497
1345.303228 487.622855
671.524605 595.338348
788.818210 595.354035
904.758031 595.411945
1019.088662 595.417408
1131.912171 595.474677
1243.268957 595.505183
1353.051619 595.590066
668.284010 711.443218
787.558232 710.609060
905.441576 709.825558
1021.709954 709.128996
1136.315748 708.415230
1249.345903 707.696809
1360.899145 707.034989
588.041659 378.127293
698.191567 376.720542
810.610919 375.379872
925.707354 373.935855
1043.325950 372.498460
1163.552755 371.029996
1286.358498 369.472927
597.079884 488.698951
705.408032 488.522249
815.962320 488.424883
928.966413 488.240076
1044.403992 487.945029
1162.427950 487.771433
1282.895024 487.589832
605.922229 595.553002
712.432241 596.432284
821.090012 597.349256
932.108692 598.301978
1045.555195 599.227947
1161.391495 600.186443
1279.648221 601.249341
614.418942 698.621907
719.235590 700.517945
826.007502 702.527736
935.156344 704.572815
1046.597226 706.558081
1160.319932 708.638610
1276.438361 710.786492
622.693837 798.264614
725.799396 801.119246
830.877635 804.089618
938.119534 807.056267
1047.612354 810.125404
1159.327751 813.308570
1273.308966 816.501992
630.662370 894.729887
732.109193 898.473363
835.489800 902.309006
940.957033 906.210702
1048.582043 910.214601
1158.417558 914.349745
1270.410318 918.554983
638.399642 987.980705
738.190831 992.555321
839.956327 997.183844
943.771502 1002.053045
1049.526352 1006.916668
1157.448871 1011.873592
1267.562307 1017.047329
295.688745 375.500979
427.609934 380.836263
550.908825 385.710357
666.508324 390.428921
775.123042 394.892966
877.348712 398.924765
973.814038 402.800710
297.670928 492.284717
426.331309 493.658383
546.726535 495.004105
659.755301 496.202194
766.094935 497.384499
866.378202 498.392385
961.030623 499.428317
299.787336 603.229872
425.109651 601.093243
542.716084 599.000388
653.331883 597.118062
757.527773 595.347523
855.874671 593.559038
948.837822 591.957215
301.634888 708.806735
424.058463 703.404481
538.880687 698.290140
647.137790 693.569216
749.275713 689.102058
845.743963 684.779482
937.103063 680.808105
303.515092 809.220341
422.916506 801.017964
535.301950 793.150255
641.185877 785.826931
741.440202 778.831958
836.051526 772.340414
925.795686 766.045593
305.285254 905.212012
421.970840 894.317740
531.794930 883.971389
635.663774 874.241815
733.842388 864.942059
826.854138 856.234188
915.067974 847.995560
307.022346 996.723423
420.869608 983.480540
528.532542 970.748066
630.225307 958.873374
726.585650 947.572973
817.884552 936.850092
904.656084 926.764578
305.780599 154.865283
427.297344 166.890579
541.432116 178.027882
649.008314 188.690588
750.532072 198.756497
846.523179 208.195762
937.407995 217.168627
305.032038 264.712272
427.464731 273.373005
542.423785 281.501933
650.664871 289.148362
752.799999 296.422210
849.301346 303.247277
940.628608 309.718310
304.351850 376.143155
427.569752 381.414195
543.333986 386.319523
652.332936 391.040835
755.062804 395.426910
852.095321 399.494256
943.948043 403.421628
303.534695 489.372141
427.777152 491.045688
544.306643 492.629318
653.971964 494.178302
757.333385 495.688049
854.908471 496.990774
947.265511 498.323534
302.814293 604.153936
427.915601 602.230796
545.210496 600.469484
655.570785 598.847580
759.634547 597.235983
857.750813 595.823973
950.564742 594.373967
302.135647 720.773109
428.076073 715.175010
546.227211 709.888106
657.370204 704.957537
761.978224 700.240272
860.706717 695.866480
954.030874 691.692441
301.432458 839.111825
428.224173 829.731612
547.304941 820.721345
659.085143 812.462109
764.436043 804.564991
863.597284 797.178458
957.431171 790.219991
312.266465 93.870173
426.918135 106.973185
534.958006 119.161491
637.159438 130.875106
733.870156 141.938713
825.624174 152.363645
912.685091 162.300781
310.799154 187.500432
427.865256 198.030854
538.189282 207.953058
642.298299 217.314983
740.773541 226.227489
834.020245 234.652134
922.433925 242.628517
309.206352 285.265735
428.816561 293.103864
541.410215 300.439115
647.692077 307.396847
747.929062 313.985572
842.768588 320.106922
932.674254 326.039925
307.462002 387.623522
429.926084 392.408459
544.900608 396.891116
653.191594 401.142514
755.334310 405.258393
851.852388 409.059684
943.295738 412.688256
305.706708 494.775090
430.937204 496.273861
548.368707 497.725820
658.897762 499.106149
763.054604 500.363801
861.296597 501.618700
954.191403 502.731887
303.976117 607.103343
432.035343 605.014606
552.209710 603.128327
664.985845 601.332773
771.121984 599.563502
871.243709 597.979564
965.724250 596.445487
302.059358 724.950122
433.176323 718.967247
556.161774 713.203695
671.327370 708.029621
779.554278 703.057842
881.397645 698.397873
977.562482 694.004961
219.888469 286.718266
348.083843 292.257778
472.154037 297.582448
592.452300 302.865407
709.019236 307.918243
822.129316 312.793108
931.872413 317.553780
212.473100 402.968026
342.348949 406.646350
468.046006 410.304848
589.818864 413.837120
707.779530 417.236182
822.226573 420.487421
933.143933 423.718899
204.954562 522.149889
336.478902 524.002972
463.783009 525.778347
587.130036 527.533444
706.499232 529.151080
822.254439 530.690317
934.501051 532.313996
197.111539 644.402968
330.598821 644.179022
459.529110 643.996987
584.330708 643.805962
705.261805 643.653142
822.359617 643.434486
935.882726 643.342676
189.200975 769.708977
324.379233 767.354377
454.988622 765.185868
581.473416 763.054933
703.907559 760.888077
822.403337 758.950886
937.169354 756.955361
181.134949 898.409830
318.023336 893.834381
450.578777 889.519929
578.590376 885.329784
702.548841 881.162569
822.511704 877.198185
938.646082 873.315885
172.986478 1029.537671
311.604419 1023.496510
445.975841 1016.742280
575.619492 1010.486801
701.112380 1004.151381
822.449836 998.151334
940.000417 992.437919
135.969883 207.909169
284.040433 216.883940
424.119148 225.322370
557.151697 233.364597
683.377058 241.044932
803.346546 248.201552
917.588023 255.067956
150.885547 337.119639
293.320679 342.373105
428.294582 347.444762
556.484206 352.075883
678.423863 356.531613
794.603354 360.729487
905.299651 364.780479
165.065319 457.088683
301.922026 459.126774
432.050509 460.992005
555.880966 462.769211
673.862488 464.487194
786.428112 466.039976
893.823553 467.539856
178.068597 568.701377
310.044241 567.870248
435.505790 567.052970
555.306512 566.314595
669.575233 565.590229
778.685375 564.781221
883.046609 564.184367
190.264841 672.595394
317.564050 669.437286
438.939820 666.234712
554.672240 663.283296
665.566366 660.389897
771.383404 657.715503
872.835617 655.081420
201.730166 769.909906
324.687876 764.554747
441.967874 759.383408
554.251494 754.445039
661.697334 749.618773
764.671119 745.140980
863.326271 740.861728
212.530756 860.980052
331.235154 853.747606
444.940949 846.754464
553.762325 840.176490
658.151214 833.734010
758.175249 827.584497
854.268340 821.803986
196.541144 85.411672
328.543147 94.394357
456.182234 103.063968
579.887117 111.602990
699.634556 119.794981
815.706794 127.682652
928.201032 135.434294
197.743717 209.332526
329.060314 216.283914
455.991927 223.047381
578.919653 229.520555
698.020016 235.828817
813.465622 241.939060
925.365026 247.897710
199.079370 331.973536
329.487143 336.876089
455.672598 341.600441
578.017908 346.205469
696.491441 350.656369
811.327646 354.945831
922.671113 359.123650
200.234867 453.137264
329.990554 456.044772
455.441032 458.841258
577.030586 461.552962
694.906522 464.206103
809.156587 466.729862
919.965666 469.233060
201.502184 572.856358
330.414900 573.840900
455.199659 574.771035
576.100421 575.675037
693.368842 576.515833
806.969268 577.385468
917.202737 578.155426
202.801014 691.331899
330.890176 690.364156
454.981914 689.459898
575.232148 688.574210
691.858361 687.617885
804.877704 686.835647
914.558752 686.013385
204.058244 808.329715
331.402382 805.534150
454.834164 802.745772
574.398116 800.183737
690.407903 797.543847
802.784731 795.038326
911.930957 792.688833
242.111583 168.914822
363.589313 177.590863
479.545693 185.699850
590.475674 193.650098
696.674376 201.163236
798.551631 208.381155
896.219745 215.292627
232.513036 262.454479
357.900003 269.100282
477.593137 275.469542
591.867814 281.554038
701.195658 287.417155
805.790708 292.968095
905.960051 298.272578
222.157227 362.063875
351.842085 366.573041
475.391217 370.835163
593.384592 374.932611
705.888013 378.838883
813.433325 382.492710
916.379016 386.119922
211.057447 468.634751
345.506984 470.562872
473.237292 472.422944
594.857287 474.136100
710.813854 475.926424
821.521553 477.526932
927.376966 479.131031
199.257195 582.724254
338.509765 581.694616
470.650470 580.887766
596.430759 580.042050
716.116652 579.195387
830.130370 578.499743
938.925725 577.805712
186.666960 705.118698
331.057831 700.806576
468.214298 696.880848
598.168812 693.045541
721.791983 689.385350
839.335828 686.014124
951.400540 682.740585
172.960181 836.786865
323.147568 828.785422
465.479589 821.088305
600.054195 813.903512
727.796866 807.010181
849.074764 800.580115
964.507687 794.448719
997.007360 412.005181
1089.997477 408.371924
1188.895687 404.731463
1294.615584 400.680193
1407.470895 396.480207
1528.452820 391.841794
1658.392196 386.856575
1008.694695 504.487844
1100.148783 503.908526
1197.229168 503.312229
1300.825061 502.615548
1411.271936 501.830502
1529.548691 501.052411
1656.349954 500.255798
1019.956240 593.543755
1109.846478 595.538718
1205.273699 597.704239
1306.742565 600.014287
1415.033812 602.556467
1530.636706 605.135042
1654.505142 608.051889
1030.765758 678.922943
1119.164602 683.407602
1212.894728 688.265631
1312.533407 693.401318
1418.603457 698.762513
1531.682770 704.638925
1652.608033 710.834829
1041.234812 761.127035
1128.204546 767.950272
1220.315145 775.185918
1318.068937 782.777216
1421.994119 790.973930
1532.708275 799.684725
1650.850080 809.001600
1051.228754 840.300356
1136.780594 849.255176
1227.338202 858.685657
1323.291127 868.651215
1425.203360 879.334824
1533.603844 890.682271
1649.107803 902.779090
1060.914507 916.549065
1145.094638 927.334018
1234.093948 938.819481
1328.401720 951.036052
1428.264402 963.989100
1534.418787 977.671073
1647.460866 992.353465
1039.349982 235.734853
1127.796022 227.362386
1221.521832 218.601011
1321.231372 209.288524
1427.217140 199.352673
1540.375596 188.791812
1661.290775 177.461468
1035.561367 325.171790
1124.399985 319.510177
1218.562643 313.438342
1318.738942 307.064069
1425.356780 300.173859
1539.166060 292.929647
1660.809306 285.219018
1031.738493 415.809138
1120.961114 412.691720
1215.614976 409.477567
1316.265898 406.024992
1423.521621 402.435030
1537.922656 398.457650
1660.424698 394.422207
1027.865713 507.286837
1117.496340 506.895595
1212.601402 506.625459
1313.756728 506.308787
1421.580969 505.879764
1536.704950 505.530134
1659.979389 505.067383
1024.032227 599.858981
1114.049868 602.268855
1209.547016 604.947206
1311.274425 607.673851
1419.630465 610.676913
1535.493425 613.819204
1659.534080 617.304507
1020.071196 693.505026
1110.397033 698.822193
1206.473123 704.488224
1308.595734 710.400395
1417.652037 716.876128
1534.229685 723.755209
1659.062095 731.159483
1016.102117 788.187587
1106.839351 796.318184
1203.351006 805.071620
1306.112753 814.433850
1415.677639 824.378364
1532.986411 835.062400
1658.613902 846.563968
1069.221708 182.706674
1154.303872 173.367504
1244.216566 163.597666
1339.581622 153.268589
1440.631947 142.274062
1548.205545 130.594149
1662.697474 118.155567
1059.305742 260.872855
1145.579133 253.723954
1236.900857 246.058598
1333.793373 238.034608
1436.725759 229.389354
1546.245248 220.311558
1662.975105 210.669895
1048.990809 341.935696
1136.553345 336.918576
1229.329671 331.684972
1327.834070 326.069268
1432.606402 320.160344
1544.172787 313.733202
1663.413485 307.104439
1038.348692 425.818791
1127.221460 423.136506
1221.486093 420.476216
1321.620421 417.550540
1428.272820 414.425874
1542.071182 411.221330
1663.765038 407.639594
1027.366217 512.813429
1117.569855 512.726217
1213.217995 512.779359
1315.222302 512.677263
1423.797404 512.699984
1539.949285 512.660991
1664.190430 512.751209
1015.927960 602.985857
1107.354911 605.719639
1204.783428 608.708716
1308.378209 611.745797
1419.108222 615.170491
1537.590863 618.705259
1664.550414 622.573413
1004.060786 696.565805
1096.983923 702.263741
1195.901268 708.376286
1301.475853 714.924096
1414.206856 721.885958
1535.204883 729.385412
1665.014459 737.456197
1148.454634 257.606905
1239.321379 252.047062
1334.148655 246.278685
1433.451974 240.317137
1537.251827 234.038443
1646.307770 227.453323
1760.638012 220.537872
1140.761719 334.006920
1233.709361 330.091037
1330.883278 325.946065
1432.738755 321.700057
1539.432835 317.170299
1651.431815 312.510466
1769.101107 307.589604
1132.607973 414.374796
1227.836114 412.133418
1327.484867 409.889018
1432.023438 407.508644
1541.656037 405.067671
1656.873759 402.377121
1778.226934 399.749075
1124.136345 498.879506
1221.665305 498.551382
1323.900923 498.385437
1431.212890 498.101601
1543.932698 497.876256
1662.659737 497.698047
1787.751982 497.379325
1115.194430 587.902869
1215.189822 589.706241
1319.971395 591.853973
1430.418600 593.925601
1546.387476 596.237892
1668.932886 598.595803
1797.930828 601.185592
1105.760901 681.784243
1208.154421 686.085465
1316.004331 690.708233
1429.389326 695.438807
1548.972316 700.631967
1675.406971 706.000302
1808.843248 711.654594
1095.723164 780.950984
1200.877788 787.924786
1311.645444 795.314366
1428.571887 803.183994
1551.722297 811.503819
1682.250284 820.240205
1820.395551 829.541535
1151.708616 377.922582
1257.087415 375.562743
1366.094335 373.244820
1479.153344 370.835680
1596.253730 368.381715
1717.851357 365.759858
1844.027652 363.106755
1151.264580 479.523578
1256.479611 479.051099
1365.475679 478.503397
1478.377074 478.015289
1595.296260 477.455911
1716.760503 476.915550
1842.869502 476.470752
1150.781675 581.086130
1255.866311 582.333138
1364.806125 583.636101
1477.525387 584.970794
1594.403413 586.464505
1715.698609 587.817598
1841.785140 589.463629
1150.340748 682.346942
1255.378546 685.309357
1364.091618 688.483015
1476.721623 691.737247
1593.485323 695.089969
1714.587188 698.577800
1840.262686 702.166603
1149.950889 783.449431
1254.828192 788.164581
1363.395775 793.119674
1475.915615 798.240608
1592.526223 803.614543
1713.567829 809.099299
1839.035718 814.882215
1149.507185 884.359725
1254.261893 890.865044
1362.771969 897.598375
1475.059742 904.634571
1591.492188 911.947170
1712.404293 919.457720
1837.708576 927.270648
1149.090678 984.987827
1253.682936 993.212949
1362.039571 1001.774637
1474.310007 1010.732071
1590.462253 1019.697634
1711.179362 1029.294797
1836.685386 1039.638885
1079.463543 257.416070
1185.931355 250.226110
1298.043193 242.836431
1416.591347 234.921535
1541.663079 226.643206
1674.000153 217.789358
1814.367107 208.420813
1089.437806 358.422446
1193.030167 354.188534
1301.853104 349.679094
1416.653777 344.892468
1537.588921 339.797309
1665.443835 334.496875
1800.672427 328.909092
1098.982851 453.899973
1199.728786 452.031939
1305.541074 450.065179
1416.747660 447.976134
1533.930682 445.912945
1657.486957 443.585538
1788.015317 441.232187
1107.910281 543.894836
1206.024159 544.222120
1308.852994 544.655430
1416.930589 545.110458
1530.535568 545.464778
1650.039148 545.907409
1776.071732 546.350362
1116.477091 629.030163
1212.041817 631.373282
1312.140282 633.816802
1417.066798 636.339715
1527.326765 639.076237
1643.120173 641.909588
1764.979950 644.866076
1124.472058 709.783666
1217.679630 713.920327
1315.105167 718.149882
1417.148040 722.595897
1524.141580 727.358131
1636.543953 732.265551
1754.515502 737.456922
1132.137487 786.383622
1222.975464 791.981987
1317.909630 797.863306
1417.278624 804.115775
1521.237029 810.644865
1630.298989 817.397824
1744.734091 824.588452
1140.871079 88.013106
1249.530386 80.286777
1362.134895 72.395093
1479.219852 64.201320
1600.242444 55.649945
1726.400203 46.802580
1857.543087 36.919553
1141.594138 195.231891
1249.315480 189.609369
1360.938772 183.669391
1476.795865 177.596040
1596.832539 171.245531
1721.599007 164.703788
1850.959324 157.907106
1142.234387 300.845414
1249.064031 297.014571
1359.798270 293.102133
1474.494784 288.993076
1593.395080 284.897971
1716.888071 280.439519
1845.297487 276.022548
1142.894569 404.505499
1248.819803 402.528051
1358.515432 400.573948
1472.190159 398.541466
1589.992443 396.373966
1712.299172 394.163478
1839.167357 391.845893
1143.646417 506.447961
1248.653773 506.298131
1357.367952 506.144741
1469.968202 505.982325
1586.703584 505.917380
1707.844761 505.730697
1833.472492 505.571532
1144.258774 606.760366
1248.346853 608.358211
1356.166093 609.944020
1467.710095 611.672251
1583.336613 613.535532
1703.373442 615.338731
1827.843683 617.280346
1144.906598 705.347067
1248.110450 708.525398
1354.946863 711.879345
1465.611149 715.457823
1580.138099 719.138936
1698.931066 722.828197
1822.236528 726.838864
