-1.87586868850717 -1.70734317496326 0.01066495539826 
-2.00178401564337 -2.21202203020157 0.90541628916996 
2.04654200579570 2.18429336206984 0.77147685136791 
1.89854836030966 1.75006567051591 -0.01305225099734 
2.15262848725342 2.19080996739373 -0.35677050180182 
-2.12806313612496 -2.15233423234497 -0.32615930497759 
-2.01802727861502 -2.15042749370936 -0.75980861681328 
2.06645680382256 2.07292045754673 0.31259822658674 
1.96702450681673 1.88507898701267 -0.01320228568107 
-2.12872222651467 -2.15162221261964 -0.32459535674895 
-2.10181570156039 -2.20516463970275 -0.66856239761454 
2.13321127129738 2.13251796183481 -0.01423810703167 
1.96751925397005 1.88566865297912 -0.01336651808623 
-1.90694731145189 -1.77660392541673 -0.08964307712033 
-2.03112555786324 -2.03875895465372 0.33492278340913 
2.02993660196690 2.19323438900598 -0.79265644212192 
2.11760999447884 2.24656974650050 -0.70218047137462 
-2.08996568471580 -2.09823670857738 0.22976504460278 
-1.94364508861359 -1.84499867542104 0.00982800841094 
-2.10449219720061 -2.09555748582682 0.01124949462311
