500.053616 458.085343
578.725097 455.236319
663.161347 452.434516
753.853011 449.442553
851.396492 446.385979
956.433684 443.303629
1069.303085 440.166446
528.402118 547.992216
606.090667 548.352737
689.177943 548.798598
778.245288 549.368124
873.825468 549.946008
976.445941 550.724213
1086.495342 551.630042
555.744846 633.676760
632.323254 636.787945
714.031982 640.102995
801.414891 643.715885
895.030106 647.672615
995.213097 651.703920
1102.344687 656.169078
581.829587 715.030066
657.300836 720.611016
737.660039 726.625854
823.397628 733.098932
915.027913 739.736026
1012.789318 746.739711
1117.044325 754.191436
606.850512 792.378639
681.201570 800.235997
760.248950 808.427470
844.303257 817.131539
933.890861 826.356577
1029.236932 835.983522
1130.756970 846.125545
630.694513 865.949709
703.917638 875.753025
781.516930 885.974583
863.959047 896.700449
951.588000 908.047999
1044.673007 919.866547
1143.441276 932.276593
653.587960 935.867054
725.534560 947.227699
801.767564 959.216332
882.658951 971.858035
968.292359 984.984027
1059.122545 998.717841
1155.290306 1013.144868
663.712885 146.478527
735.817154 135.715692
812.127487 124.536881
893.008395 113.048466
978.702088 101.080574
1069.653402 88.896568
1165.863292 76.312149
641.003415 216.436710
714.277647 207.340900
792.065498 197.909343
874.570419 188.192035
962.344469 178.149723
1055.470857 167.785843
1154.362699 157.222729
617.302633 290.349077
691.752309 283.147491
770.901075 275.669228
855.164071 267.951173
944.869869 260.089694
1040.327159 251.914309
1141.875840 243.753427
592.569738 368.158372
668.180172 363.165870
748.667886 358.098577
834.550687 352.760584
926.324498 347.291531
1024.173955 341.825459
1128.503860 336.250302
566.765762 450.351397
643.435101 447.834740
725.212657 445.436738
812.873484 442.759574
906.548951 440.301314
1006.834242 437.638370
1113.973278 435.175971
539.727231 536.968822
617.372017 537.333266
700.671006 537.935729
789.846880 538.425197
885.590087 539.167345
988.219822 539.920545
1098.220650 540.942026
511.462119 628.182855
590.338226 631.675504
674.982868 635.498977
765.773425 639.688834
863.344858 644.098960
968.424382 648.906892
1081.193662 653.889694
923.801475 371.740994
1034.987793 377.247885
1138.603148 382.735010
1235.068915 388.096503
1325.122806 393.296809
1409.077985 398.221928
1487.445605 403.061262
909.662521 488.675666
1018.811210 490.170991
1120.681609 491.837353
1215.773348 493.468525
1304.587358 495.089256
1387.679543 496.681254
1465.188714 498.302559
896.263001 600.319345
1003.182267 598.217002
1103.256225 596.281139
1196.993482 594.469089
1284.609911 592.928643
1366.616339 591.340968
1443.385624 590.028957
883.361964 706.662644
988.206691 701.226837
1086.419441 696.115573
1178.630277 691.288510
1265.071204 686.730109
1346.029347 682.361575
1422.068816 678.350963
871.288133 807.603038
973.891931 799.346347
1070.300393 791.386377
1160.881610 783.863729
1246.102991 776.590293
1326.008333 769.817801
1401.208422 763.264114
859.738865 903.678807
960.249618 892.781848
1054.784646 882.287155
1143.829202 872.320951
1227.653614 862.683124
1306.632845 853.536780
1380.929512 844.862909
848.845564 994.873854
947.095305 981.595456
1039.952062 968.790995
1127.394115 956.757206
1209.905572 945.021339
1287.699163 933.784200
1361.179394 923.132543
843.541910 72.942100
938.783043 85.773355
1028.815325 98.214397
1113.880315 110.418890
1194.257893 122.287258
1270.302074 133.697855
1342.137164 144.811883
856.388703 153.780557
954.143324 164.707045
1046.473712 175.427120
1133.519887 185.861832
1215.605491 196.070927
1293.047971 205.840013
1366.013189 215.355889
869.965880 240.170742
970.466814 248.997016
1065.084207 257.648563
1154.251354 266.126625
1237.946000 274.406770
1316.753776 282.271709
1390.939128 289.991801
884.512866 332.754822
987.877651 339.045589
1084.854216 345.340576
1175.910579 351.442041
1261.334129 357.410338
1341.509574 363.190626
1416.904853 368.803174
900.113492 431.914098
1006.235738 435.298416
1105.595754 438.844432
1198.699081 442.263586
1285.816478 445.511685
1367.442739 448.848308
1443.796454 452.010431
916.822040 538.113873
1025.713243 538.174833
1127.647724 538.454140
1222.677998 538.796650
1311.457397 539.073287
1394.486621 539.487759
1471.997241 539.968029
934.579518 651.720646
1046.371914 648.017137
1150.765156 644.377987
1247.823427 641.212305
1338.300218 638.130511
1422.526318 635.357775
1501.188968 632.707638
620.818017 98.987227
718.368373 94.258754
818.148094 89.838638
920.032512 85.823618
1023.895121 82.181544
1129.537817 79.007937
1236.608354 76.330897
611.812914 190.065927
711.033096 186.183890
812.668661 182.584441
916.455974 179.388200
1022.355841 176.558798
1130.041525 174.067108
1239.184052 172.104840
602.717638 284.847426
703.587461 281.968187
806.960418 279.294053
912.738861 276.957890
1020.590921 275.007124
1130.321721 273.286751
1241.607661 272.091155
593.561411 383.258905
696.080676 381.441367
801.146726 379.930951
908.749246 378.584897
1018.631524 377.517282
1130.430692 376.770721
1243.810380 376.338358
584.403404 485.383038
688.477076 484.807519
795.194237 484.490230
904.694985 484.220916
1016.484223 484.238688
1130.312209 484.392678
1245.695301 484.789699
575.146790 591.096456
680.720417 591.906966
789.234110 592.887736
900.444028 593.910069
1014.152769 595.027552
1129.959657 596.125220
1247.369362 597.415714
565.842037 700.358338
673.120530 702.549371
783.226193 704.877966
896.122573 707.300843
1011.592482 709.548700
1129.269158 711.822793
1248.688732 714.025993
696.039298 370.003617
816.229388 370.869614
935.060108 372.104115
1052.205994 373.667273
1167.208004 375.610561
1279.767971 377.652656
1389.677147 380.010130
697.865338 486.202735
816.096928 486.450951
932.993353 486.949442
1048.270215 487.622590
1161.463178 488.449274
1272.373224 489.363756
1380.556180 490.523053
699.990168 598.788097
816.033738 598.449024
930.930686 598.204473
1044.311851 597.942540
1155.639487 597.863857
1264.732819 597.675770
1371.265554 597.710601
702.167350 707.480899
816.112962 706.542813
928.876894 705.603342
1040.251799 704.622830
1149.699128 703.620877
1256.939000 702.480967
1361.863239 701.393785
704.485911 812.166432
816.342668 810.719948
927.038553 809.103972
1036.251758 807.431311
1143.787870 805.563789
1249.181454 803.647274
1352.366917 801.630865
706.742445 912.990763
816.542527 911.012470
925.091401 908.795053
1032.308662 906.430293
1137.850691 903.871718
1241.509437 901.130779
1342.953427 898.246974
709.069843 1009.829405
816.692751 1007.264237
923.281017 1004.468487
1028.493579 1001.595582
1132.086867 998.381852
1233.759750 994.936601
1333.471794 991.385140
233.296603 446.559538
360.756153 447.495922
483.953722 448.692085
602.720370 450.066681
716.824483 451.558413
826.347375 453.097594
931.302101 454.803527
242.689585 554.591443
366.020205 553.502715
485.188038 552.675616
600.284338 551.959790
710.955135 551.281418
817.404797 550.742538
919.463484 550.344655
252.069416 655.873549
371.288809 653.034090
486.640302 650.288122
598.238425 647.653929
705.715778 645.191992
809.017075 642.726421
908.309720 640.517066
261.189441 750.807546
376.568887 746.350978
488.243047 741.958135
596.431894 737.725673
700.829792 733.606446
801.167438 729.583152
897.759646 725.665703
270.280368 839.673200
381.811531 833.914133
490.157158 828.085510
594.944103 822.447294
696.319849 816.805000
793.864790 811.378520
887.835631 805.981476
278.984541 923.132179
387.092288 916.144435
491.991793 909.107953
593.734339 902.189064
692.060593 895.264295
787.064718 888.471334
878.497239 881.833573
287.580112 1001.349822
392.218428 993.214516
493.947803 985.131365
592.671040 977.191292
688.243552 969.181001
780.506071 961.219690
869.631249 953.479870
258.118594 216.317391
376.649093 221.559653
491.500822 227.018452
602.508050 232.770751
709.546672 238.582048
812.528445 244.472216
911.466925 250.521786
255.912955 326.778575
374.803918 329.995710
489.957690 333.553968
601.284229 337.220403
708.585898 341.045103
811.826127 344.835101
910.931224 348.909443
254.357187 438.023615
373.479977 439.328348
488.820773 440.766610
600.418428 442.425370
707.766944 444.185697
811.109136 445.925393
910.432396 447.957717
253.333260 549.858261
372.655570 549.103874
488.091188 548.535199
599.702627 548.051249
707.122704 547.795116
810.501600 547.505994
909.920539 547.457841
253.127278 661.795650
372.260443 659.030992
487.633592 656.386709
599.189135 653.921193
706.703163 651.492520
809.991720 649.246566
909.345266 647.079447
253.386040 773.680930
372.325916 768.922051
487.612584 764.229442
599.058004 759.682724
706.463008 755.143010
809.709918 750.845636
908.876111 746.578627
254.247253 885.125788
372.862253 878.304265
488.002879 871.520339
599.165444 865.016874
706.378733 858.397950
809.350243 851.944917
908.355622 845.648746
287.623050 114.070778
395.716414 120.691945
500.681902 127.451945
602.417507 134.502817
700.836006 141.670862
795.822947 148.987255
887.389841 156.303843
279.533805 202.405947
390.506082 207.599179
498.184286 213.113876
602.433245 218.809329
703.242368 224.614239
800.385168 230.448216
893.911056 236.435533
271.392483 295.596016
385.307669 299.366027
495.758061 303.357916
602.727367 307.530902
705.857301 311.804294
805.202713 316.051120
900.774169 320.578794
263.314943 393.976471
380.341622 396.062856
493.573613 398.415016
603.079701 400.818986
708.656252 403.409918
810.264982 406.060017
908.008341 408.892708
255.483040 497.725089
375.395986 497.971902
491.468340 498.495399
603.712380 499.056996
711.711431 499.724751
815.611442 500.564231
915.454379 501.457434
247.708826 606.942894
370.592937 605.192940
489.764944 603.631986
604.653067 602.186161
715.198142 600.793119
821.427999 599.554901
923.362984 598.471177
240.039880 721.851731
366.144326 717.908619
488.270367 713.945426
605.907822 710.301539
719.062643 706.620184
827.418713 703.219073
931.463711 699.784042
62.082475 115.704548
184.001563 115.048662
306.360682 114.998548
428.973594 115.500281
551.473976 116.529461
673.523798 118.144450
794.506630 120.384419
72.614366 237.108185
192.786392 236.441283
313.399619 236.213024
434.246710 236.533484
555.021457 237.208005
675.285680 238.287440
794.512496 239.859399
83.794538 355.442806
202.117697 354.826010
320.858917 354.458293
439.989224 354.469713
558.905380 354.786053
677.235272 355.284107
794.564713 356.152684
95.228311 470.483084
211.822450 469.785946
328.713762 469.315446
445.895498 469.082678
562.968968 469.018029
679.335350 469.030406
794.828707 469.328329
107.345991 581.952970
221.907684 581.314666
336.961465 580.652079
452.124246 580.146132
567.230866 579.690429
681.606865 579.362483
795.147770 579.106478
119.495402 689.838887
232.243900 689.162027
345.348258 688.396721
458.581109 687.630480
571.641144 686.787942
684.201257 685.959695
795.646288 685.214010
131.981874 793.997062
242.787183 793.152203
353.932869 792.176720
465.164089 791.262172
576.229628 790.102947
686.669126 788.828458
796.215022 787.615147
162.753366 154.497619
300.194439 161.224776
432.876525 168.288451
560.732420 175.688450
683.595948 183.330590
801.133848 191.023946
913.460194 198.919452
170.121914 281.753093
304.295699 285.832797
433.841837 290.337863
558.809115 295.062110
678.876889 299.909586
794.032872 304.833733
904.073318 309.960236
178.035830 403.370920
308.822762 405.153427
435.227229 407.127809
557.364480 409.318560
674.692026 411.684483
787.278716 414.028595
895.096662 416.627126
186.220604 519.399564
313.730542 518.949788
436.991680 518.653404
556.175356 518.585667
670.835853 518.648701
780.906481 518.689744
886.526530 519.035077
194.803689 629.769419
318.960022 627.379839
439.239228 624.996112
555.375146 622.851451
667.430911 620.735914
774.950604 618.870783
878.333993 617.071125
203.412816 734.768744
324.466391 730.541033
441.612067 726.338614
554.986044 722.287230
664.360914 718.248651
769.590311 714.489091
870.605669 710.799795
212.227470 834.433013
329.986180 828.470856
444.269491 822.549313
554.834029 816.893163
661.636555 811.171784
764.370293 805.572387
863.199081 800.229191
138.674362 288.876590
255.411090 288.668431
372.365681 288.734979
489.484455 289.284805
606.370030 290.122137
722.626739 291.309245
837.804520 292.854200
130.573178 401.741436
248.524780 401.360534
366.720903 401.287579
485.099729 401.565881
603.303889 402.021167
720.694604 402.677275
837.051847 403.630986
123.108413 517.215304
242.144336 516.793650
361.483740 516.533767
481.149119 516.448402
600.407220 516.480492
718.867895 516.572635
836.393317 516.996740
116.156127 635.033507
236.443228 634.509123
356.862027 634.047770
477.442651 633.608384
597.805810 633.175311
717.348830 632.788740
835.854308 632.585042
110.167747 754.851821
231.154781 754.237801
352.569202 753.620026
474.126338 752.830168
595.419535 751.961451
715.990850 751.035984
835.311115 750.151655
104.534157 876.429994
226.453983 875.720655
348.787813 874.900938
471.198970 873.832902
593.380848 872.469486
714.807438 870.909276
834.986897 869.203583
100.140331 999.141148
222.308508 998.567889
345.754907 997.256703
468.801870 996.089923
591.624557 994.222844
713.660825 992.046727
834.568986 989.579600
246.637880 204.627348
366.463967 210.159745
482.483125 215.829658
594.643590 221.885171
702.749499 227.982916
806.825318 234.197832
906.753075 240.500830
237.087605 305.374804
360.311786 309.073921
479.551452 313.118757
594.650162 317.377757
705.558661 321.739957
812.143696 326.109704
914.363301 330.720486
227.506337 411.966859
354.187142 413.834842
476.683633 415.914297
595.011918 418.191999
708.620853 420.591103
817.707445 423.005961
922.345973 425.690351
217.966630 524.898762
348.351052 524.569725
474.194744 524.491507
595.487420 524.486230
711.970261 524.718170
823.675413 525.034559
930.743021 525.552175
208.792955 644.184527
342.630633 641.433793
471.788214 638.997566
596.343037 636.618648
715.749876 634.326189
830.034927 632.268772
939.425307 630.340780
199.744601 770.011734
337.139600 764.693233
469.954204 759.547843
597.592944 754.502128
719.984334 749.494683
836.898678 744.781612
948.624260 740.162750
190.841665 902.614772
332.172819 894.328065
468.449468 886.086045
599.236781 878.175726
724.562950 870.200127
844.042329 862.486184
958.129121 854.857651
1035.493918 464.852041
1136.478438 463.449512
1241.973238 462.285045
1352.166204 461.219377
1466.849071 460.332363
1586.047734 459.546435
1709.728304 458.923587
1046.443300 556.340178
1144.890845 557.178971
1247.492820 558.114312
1354.523046 559.214383
1465.791506 560.377772
1581.367248 561.776519
1701.066474 563.302828
1056.810250 643.112415
1152.620180 645.778755
1252.475434 648.538074
1356.406093 651.481245
1464.414363 654.666183
1576.427825 657.841309
1692.298448 661.304495
1066.432335 725.085507
1159.748882 729.417860
1256.847130 733.892537
1357.869635 738.607903
1462.725606 743.390398
1571.290044 748.266990
1683.527428 753.292283
1075.515873 802.595939
1166.443730 808.472978
1260.971352 814.428511
1359.100034 820.537750
1460.895374 826.880003
1566.116099 833.296860
1674.866923 839.844298
1083.985100 876.011772
1172.603968 883.232949
1264.559163 890.526563
1359.936251 897.933256
1458.771872 905.554021
1560.947615 913.245907
1666.352181 921.092500
1092.020753 945.539071
1178.295886 953.814142
1267.820467 962.251368
1360.653084 970.911518
1456.616158 979.672949
1555.742747 988.480582
1658.007098 997.499263
1057.258220 266.613943
1152.684151 261.197233
1252.096239 255.969933
1355.595838 250.857991
1463.096738 245.846208
1574.590404 241.029305
1689.945961 236.387675
1057.363591 361.347054
1152.977565 358.096536
1252.615403 354.897530
1356.367793 351.877225
1464.142849 348.981910
1575.925626 346.238502
1691.526977 343.725695
1057.368006 456.818159
1153.109237 455.589124
1252.848073 454.511379
1356.768058 453.554666
1464.696524 452.839754
1576.599293 452.144500
1692.429311 451.787009
1057.238887 552.496750
1153.027097 553.349016
1252.795013 554.447418
1356.688677 555.695376
1464.689730 557.038253
1576.634439 558.562752
1692.515813 560.213579
1057.071092 648.253909
1152.764511 651.260536
1252.471865 654.451840
1356.314479 657.760105
1464.212371 661.342875
1576.175102 664.976023
1691.908292 668.896442
1056.674184 743.896321
1152.149155 749.093191
1251.758801 754.425544
1355.450191 759.853798
1463.238397 765.573621
1575.061441 771.318621
1690.667525 777.319184
1056.196908 839.180040
1151.495832 846.374444
1250.876432 853.781363
1354.398907 861.489430
1461.898524 869.261050
1573.371078 877.183057
1688.693538 885.306531
1100.178746 158.938991
1186.563535 152.278320
1276.122692 145.718388
1368.877029 139.269687
1464.769181 132.937892
1563.873745 126.772275
1666.064690 120.748178
1092.156090 229.137677
1180.762321 223.703655
1272.819595 218.308114
1368.212254 213.078268
1467.005284 208.008493
1569.022746 203.061868
1674.349110 198.313751
1083.622621 303.574359
1174.551844 299.454322
1269.145612 295.452391
1367.327386 291.587482
1468.958544 287.931209
1574.201507 284.277078
1682.851975 280.988352
1074.520583 382.280095
1167.910769 379.682221
1265.066932 377.319161
1366.037682 375.012452
1470.790304 372.835074
1579.235977 370.855314
1691.434403 369.053100
1064.856605 465.696143
1160.691635 464.835279
1260.366409 464.231578
1364.402199 463.643369
1472.301210 463.311212
1584.185473 463.043905
1699.915455 463.108592
1054.500664 553.998032
1152.667132 555.130602
1255.336233 556.514892
1362.222859 557.956860
1473.457940 559.626583
1588.878000 561.409350
1708.435424 563.442328
1043.272139 647.430501
1144.157141 650.748536
1249.634815 654.252080
1359.724292 658.051514
1474.258218 661.934329
1593.364459 666.115607
1716.791722 670.351994
1135.878898 278.726725
1227.752001 274.264968
1323.090226 269.960555
1421.973980 265.843421
1524.220594 261.797593
1630.014454 257.923253
1739.123202 254.217165
1130.152133 361.104331
1223.897873 358.274061
1321.379599 355.547518
1422.470488 353.005639
1527.186846 350.637887
1635.443942 348.277896
1747.179487 346.263222
1124.029026 447.393154
1219.686940 446.261247
1319.267826 445.272127
1422.656140 444.433735
1529.753895 443.929177
1640.644435 443.321600
1755.148708 443.078200
1117.488507 537.457347
1215.098830 538.173297
1316.772956 539.211625
1422.392205 540.332751
1531.974550 541.636874
1645.508410 543.165660
1762.861466 544.783128
1110.517577 631.432993
1210.086714 634.228840
1313.724279 637.374112
1421.765906 640.599614
1533.773904 644.112702
1650.065462 647.700594
1770.049330 651.584260
1103.070961 729.337094
1204.356163 734.567593
1310.274151 739.994854
1420.515591 745.513706
1535.135318 751.373001
1654.050353 757.301563
1776.998917 763.496951
1095.103464 831.170416
1198.406779 838.834203
1306.340048 846.706426
1418.952683 854.919907
1535.998814 863.270521
1657.535633 871.818828
1783.402080 880.487130
1149.982748 378.933990
1253.842244 377.247637
1360.361313 375.935417
1469.412986 374.815289
1580.730356 373.900703
1694.210951 373.173596
1809.573586 372.738694
1149.944390 479.749352
1253.833475 479.630838
1360.556059 479.674319
1469.712018 479.932000
1581.153948 480.338452
1694.815518 480.892700
1810.195034 481.650455
1149.672914 580.980129
1253.571749 582.331948
1360.298691 583.810806
1469.467560 585.362192
1580.950623 587.158412
1694.566567 588.883574
1810.024541 590.917004
1149.185626 682.115784
1253.044364 684.892237
1359.578563 687.836552
1468.715471 690.871680
1580.159329 693.905701
1693.613926 696.991000
1809.012825 700.093621
1148.538569 782.959228
1252.178825 787.265392
1358.553243 791.625621
1467.533470 795.992091
1578.733838 800.444598
1692.079405 804.784148
1807.216883 809.218995
1147.657813 883.368545
1250.999488 889.210087
1357.105001 895.001582
1465.736202 900.782426
1576.712928 906.525536
1689.836968 912.143128
1804.766511 917.759879
1146.631527 983.065624
1249.571364 990.315660
1355.326896 997.486798
1463.698235 1004.753938
1574.261916 1011.782225
1686.850695 1018.525910
1801.589565 1025.598312
1080.918269 204.513779
1184.921672 197.100449
1293.531117 189.914193
1406.877227 182.801823
1524.814848 175.874686
1647.252920 169.082544
1774.112096 162.532463
1088.867918 306.543230
1191.024208 301.781507
1297.603576 297.063910
1408.711384 292.491416
1524.146723 288.011614
1644.036852 283.791177
1768.001202 279.724605
1096.450112 405.179625
1196.639865 402.675530
1301.160865 400.234274
1409.964838 397.933581
1522.949630 395.898960
1640.132466 393.833243
1761.295582 392.128160
1103.514659 500.007384
1201.800736 499.581248
1304.177136 499.365093
1410.691845 499.330453
1521.235654 499.338092
1635.737662 499.490140
1754.167686 499.743721
1110.200224 591.149178
1206.574129 592.748483
1306.878398 594.470986
1411.052814 596.295942
1519.157960 598.354611
1631.039065 600.528513
1746.595903 602.854635
1116.369002 678.714336
1210.822969 682.145929
1308.984260 685.678491
1410.925724 689.299820
1516.626044 693.161920
1626.045667 697.084551
1738.811948 701.200728
1122.205067 762.677040
1214.700843 767.649489
1310.823955 772.766937
1410.624786 778.186127
1513.881148 783.676202
1620.616196 789.211781
1730.760582 795.000095
1186.866654 82.812350
1296.040657 80.162318
1406.211671 78.191932
1517.227732 76.725911
1628.692436 75.688199
1740.446395 75.051683
1852.092527 75.144367
1187.178165 189.615898
1295.896924 187.816328
1405.626715 186.430927
1516.136179 185.524970
1627.078147 185.017384
1738.332820 184.862495
1849.380738 185.084339
1187.284435 295.935023
1295.379659 294.897321
1404.551518 294.168227
1514.461909 293.787748
1624.792070 293.789562
1735.342225 293.898999
1845.874240 294.494093
1187.078902 401.393800
1294.520804 401.004387
1402.923399 400.938759
1512.170635 401.155660
1621.837341 401.515072
1731.674275 402.091301
1841.514967 402.853127
1186.623202 505.677620
1293.284783 506.048688
1400.954440 506.598554
1509.358634 507.281460
1618.301756 508.136395
1727.387019 509.090287
1836.328630 510.195362
1185.861219 608.641363
1291.654915 609.756882
1398.456890 610.928313
1506.005556 612.114813
1614.075021 613.417956
1722.428752 614.689968
1830.619297 616.102823
1184.855941 709.974874
1289.683175 711.659229
1395.628696 713.354770
1502.301659 715.198096
1609.426573 716.910559
1716.696041 718.520206
1824.115953 720.252439
