200.000000 200.000000
300.000000 200.000000
400.000000 200.000000
500.000000 200.000000
600.000000 200.000000
700.000000 200.000000
800.000000 200.000000
200.000000 300.000000
300.000000 300.000000
400.000000 300.000000
500.000000 300.000000
600.000000 300.000000
700.000000 300.000000
800.000000 300.000000
200.000000 400.000000
300.000000 400.000000
400.000000 400.000000
500.000000 400.000000
600.000000 400.000000
700.000000 400.000000
800.000000 400.000000
200.000000 500.000000
300.000000 500.000000
400.000000 500.000000
500.000000 500.000000
600.000000 500.000000
700.000000 500.000000
800.000000 500.000000
200.000000 600.000000
300.000000 600.000000
400.000000 600.000000
500.000000 600.000000
600.000000 600.000000
700.000000 600.000000
800.000000 600.000000
200.000000 700.000000
300.000000 700.000000
400.000000 700.000000
500.000000 700.000000
600.000000 700.000000
700.000000 700.000000
800.000000 700.000000
200.000000 800.000000
300.000000 800.000000
400.000000 800.000000
500.000000 800.000000
600.000000 800.000000
700.000000 800.000000
800.000000 800.000000
663.706797 146.523914
735.814939 135.724841
812.148443 124.547277
893.044771 113.092891
978.728091 101.128959
1069.696301 88.922420
1165.897049 76.352239
641.067613 216.454764
714.338149 207.380619
792.078953 197.932226
874.598976 188.245025
962.385215 178.154985
1055.508868 167.832081
1154.375282 157.258241
617.349996 290.380417
691.802532 283.171942
770.922583 275.749774
855.201135 268.003771
944.920155 260.122427
1040.359346 251.966781
1141.927972 243.789957
592.616047 368.209670
668.197234 363.191008
748.685816 358.126038
834.583802 352.770527
926.346797 347.331102
1024.217114 341.899308
1128.538714 336.277984
566.781007 450.411105
643.458418 447.870176
725.230566 445.492176
812.942975 442.813831
906.581422 440.300227
1006.917980 437.675635
1114.023955 435.212694
539.752267 537.017954
617.404722 537.365667
700.747620 537.950913
789.885571 538.433766
885.616859 539.212811
988.287269 539.991379
1098.242889 540.995473
511.537348 628.183663
590.405980 631.708004
675.012104 635.530844
765.836653 639.736197
863.368655 644.192476
968.485255 648.953349
1081.219954 653.990079
923.775664 371.696510
1034.939492 377.255105
1138.548233 382.681391
1235.036463 388.058742
1325.093538 393.286218
1409.057373 398.193791
1487.416985 403.035792
909.581417 488.636880
1018.736009 490.147568
1120.658539 491.828090
1215.742827 493.413237
1304.560271 495.064891
1387.604566 496.652641
1465.167862 498.283281
896.193389 600.274321
1003.109197 598.207789
1103.232522 596.224031
1196.941613 594.454518
1284.554176 592.894925
1366.569010 591.319692
1443.373759 590.013591
883.306240 706.615698
988.182592 701.201122
1086.411004 696.091023
1178.602285 691.278612
1265.029507 686.707995
1346.008050 682.316574
1422.039693 678.357550
871.228221 807.566379
973.847953 799.306694
1070.264706 791.336029
1160.812749 783.829590
1246.072590 776.580260
1325.964533 769.784973
1401.189950 763.227294
859.692317 903.643554
960.206256 892.753662
1054.703322 882.274668
1143.798296 872.318932
1227.624548 862.639264
1306.598506 853.499552
1380.924812 844.833039
848.797134 994.848395
947.041186 981.582682
1039.902007 968.786322
1127.349080 956.720642
1209.879597 944.974863
1287.696445 933.735395
1361.156506 923.105651
200.000000 200.000000
300.000000 200.000000
400.000000 200.000000
500.000000 200.000000
600.000000 200.000000
700.000000 200.000000
800.000000 200.000000
200.000000 300.000000
300.000000 300.000000
400.000000 300.000000
500.000000 300.000000
600.000000 300.000000
700.000000 300.000000
800.000000 300.000000
200.000000 400.000000
300.000000 400.000000
400.000000 400.000000
500.000000 400.000000
600.000000 400.000000
700.000000 400.000000
800.000000 400.000000
200.000000 500.000000
300.000000 500.000000
400.000000 500.000000
669.008410 988.048718
600.000000 500.000000
700.000000 500.000000
800.000000 500.000000
200.000000 600.000000
300.000000 600.000000
400.000000 600.000000
500.000000 600.000000
600.000000 600.000000
700.000000 600.000000
800.000000 600.000000
200.000000 700.000000
300.000000 700.000000
400.000000 700.000000
500.000000 700.000000
600.000000 700.000000
700.000000 700.000000
800.000000 700.000000
200.000000 800.000000
300.000000 800.000000
400.000000 800.000000
500.000000 800.000000
600.000000 800.000000
700.000000 800.000000
800.000000 800.000000
620.815471 99.011608
718.375587 94.284281
818.148644 89.850610
920.053323 85.856731
1023.913775 82.219791
1129.556773 79.037263
1236.603580 76.378843
611.849573 190.078779
711.074513 186.232374
812.680592 182.614453
916.468543 179.436500
1022.368172 176.579365
1130.036567 174.118101
1239.175767 172.131600
602.745441 284.879649
703.625143 281.990124
806.979269 279.351713
912.752733 277.010861
1020.606141 275.036442
1130.329312 273.330640
1241.629502 272.120835
593.602177 383.293080
696.099078 381.471691
801.156903 379.954530
908.767309 378.599459
1018.630704 377.548317
1130.451951 376.831491
1243.820195 376.371919
584.412452 485.434164
688.488618 484.839102
795.199325 484.528100
904.733264 484.261803
1016.490088 484.251190
1130.348549 484.411686
1245.720372 484.831747
575.164274 591.136072
680.742808 591.933611
789.281214 592.916627
900.454623 593.920923
1014.165630 595.040328
1129.979677 596.161708
1247.387840 597.457202
565.901395 700.357722
673.157227 702.571900
783.237446 704.898519
896.161078 707.314920
1011.607789 709.594926
1129.297342 711.851703
1248.690715 714.087620
696.049287 369.977649
816.240162 370.857773
935.054642 372.078282
1052.212453 373.638385
1167.223212 375.585915
1279.760926 377.629882
1389.660811 379.990725
697.846673 486.182105
816.077003 486.438426
932.987857 486.947239
1048.267759 487.594407
1161.448634 488.431559
1272.306262 489.334056
1380.545499 490.509526
699.976200 598.769966
816.003178 598.431000
930.932708 598.156556
1044.286601 597.926247
1155.608645 597.830810
1264.695492 597.661788
1371.258011 597.685826
702.152144 707.444367
816.123190 706.513743
928.888078 705.587591
1040.251227 704.608009
1149.676713 703.585587
1256.931906 702.444837
1361.855532 701.391735
704.464489 812.134355
816.323444 810.684703
927.017729 809.071426
1036.234676 807.394349
1143.776029 805.541350
1249.167692 803.621182
1352.353394 801.586097
706.732285 912.965955
816.527260 910.977558
925.060352 908.763179
1032.306254 906.416593
1137.836667 903.826327
1241.478154 901.092676
1342.955346 898.220479
709.071448 1009.791466
816.680100 1007.248986
923.256963 1004.450150
1028.464282 1001.555904
1132.072911 998.329775
1233.762291 994.882579
1333.490950 991.332583
233.308808 446.510891
360.771382 447.466970
483.904565 448.627605
602.716891 450.015070
716.827139 451.522352
826.322547 453.056256
931.299092 454.769937
242.607259 554.519416
365.967406 553.461831
485.182130 552.660520
600.259348 551.898646
710.938250 551.245237
817.345091 550.691932
919.456351 550.321533
252.045594 655.826798
371.210565 652.992334
486.634822 650.228252
598.200501 647.609336
705.663734 645.147645
808.966957 642.704501
908.283981 640.488661
261.158791 750.773267
376.558041 746.310787
488.240458 741.926405
596.424140 737.710278
700.800455 733.575057
801.142505 729.537464
897.743216 725.653899
270.196208 839.617176
381.788738 833.874440
490.130633 828.048500
594.906847 822.408070
696.298819 816.788320
793.818692 811.343470
887.805215 805.945939
278.977081 923.091075
387.052351 916.100617
491.927126 909.078351
593.722607 902.173247
692.048913 895.221321
787.020698 888.428196
878.498399 881.804523
287.550001 1001.294221
392.185408 993.209715
493.920865 985.117124
592.649434 977.149529
688.215459 969.129922
780.500394 961.177908
869.630951 953.442943
258.112760 216.315302
376.649133 221.585523
491.460550 227.006504
602.472988 232.786607
709.517789 238.606695
812.508196 244.481471
911.442751 250.541348
255.867094 326.747849
374.779203 330.030107
489.959991 333.569223
601.256605 337.212540
708.563235 341.046531
811.765067 344.851910
910.912774 348.917863
254.351388 438.040414
373.426073 439.328303
488.800357 440.791264
600.376920 442.443837
707.725341 444.189120
811.068641 445.947845
910.404612 447.960587
253.343260 549.864491
372.643025 549.109996
488.054393 548.517687
599.664897 548.065314
707.087736 547.798370
810.477036 547.502836
909.894601 547.476101
253.069388 661.782009
372.238461 659.021897
487.604051 656.374720
599.163716 653.904100
706.675103 651.499706
809.959235 649.258416
909.306810 647.091038
253.368989 773.682018
372.300202 768.914101
487.563680 764.240058
599.038365 759.686126
706.433360 755.128861
809.673415 750.827241
908.866760 746.578480
254.233827 885.085086
372.847320 878.320502
487.963860 871.534385
599.144429 864.996220
706.340199 858.375378
809.334541 851.929626
908.318503 845.652863
287.582066 114.094475
395.690418 120.740642
500.645562 127.468429
602.372620 134.555517
700.801993 141.721818
795.811012 149.009812
887.361775 156.353481
279.514208 202.416819
390.484977 207.656142
498.180488 213.142517
602.409956 218.842924
703.222205 224.634909
800.341702 230.499457
893.888834 236.457144
271.380059 295.640603
385.292472 299.410396
495.736830 303.416544
602.696052 307.592723
705.824558 311.837221
805.169540 316.090442
900.747885 320.613315
263.322892 394.023425
380.314631 396.101545
493.558978 398.430045
603.040683 400.843046
708.597489 403.453819
810.237522 406.097693
907.978801 408.928216
255.418340 497.760290
375.376514 497.997675
491.444831 498.509903
603.687332 499.071186
711.687349 499.752666
815.582197 500.598569
915.432962 501.515686
247.692956 606.988622
370.577359 605.228893
489.732775 603.685186
604.617403 602.214240
715.158446 600.826671
821.406083 599.594554
923.346844 598.510015
240.027606 721.865082
366.134629 717.954360
488.239473 713.990163
605.904913 710.327578
719.022521 706.668378
827.406481 703.241056
931.410841 699.859523
62.124521 115.675421
184.038938 115.036897
306.343651 114.956334
428.999205 115.478368
551.493973 116.537665
673.510605 118.133258
794.527832 120.402411
72.474117 237.015217
192.788275 236.438308
313.419284 236.227152
434.246689 236.511885
555.021364 237.174828
675.276136 238.266471
794.526487 239.849878
83.829671 355.434895
202.075517 354.792432
320.875290 354.448817
439.974410 354.438912
558.887080 354.757946
677.222776 355.279572
794.545464 356.137559
95.297550 470.475447
211.827628 469.765918
328.703469 469.292310
445.909716 469.072550
562.947907 468.994153
679.329133 469.018323
794.823084 469.318245
107.295074 581.901220
221.912566 581.289189
336.958308 580.642678
452.143126 580.111614
567.228288 579.665763
681.612704 579.325235
795.128042 579.079847
119.552497 689.806641
232.235804 689.115085
345.340037 688.358778
458.587735 687.611644
571.653507 686.743468
684.175826 685.919012
795.650927 685.194669
132.007296 793.930852
242.806194 793.158882
353.918737 792.176454
465.169396 791.223432
576.231129 790.055502
686.677262 788.784545
796.217748 787.570833
162.762020 154.459812
300.220763 161.209355
432.813511 168.221081
560.708159 175.656529
683.584234 183.310731
801.106484 190.998714
913.437410 198.906575
170.025792 281.662075
304.250406 285.808994
433.837712 290.337431
558.771953 295.005023
678.846015 299.888868
793.953153 304.795191
904.059449 309.937310
178.018393 403.346228
308.735840 405.119447
435.217521 407.075923
557.308062 409.283368
674.635051 411.642501
787.227392 414.010974
895.064789 416.599424
186.203488 519.367604
313.723836 518.912818
436.973286 518.624631
556.159892 518.568653
670.799983 518.613874
780.872277 518.652791
886.499915 519.029002
194.721394 629.705931
318.927587 627.333322
439.208614 624.949165
555.338045 622.809398
667.406576 620.717472
774.925921 618.831256
878.293878 617.036171
203.402710 734.726785
324.423830 730.497365
441.551356 726.305945
554.968301 722.275091
664.348895 718.201493
769.552079 714.435402
870.598986 710.774028
212.209030 834.379009
329.957994 828.470117
444.224129 822.545751
554.798556 816.852956
661.607406 811.116225
764.356619 805.532884
863.194902 800.177708
138.686452 288.901736
255.438463 288.685533
372.360978 288.738408
489.490100 289.323805
606.363350 290.158686
722.625014 291.339000
837.801914 292.900710
130.576804 401.746865
248.532885 401.398323
366.740618 401.314181
485.100477 401.587361
603.297182 402.033758
720.689802 402.707082
837.049894 403.651326
123.148215 517.248647
242.141549 516.803288
361.497530 516.578787
481.144109 516.482374
600.397559 516.507868
718.877842 516.603283
836.380375 516.999824
116.222065 635.066203
236.450571 634.518906
356.852286 634.052986
477.452044 633.625769
597.776637 633.204141
717.340857 632.815157
835.842525 632.598800
110.132620 754.846648
231.171783 754.246711
352.569586 753.632068
474.149700 752.830506
595.421017 751.951344
715.981525 751.061469
835.303456 750.163952
104.607380 876.434795
226.443012 875.713219
348.807379 874.893435
471.207073 873.822101
593.377569 872.462448
714.797153 870.922267
834.988157 869.221263
100.218383 999.021702
222.346822 998.619075
345.725982 997.278881
468.832028 996.055830
591.619021 994.212101
713.678691 992.028583
834.539522 989.609238
246.600944 204.659041
366.446410 210.213201
482.444326 215.858508
594.585827 221.942966
702.714663 228.035841
806.814949 234.240218
906.724988 240.550119
237.062166 305.400588
360.280813 309.139423
479.547436 313.149242
594.617883 317.413710
705.530793 321.774047
812.095078 326.171713
914.330563 330.747082
227.486567 412.011499
354.156724 413.880870
476.652186 415.978931
594.979590 418.269110
708.578346 420.634162
817.677322 423.057763
922.314193 425.741383
217.978266 524.948817
348.314663 524.620521
474.182125 524.511091
595.452455 524.515827
711.910407 524.775021
823.646676 525.074326
930.706192 525.597659
208.707189 644.217170
342.602128 641.462674
471.763047 639.019173
596.305083 636.638482
715.711525 634.361853
830.010261 632.315997
939.390809 630.407617
199.731580 770.059820
337.115563 764.727298
469.920555 759.604689
597.546497 754.535436
719.938546 749.537865
836.870022 744.814744
948.607494 740.196961
190.894043 902.567570
332.175911 894.392473
468.398203 886.162352
599.225554 878.206676
724.510970 870.245371
844.020494 862.515014
958.059437 854.947228
1035.528537 464.820559
1136.513752 463.399860
1242.000272 462.248873
1352.262959 461.154245
1466.933811 460.278588
1586.082150 459.492635
1709.774775 458.870166
1046.474156 556.317369
1144.912252 557.144301
1247.508853 558.100125
1354.559819 559.194101
1465.825593 560.334001
1581.372812 561.700354
1701.098390 563.282476
1056.830099 643.082417
1152.633419 645.732719
1252.510370 648.501777
1356.425827 651.442646
1464.441780 654.617923
1576.440051 657.807892
1692.363273 661.258540
1066.452840 725.055052
1159.781669 729.380957
1256.890197 733.883530
1357.917358 738.583717
1462.763677 743.333215
1571.341792 748.229036
1683.570128 753.280515
1075.547285 802.574630
1166.455745 808.451036
1260.983277 814.415740
1359.126867 820.521945
1460.922433 826.845164
1566.166412 833.252674
1674.918229 839.750299
1084.007748 875.996879
1172.615855 883.204351
1264.581805 890.482007
1359.976298 897.909487
1458.789040 905.506189
1560.961297 913.212890
1666.388825 921.048999
1092.053901 945.511620
1178.321746 953.789701
1267.832350 962.223758
1360.648252 970.874096
1456.654003 979.622581
1555.796427 988.426414
1658.105310 997.430893
1057.270800 266.617899
1152.709379 261.208095
1252.120984 255.958182
1355.653819 250.850911
1463.151213 245.845277
1574.628245 241.029297
1689.970594 236.397897
1057.409488 361.350168
1153.018865 358.110072
1252.631745 354.912985
1356.402314 351.899391
1464.170079 348.968299
1575.926551 346.242741
1691.546003 343.743031
1057.394553 456.825770
1153.143678 455.589232
1252.882023 454.536030
1356.786574 453.565724
1464.730016 452.841899
1576.615140 452.153065
1692.507115 451.771393
1057.275916 552.500969
1153.052204 553.345492
1252.818049 554.455500
1356.726779 555.687693
1464.729737 557.025002
1576.687297 558.568478
1692.554339 560.221410
1057.105404 648.276003
1152.774514 651.270542
1252.486481 654.462362
1356.362128 657.777805
1464.243634 661.328847
1576.235243 664.986063
1691.959762 668.844974
1056.690263 743.913234
1152.177042 749.092457
1251.807298 754.406759
1355.485401 759.842276
1463.261525 765.548338
1575.093179 771.318811
1690.716112 777.299468
1056.253392 839.168225
1151.536079 846.365757
1250.899513 853.772844
1354.413819 861.473005
1461.921212 869.251305
1573.412220 877.154189
1688.759548 885.301025
1100.173745 158.964948
1186.566872 152.310729
1276.137203 145.738371
1368.908073 139.306623
1464.793948 132.974446
1563.915738 126.800090
1666.074032 120.781418
1092.209431 229.162810
1180.808800 223.747574
1272.825907 218.340396
1368.233328 213.140637
1467.035419 208.021766
1569.039485 203.105436
1674.359129 198.342817
1083.650507 303.607988
1174.608632 299.485874
1269.169136 295.524949
1367.355756 291.661152
1468.996622 287.972096
1574.210696 284.319432
1682.898578 281.018946
1074.563658 382.331829
1167.923891 379.715350
1265.093044 377.354808
1366.053932 375.023817
1470.796202 372.872064
1579.276605 370.912861
1691.454268 369.084070
1064.876493 465.768713
1160.696589 464.878469
1260.384400 464.269796
1364.450569 463.691380
1472.319216 463.328572
1584.238534 463.089751
1699.976455 463.137298
1054.508650 554.045078
1152.702447 555.174154
1255.390890 556.551355
1362.246263 557.976495
1473.479626 559.664433
1588.930715 561.462741
1708.463514 563.470588
1043.339308 647.456678
1144.199778 650.770728
1249.666881 654.279823
1359.762080 658.083960
1474.270538 662.018390
1593.417741 666.164417
1716.826961 670.450124
1135.880746 278.750547
1227.763045 274.299813
1323.114050 269.983901
1422.007779 265.878982
1524.254537 261.827118
1630.053887 257.948390
1739.134163 254.242437
1130.199902 361.125857
1223.940619 358.312704
1321.391640 355.571634
1422.498345 353.060216
1527.206074 350.649490
1635.457996 348.325151
1747.183590 346.292098
1124.054185 447.419766
1219.749156 446.284540
1319.291436 445.333823
1422.688237 444.508297
1529.787693 443.970435
1640.662369 443.362225
1755.208287 443.113074
1117.529107 537.490418
1215.120689 538.197256
1316.801858 539.242359
1422.420962 540.346854
1531.996789 541.667372
1645.552752 543.207631
1762.885478 544.813551
1110.545116 631.490558
1210.101827 634.269876
1313.742206 637.425215
1421.805134 640.644339
1533.791820 644.124480
1650.119736 647.744253
1770.113197 651.589020
1103.084264 729.374520
1204.390222 734.592602
1310.334098 740.021489
1420.545233 745.530982
1535.143228 751.391186
1654.103849 757.343834
1777.038659 763.495294
1095.178004 831.190198
1198.448338 838.844652
1306.374175 846.733045
1418.995694 854.942363
1536.021611 863.326238
1657.571662 871.829694
1783.449273 880.575787
1149.992945 378.937684
1253.845922 377.278082
1360.375747 375.932233
1469.438558 374.807740
1580.782232 373.895714
1694.240103 373.176028
1809.572305 372.722570
1149.971611 479.756206
1253.870514 479.638459
1360.576685 479.676899
1469.744210 479.952338
1581.163711 480.326409
1694.783098 480.891519
1810.195833 481.657348
1149.686794 580.990571
1253.595156 582.328660
1360.322128 583.809190
1469.491520 585.380683
1580.964740 587.168328
1694.567406 588.885911
1810.098198 590.907768
1149.207872 682.119582
1253.060499 684.882567
1359.627721 687.855666
1468.734677 690.870553
1580.174417 693.891173
1693.649135 696.967284
1809.031899 700.102189
1148.562594 782.976418
1252.185241 787.267391
1358.556089 791.622315
1467.526233 796.000051
1578.748339 800.428602
1692.110414 804.799396
1807.274898 809.156107
1147.663814 883.378104
1251.021202 889.203101
1357.128655 894.988293
1465.772194 900.766370
1576.707128 906.496091
1689.846019 912.135366
1804.804598 917.708413
1146.670700 983.039975
1249.590094 990.295963
1355.344413 997.474399
1463.687185 1004.719714
1574.239315 1011.712271
1686.851082 1018.376448
1801.570734 1025.612732
1080.949488 204.491215
1184.961122 197.073297
1293.557166 189.875960
1406.959918 182.749052
1524.893130 175.831985
1647.296351 169.043828
1774.144520 162.489992
1088.901849 306.523486
1191.056908 301.763039
1297.615021 297.051117
1408.753106 292.477843
1524.176737 287.982269
1644.025963 283.727864
1768.028336 279.713812
1096.468773 405.155153
1196.673910 402.635544
1301.197625 400.207856
1409.984804 397.903980
1522.981602 395.851183
1640.144339 393.815762
1761.379333 392.076641
1103.535207 499.973038
1201.832997 499.552138
1304.216306 499.354709
1410.746892 499.305270
1521.272413 499.288073
1635.789496 499.456208
1754.205190 499.737216
1110.237067 591.138427
1206.587265 592.731268
1306.889501 594.460822
1411.079152 596.288596
1519.177984 598.325653
1631.094962 600.486327
1746.658300 602.765541
1116.387508 678.707938
1210.851668 682.126456
1309.025842 685.631053
1410.959682 689.274438
1516.654950 693.106290
1626.051816 697.045073
1738.860419 701.159092
1122.247433 762.644276
1214.730618 767.624964
1310.846331 772.745097
1410.623507 778.153685
1513.908061 783.627919
1620.654147 789.161435
1730.845305 794.940300
1186.863648 82.809517
1296.027098 80.200820
1406.206539 78.185546
1517.243857 76.716649
1628.716398 75.687056
1740.450700 75.052358
1852.188069 75.124727
1187.198214 189.580149
1295.914387 187.820385
1405.641976 186.434817
1516.148598 185.532294
1627.073912 184.992679
1738.291771 184.851070
1849.431551 185.088274
1187.299067 295.938594
1295.387075 294.881261
1404.560977 294.174352
1514.455719 293.789517
1624.785864 293.787272
1735.326035 293.893285
1845.922408 294.460599
1187.078031 401.392083
1294.523649 401.009045
1402.964031 400.941453
1512.176367 401.149235
1621.831979 401.498455
1731.685883 402.070685
1841.516216 402.862956
1186.635959 505.687158
1293.277231 506.039336
1400.945373 506.591894
1509.335942 507.277336
1618.294697 508.130644
1727.391593 509.085984
1836.388883 510.139254
1185.857305 608.646507
1291.664873 609.743973
1398.457482 610.907980
1506.011328 612.110895
1614.060745 613.382144
1722.418983 614.657842
1830.646865 616.061343
1184.874110 709.941951
1289.681327 711.636268
1395.629098 713.341807
1502.276135 715.174155
1609.419353 716.878695
1716.723226 718.482753
1824.154814 720.217330
