504.957366 401.748777
584.575651 397.682144
669.431500 393.539817
760.256076 389.058741
857.387706 384.302130
961.818193 379.122738
1074.182415 373.545447
527.120433 496.801280
605.786020 495.941517
689.432842 495.057401
778.805962 494.110386
874.308567 492.929350
976.816978 491.814530
1086.905048 490.656786
548.489076 588.132896
626.091972 590.016105
708.628117 592.098784
796.559173 594.263643
890.539997 596.665136
991.106387 599.098089
1098.991326 601.850577
568.940404 675.666830
645.590081 680.187690
726.948220 685.054736
813.581680 690.285802
906.009299 695.693400
1004.771020 701.526686
1110.465221 707.787583
588.655097 759.843464
664.358391 766.798009
744.658788 774.173215
829.966727 781.963209
920.837229 790.314311
1017.823746 799.193358
1121.450355 808.720198
607.576723 840.889993
682.325509 850.044987
761.528316 859.735341
845.545440 869.936767
934.993720 880.872193
1030.271952 892.553200
1131.916422 905.037959
625.834106 918.815712
699.652038 929.930196
777.699240 941.717806
860.586362 954.245106
948.553537 967.573433
1042.157885 981.755555
1141.960082 996.960548
631.940449 159.746227
706.440493 149.483776
785.302235 138.726389
869.027841 127.357306
957.954082 115.161276
1052.826052 102.225474
1153.833356 88.490449
614.063928 239.287552
689.387821 231.268490
769.184382 222.747944
853.987257 213.727016
944.360347 204.040479
1040.662436 193.870264
1143.422933 182.970962
595.505930 321.882917
671.732265 316.079465
752.524902 310.022101
838.495890 303.543615
930.123016 296.682903
1027.924686 289.295230
1132.566375 281.543918
576.348784 407.372116
653.392327 404.042879
735.212578 400.670642
822.310946 397.015473
915.296892 393.073054
1014.727408 388.960604
1121.183933 384.449404
556.528545 496.160596
634.405163 495.518537
717.138329 495.018515
805.578841 494.278923
899.840837 493.605542
1000.931182 492.821257
1109.204739 492.154749
535.864337 588.295918
614.488081 590.553291
698.476613 593.107626
787.948251 595.676654
883.732608 598.594246
986.429465 601.563951
1096.705088 604.818495
514.404590 683.961641
594.036807 689.355962
679.019365 695.147131
769.784670 701.434932
866.882075 708.074858
971.372489 715.191097
1083.610900 722.889598
916.561842 307.080880
1026.974224 314.655723
1130.184362 321.722283
1227.028152 328.457842
1318.012147 334.803605
1403.753233 340.613814
1484.534025 346.260499
907.008028 427.148278
1015.892233 430.657764
1117.788050 434.063644
1213.465686 437.185731
1303.411374 440.169440
1388.259032 442.945886
1468.261826 445.576874
897.909073 543.070721
1005.131346 542.881034
1105.746884 542.656676
1200.250170 542.534127
1289.251050 542.417034
1373.237713 542.132352
1452.522485 542.079802
888.970602 655.099943
994.811130 651.325416
1094.023209 647.823489
1187.459826 644.570993
1275.475635 641.506702
1358.576879 638.526486
1437.195430 635.837127
880.425883 763.275482
984.751201 756.261883
1082.729689 749.687711
1174.950436 743.577390
1262.150621 737.680182
1344.363969 732.217570
1422.256405 726.931290
872.207024 868.005488
975.074679 857.946580
1071.743802 848.490281
1163.000613 839.589893
1249.168734 831.090382
1330.652903 823.135415
1407.835316 815.628633
864.192112 969.263046
965.517457 956.322823
1061.143200 944.096666
1151.319447 932.709979
1236.596931 921.789910
1317.240002 911.467877
1393.744382 901.821692
857.702708 86.706024
956.841142 99.981500
1050.262308 112.394306
1138.623779 124.311667
1222.186337 135.557012
1301.492381 146.150076
1376.746599 156.231874
868.181799 180.493551
969.135536 191.216405
1064.263161 201.359925
1153.981040 210.927156
1238.795490 220.028796
1319.049370 228.606126
1395.163607 236.651591
879.130795 278.535240
981.935975 286.521606
1078.700273 294.048943
1169.918263 301.225320
1255.948860 307.988690
1337.292328 314.225260
1414.428332 320.305176
890.628050 381.152499
995.437634 386.075721
1093.849985 390.765960
1186.442893 395.163844
1273.742929 399.400644
1356.248976 403.338546
1434.342516 407.107693
902.665516 488.546262
1009.401693 490.141288
1109.483784 491.789806
1203.604490 493.355754
1292.353730 494.676917
1375.985686 496.069144
1455.015331 497.313391
915.380650 601.146771
1024.076572 599.190635
1126.045232 597.460400
1221.678367 595.780234
1311.710476 594.161834
1396.596464 592.634118
1476.666415 591.259132
928.570195 719.308687
1039.360524 713.456857
1143.292175 707.852848
1240.566852 702.807047
1331.960877 697.891702
1417.949064 693.304353
1499.043839 689.052958
686.203282 68.479168
794.656205 71.822878
901.679858 75.060120
1007.431496 78.396249
1111.827796 81.634451
1215.024097 84.851474
1316.915137 88.071983
683.446775 167.193677
793.563150 169.985517
902.252151 172.672905
1009.699559 175.422391
1115.686619 178.107656
1220.372086 180.806273
1323.683705 183.440924
680.582008 269.168387
792.417077 271.292361
902.821887 273.408386
1011.959643 275.532522
1119.599620 277.634498
1225.807805 279.656339
1330.708234 281.767471
677.625707 374.380091
791.318814 375.797832
903.488328 377.280432
1014.253639 378.733511
1123.563765 380.202298
1231.407657 381.670955
1337.893651 383.094826
674.630502 483.072549
790.161226 483.756499
904.054717 484.581300
1016.623460 485.327917
1127.695982 486.073238
1237.205604 486.865051
1345.236683 487.634139
671.550886 595.338163
788.853572 595.347644
904.804543 595.403975
1019.110671 595.419944
1131.918354 595.470785
1243.241975 595.497825
1352.991460 595.580061
668.312342 711.446171
787.597651 710.601310
905.483403 709.811937
1021.732690 709.124079
1136.327304 708.394900
1249.324358 707.671351
1360.845735 707.005793
588.051689 378.105269
698.218993 376.711072
810.649972 375.373290
925.755776 373.940005
1043.344252 372.526827
1163.539153 371.065041
1286.302666 369.510189
597.086611 488.689573
705.436559 488.521649
816.003541 488.418368
929.010966 488.239776
1044.422106 487.957559
1162.419940 487.783959
1282.848428 487.601050
605.938550 595.547232
712.460878 596.432923
821.130322 597.339399
932.148462 598.296541
1045.574485 599.229338
1161.389782 600.180816
1279.610733 601.240077
614.433880 698.624229
719.269271 700.517973
826.052139 702.513210
935.191258 704.563232
1046.619168 706.550158
1160.324824 708.616770
1276.409259 710.759053
622.720716 798.273545
725.835260 801.123319
830.925495 804.070720
938.151114 807.037839
1047.638168 810.100010
1159.342506 813.260076
1273.290689 816.446442
630.710144 894.737710
732.167773 898.466559
835.549901 902.252917
941.001925 906.138346
1048.598729 910.145949
1158.428391 914.265882
1270.386980 918.470092
638.510431 987.958418
738.312612 992.482043
840.042936 997.062082
943.817191 1001.911328
1049.548781 1006.793788
1157.472430 1011.749374
1267.539373 1016.913716
295.668882 375.451982
427.608516 380.789474
550.911030 385.684501
666.532544 390.418557
775.156584 394.884889
877.400058 398.920260
973.852416 402.814937
297.655975 492.249276
426.332697 493.622263
546.724573 494.989693
659.776898 496.199362
766.127201 497.380521
866.428771 498.384771
961.066710 499.433263
299.770338 603.202089
425.098501 601.066629
542.718962 598.986758
653.356962 597.116643
757.556240 595.344016
855.924063 593.547914
948.873687 591.955011
301.601973 708.801205
424.049116 703.387165
538.879740 698.282756
647.161601 693.572028
749.310818 689.100215
845.793622 684.762437
937.138906 680.798998
303.482599 809.232169
422.904636 801.018212
535.316634 793.153354
641.212971 785.834660
741.475542 778.834187
836.100277 772.322723
925.830838 766.031597
305.255658 905.241784
421.978256 894.333810
531.829431 883.989354
635.699483 874.254954
733.887906 864.945990
826.903654 856.205041
915.117922 847.956921
307.054178 996.776826
420.952761 983.444876
528.617642 970.739586
630.310889 958.858467
726.675267 947.538593
817.944862 936.784097
904.724687 926.670920
305.777736 154.805872
427.313641 166.823897
541.456988 177.978163
649.045155 188.663455
750.574765 198.740622
846.581465 208.188072
937.465365 217.171287
305.022058 264.643806
427.478246 273.307411
542.435433 281.454337
650.695441 289.124669
752.833696 296.409144
849.347793 303.244325
940.677968 309.726499
304.334459 376.094904
427.568814 381.365887
543.335366 386.292256
652.355740 391.028656
755.093524 395.418456
852.143852 399.489016
943.995130 403.426457
303.520343 489.336412
427.777772 491.008285
544.303269 492.614649
653.992293 494.174917
757.365879 495.684522
854.958238 496.983007
947.306094 498.324818
302.795985 604.127662
427.905348 602.205175
545.212726 600.456083
655.596438 598.845611
759.663517 597.232654
857.800958 595.812118
950.598990 594.372071
302.100007 720.767573
428.067076 715.157839
546.229198 709.882402
657.397254 704.959731
762.013838 700.236910
860.758943 695.847733
954.059159 691.686892
301.398165 839.130235
428.217829 829.740791
547.326906 820.730782
659.117357 812.473099
764.473184 804.562731
863.650772 797.152989
957.453299 790.209378
312.250773 93.830049
426.917723 106.928314
534.968551 119.126124
637.193524 130.861585
733.911225 141.927670
825.679796 152.359660
912.747721 162.299295
310.798240 187.432663
427.886671 197.957404
538.213392 207.898100
642.333774 217.286968
740.813388 226.210542
834.073206 234.644673
922.491868 242.629532
309.197070 285.200493
428.826346 293.043887
541.418137 300.394962
647.720090 307.374801
747.959738 313.974430
842.811972 320.103766
932.724311 326.045454
307.443650 387.575135
429.926223 392.361019
544.900590 396.865717
653.214537 401.131665
755.365356 405.250281
851.900399 409.052950
943.342207 412.693639
305.694305 494.739103
430.938225 496.238986
548.366133 497.711571
658.918948 499.103481
763.087034 500.360028
861.346846 501.610291
954.230501 502.735236
303.958510 607.076817
432.025104 604.988758
552.214019 603.114811
665.012179 601.331974
771.153053 599.559198
871.295337 597.967566
965.753357 596.445399
302.026954 724.947015
433.166314 718.950738
556.164981 713.200606
671.356418 708.032338
779.592301 703.053285
881.448015 698.379987
977.585382 694.002683
90.820594 24.158415
229.151180 33.842793
360.653969 41.634544
489.234291 50.314793
613.282623 58.184909
733.567549 65.861921
849.868495 73.156062
97.531782 153.212322
233.061777 159.717723
364.031191 166.096258
490.832137 172.213545
613.690227 178.119956
732.760033 183.859291
848.127210 189.495149
103.585492 279.205017
237.420197 283.601388
367.024495 287.876114
492.628060 292.041275
614.287367 296.064506
732.200612 299.878529
846.508392 303.681079
109.174984 402.695714
241.810640 405.003441
370.012447 407.293198
494.314657 409.523760
614.809361 411.710045
731.575207 413.750407
844.902090 415.829834
114.864782 523.608310
245.980222 524.034685
372.976449 524.452973
495.965302 524.853733
615.354098 525.175035
731.004105 525.604956
843.247852 525.915578
120.471128 642.275123
250.145231 640.790661
375.860860 639.402617
497.685154 638.034805
615.879694 636.609119
730.526444 635.304245
841.737562 634.054780
125.981101 758.529813
254.244342 755.215533
378.738278 751.980833
499.352674 748.997802
616.417984 745.919766
729.970228 742.996144
840.175451 740.272281
135.901293 207.889665
284.027088 216.816564
424.138264 225.250926
557.174616 233.315258
683.414985 241.023131
803.389935 248.191594
917.643734 255.071442
150.850603 337.089928
293.300543 342.319159
428.295715 347.395005
556.489774 352.044362
678.450513 356.519445
794.638051 360.722473
905.350060 364.780382
165.036622 457.076085
301.904892 459.088703
432.054155 460.951129
555.880528 462.752832
673.885718 464.482978
786.464406 466.033332
893.875169 467.535386
178.038075 568.686575
310.033508 567.839779
435.495496 567.026938
555.309759 566.301839
669.600892 565.588723
778.716913 564.776554
883.098017 564.174669
190.226145 672.592278
317.538120 669.419935
438.932597 666.211612
554.674328 663.274978
665.594724 660.388673
771.418979 657.710718
872.887382 655.066031
201.702494 769.931885
324.657431 764.555687
441.958643 759.374646
554.261632 754.444927
661.725784 749.623875
764.708115 745.138792
863.377669 740.842169
212.503308 861.037991
331.210094 853.764219
444.939853 846.769564
553.788009 840.190304
658.184635 833.747083
758.214427 827.583946
854.321784 821.776569
116.625441 278.265134
241.143645 280.489411
363.674789 282.644944
484.641284 284.938421
603.946236 287.084021
721.694438 289.204935
837.745792 291.341358
110.198198 394.942898
235.789747 396.318505
359.414206 397.759162
481.370370 399.230398
601.724562 400.600201
720.366775 401.980057
837.285661 403.345910
103.790362 513.596242
230.301569 514.155590
355.029439 514.791957
478.131404 515.418367
599.405235 515.972945
718.951772 516.474291
836.848225 517.100369
97.157446 634.257350
224.956760 633.914835
350.727457 633.644616
474.747995 633.416862
597.005026 633.141278
717.536581 632.869430
836.413789 632.687654
90.487740 756.851165
219.322030 755.632928
346.178670 754.560205
471.278509 753.419332
594.571233 752.239677
716.119031 751.180571
835.845362 750.149768
83.838527 881.648983
213.689523 879.463717
341.669533 877.488848
467.799729 875.472529
592.171392 873.405491
714.742136 871.423682
835.481230 869.480318
76.973762 1008.476486
208.090321 1005.296063
337.230672 1002.280037
464.445394 999.483323
589.746050 996.491941
713.312547 993.581024
835.014839 990.756533
242.088873 168.864286
363.601161 177.518747
479.569648 185.634868
590.505988 193.610564
696.715162 201.142994
798.600310 208.368817
896.282052 215.286643
232.471603 262.388857
357.905552 269.028382
477.605417 275.410741
591.887022 281.515384
701.230795 287.399195
805.829149 292.960146
906.011220 298.274342
222.115788 362.018633
351.836754 366.519995
475.388311 370.794982
593.395866 374.911129
705.915248 378.829669
813.473066 382.486334
916.431566 386.120826
211.025094 468.607960
345.500766 470.522139
473.239622 472.389935
594.863502 474.125211
710.842619 475.924128
821.565354 477.519318
927.423491 479.130892
199.225594 582.708660
338.500150 581.664434
470.639283 580.864816
596.443618 580.034716
716.144203 579.195366
830.173286 578.489922
938.964359 577.802689
186.639115 705.119818
331.031788 700.794566
468.207673 696.864693
598.181420 693.046396
721.825395 689.384779
839.383389 685.998993
951.431962 682.733613
172.949298 836.836167
323.118345 828.799434
465.482733 821.095409
600.080712 813.914050
727.835140 807.015173
849.126239 800.557452
964.531129 794.435699
997.037146 412.023915
1090.003868 408.397042
1188.875967 404.759482
1294.560819 400.708823
1407.369807 396.511106
1528.272681 391.867549
1658.125724 386.878331
1008.718328 504.498638
1100.157702 503.917654
1197.211497 503.322553
1300.774397 502.624496
1411.180679 501.836536
1529.386764 501.043943
1656.109799 500.237775
1019.977163 593.547951
1109.858335 595.535482
1205.258191 597.697498
1306.696978 600.005109
1414.950510 602.541234
1530.490584 605.096450
1654.288297 607.997926
1030.789446 678.919435
1119.178920 683.391534
1212.883639 688.244367
1312.494034 693.375787
1418.529158 698.729112
1531.554335 704.577469
1652.413098 710.750886
1041.260384 761.115106
1128.223108 767.918799
1220.309174 775.146589
1318.034130 782.731150
1421.929038 790.914103
1532.592860 799.593841
1650.676164 808.891757
1051.257547 840.264134
1136.802700 849.193623
1227.332790 858.617403
1323.258563 868.578142
1425.140925 879.245837
1533.488133 890.551037
1648.936010 902.623957
1060.935474 916.477309
1145.107793 927.246382
1234.080026 938.729801
1328.358123 950.934719
1428.190646 963.863575
1534.303249 977.508723
1647.299923 992.165128
1039.367999 235.781883
1127.789659 227.419773
1221.485736 218.665611
1321.157068 209.361092
1427.080823 199.441097
1540.165047 188.895341
1661.010990 177.576231
1035.581196 325.207832
1124.396875 319.552072
1218.531365 313.484428
1318.674045 307.114998
1425.238988 300.232117
1538.970069 292.990862
1660.535180 285.282122
1031.758548 415.831516
1120.960542 412.717259
1215.585859 409.505253
1316.203085 406.053814
1423.412312 402.463778
1537.736802 398.481308
1660.158883 394.441090
1027.886186 507.298695
1117.501962 506.905506
1212.579154 506.634829
1313.701749 506.316364
1421.485527 505.884288
1536.539189 505.519829
1659.736759 505.046585
1024.052898 599.862322
1114.060998 602.264746
1209.531973 604.939389
1311.228307 607.662446
1419.546523 610.660028
1535.346298 613.778635
1659.313811 617.246699
1020.093869 693.502939
1110.414139 698.805353
1206.465784 704.464800
1308.557793 710.372340
1417.580106 716.838427
1534.102276 723.687339
1658.868125 731.069038
1016.123829 788.177134
1106.865171 796.281972
1203.353036 805.024638
1306.084214 814.376498
1415.616331 824.308463
1532.869897 834.956990
1658.435321 846.437455
1069.231651 182.762417
1154.293664 173.437278
1244.175222 163.676689
1339.505055 153.358826
1440.474969 142.393516
1547.974034 130.735326
1662.393230 118.312824
1059.317311 260.919428
1145.568941 253.778007
1236.861594 246.118882
1333.718815 238.100827
1436.592587 229.466402
1546.040522 220.399517
1662.703041 210.766478
1049.006202 341.969801
1136.547007 336.957528
1229.293625 331.728005
1327.765812 326.116899
1432.485559 320.213776
1543.972516 313.788490
1663.133740 307.160908
1038.366640 425.840162
1127.219592 423.159978
1221.454301 420.501255
1321.557978 417.576978
1428.163409 414.451705
1541.885695 411.238869
1663.500655 407.652641
1027.386873 512.825289
1117.576062 512.735338
1213.196076 512.787296
1315.167909 512.684138
1423.701848 512.703770
1539.784165 512.648056
1663.948910 512.727989
1015.949752 602.990301
1107.368146 605.715030
1204.770538 608.699641
1308.332656 611.734113
1419.025277 615.152133
1537.444622 618.663000
1664.330879 622.514853
1004.081933 696.564647
1097.003281 702.248651
1195.896089 708.352249
1301.439877 714.895580
1414.135054 721.848815
1535.076190 729.316858
1664.817787 737.364347
1148.445321 257.659679
1239.281981 252.105492
1334.076375 246.343330
1433.323367 240.389740
1537.054963 234.120040
1646.048501 227.540347
1760.312840 220.628961
1140.754862 334.046816
1233.671621 330.135492
1330.813536 325.994059
1432.614951 321.751533
1539.236556 317.222377
1651.159168 312.562889
1768.743197 307.639565
1132.604538 414.399641
1227.802477 412.160567
1327.419078 409.916882
1431.910146 407.536009
1541.469445 405.088842
1656.612269 402.392602
1777.871436 399.759572
1124.139848 498.890418
1221.638913 498.562023
1323.842099 498.394670
1431.112065 498.106654
1543.761500 497.866630
1662.416911 497.679320
1787.410894 497.349977
1115.204802 587.900771
1215.172140 589.700689
1319.921232 591.845097
1430.327544 593.910130
1546.231450 596.200835
1668.705840 598.543936
1797.608923 601.116612
1105.777711 681.770600
1208.143947 686.064852
1315.962495 690.683173
1429.310103 695.403809
1548.834024 700.568038
1675.196147 705.914885
1808.535626 711.544248
1095.748795 780.921846
1200.879583 787.882186
1311.614241 795.262677
1428.503657 803.117400
1551.596088 811.405062
1682.059307 820.120010
1820.088790 829.378528
1151.699092 377.955436
1257.041309 375.597354
1366.008315 373.283243
1479.004408 370.872592
1596.023160 368.412686
1717.539734 365.788285
1843.601927 363.123586
1151.259156 479.538411
1256.438813 479.064610
1365.400881 478.516516
1478.247837 478.020720
1595.086603 477.447364
1716.474482 476.900491
1842.471705 476.438859
1150.782357 581.083089
1255.834293 582.326472
1364.740659 583.627289
1477.411873 584.948713
1594.213832 586.421479
1715.438933 587.763777
1841.418051 589.389348
1150.346904 682.329851
1255.354304 685.286747
1364.035307 688.456863
1476.621187 691.692864
1593.320123 695.018987
1714.353825 698.489905
1839.928413 702.049589
1149.965518 783.410407
1254.812642 788.119252
1363.350457 793.068169
1475.826386 798.164519
1592.379463 803.512765
1713.356885 808.979824
1838.706310 814.715775
1149.523194 884.284708
1254.245122 890.788612
1362.728953 897.519405
1474.969856 904.517573
1591.347946 911.795902
1712.197607 919.276661
1837.419566 927.029667
1149.111385 984.876873
1253.664920 993.090023
1361.992352 1001.644655
1474.231407 1010.580020
1590.336932 1019.522731
1711.009316 1029.087865
1836.455775 1039.362041
1079.470627 257.464599
1185.909173 250.283337
1297.982122 242.901317
1416.471366 234.995091
1541.462013 226.729000
1673.719295 217.884808
1814.006923 208.521786
1089.443620 358.455962
1193.007188 354.226723
1301.792964 349.720276
1416.541639 344.938593
1537.394701 339.843192
1665.163974 334.540087
1800.287597 328.949222
1098.988776 453.917151
1199.707851 452.050791
1305.485422 450.084254
1416.646952 447.994752
1533.756655 445.920566
1657.233659 443.585125
1787.663740 441.223778
1107.919841 543.899334
1206.006585 544.224663
1308.802581 544.655246
1416.839936 545.106780
1530.380260 545.443856
1649.811252 545.872760
1775.754433 546.304459
1116.489333 629.022269
1212.027052 631.361009
1312.095558 633.800556
1416.986784 636.318002
1527.189455 639.031358
1642.918406 641.845799
1764.695890 644.787999
1124.487485 709.763634
1217.668264 713.894540
1315.064727 718.120243
1417.076498 722.558747
1524.020852 727.292781
1636.362161 732.177948
1754.259240 737.350923
1132.156961 786.346308
1222.969741 791.937214
1317.876163 797.811045
1417.216174 804.052055
1521.126721 810.551414
1630.135585 817.286549
1744.507787 824.460027
1140.883110 88.092558
1249.499769 80.387891
1362.034340 72.525617
1479.008873 64.380710
1599.960812 55.842650
1725.996938 47.041257
1857.053088 37.135184
1141.585077 195.295947
1249.270747 189.682144
1360.850325 183.753594
1476.620095 177.702084
1596.587144 171.362687
1721.277973 164.828440
1850.574480 158.032653
1142.227273 300.891836
1249.022478 297.065245
1359.715795 293.158305
1474.343764 289.057570
1593.163401 284.962856
1716.577010 280.504683
1844.891507 276.087194
1142.889085 404.533171
1248.779530 402.557458
1358.435727 400.604879
1472.051225 398.569525
1589.772154 396.392985
1711.999315 394.180268
1838.763588 391.854556
1143.644994 506.457951
1248.619597 506.306531
1357.297424 506.152704
1469.844777 505.981992
1586.504319 505.899662
1707.572182 505.706293
1833.097186 505.536408
1144.262747 606.754496
1248.318433 608.348044
1356.104959 609.931532
1467.602759 611.646889
1583.159770 613.486302
1703.127813 615.277149
1827.493769 617.197678
1144.915591 705.326509
1248.089416 708.499000
1354.894809 711.848673
1465.517377 715.411539
1579.985592 719.064192
1698.710861 722.735073
1821.916720 726.719265
