-1.90371473918819 -1.77725689214936 0.11042597828636 
-1.96914410081397 -1.97634317840576 0.43134377077760 
-1.99928419367230 -2.15737163171916 0.78053956538962 
2.03747797507776 2.12931226957422 0.64962591245096 
2.00548588309070 2.01166106274983 0.41364693354106 
1.93061562366578 1.81799320368030 0.08888606321285 
-1.97404902796960 -1.91116595626113 0.11538422212914 
-1.99528120208734 -2.03302665984951 -0.52508462829349 
2.08473609487575 2.07586900000627 -0.12212971468307 
2.03776688131133 2.12920764568900 0.64990237580112 
-1.99424186194889 -2.09915664430725 0.66195892058634 
-2.05801555008046 -2.03577010860053 -0.09675714885463 
2.01259341126409 2.07730202381091 -0.55299794420247 
1.95900804605398 1.88448958354910 0.19345348744806 
1.95472582102319 1.88657691649087 -0.21777810122735 
2.04625428427715 2.18328898497861 0.77208076542525 
1.98296055734650 1.94919554524921 0.30144608040579 
1.92991079741251 1.81798451839576 0.08908257659511 
-2.00889347653162 -2.09339472736913 -0.63977982611430 
-2.15764785261400 -2.20586592280229 -0.44564205724348 
2.03689939558878 2.12884629503831 0.65019410188067 
2.16088609025565 2.18782100914294 0.32816066033751 
2.04667134330304 2.18287347423957 0.77224438048632 
2.13317388735659 2.13269146852224 -0.01322219816371 
1.95472182116124 1.88657230650182 -0.21815634363394 
1.93027198095632 1.81827571141982 0.08943769443006 
-1.90410739928005 -1.77787308708002 0.11012376615128 
-1.98337782674220 -2.03958389131585 0.54496441313761 
-1.99883524873883 -2.15771716250687 0.77995249218351 
-1.93374749132572 -1.84383505740655 -0.19327631404861 
-2.09041997439660 -2.09812459484060 0.22995287473420 
2.02322520896316 2.13631852525051 -0.66977875190785 
2.03229197697685 2.24724181954660 -0.91725631474474 
-1.99862180705854 -2.15795554370781 0.78054318896414 
-2.08995626137743 -2.09807078989521 0.22856904001145 
-1.90475682658992 -1.77762223200524 0.11034534390482 
-1.94364207051107 -1.84502045077539 0.00899764774436 
-2.10435762619825 -2.09512911341159 0.01010081553032
