-32.78793224581283 -13.98374858804213 83.14070156195747
-30.03994869966036 -23.82076478859478 88.55053040709572
-25.85719420866905 -31.34904918336796 96.23600691500148
-6.68283677104313 -17.33439054981007 64.05461597860275
-8.25707687616112 -23.87737630385850 68.26290421947257
-11.38323309397374 -31.22856390494394 76.28774939870303
-32.07298934912623 -20.85518217009541 79.38398026625636
-19.89266944449452 -13.54917377230313 64.62015263399277
-20.75249020576139 -32.37977881829042 77.50636243005852
-8.80101063766148 -20.62446790316993 62.45678393229134
-27.89134900667044 -26.33183315110228 91.31042803381987
-25.21134999059031 -14.44721584808386 72.23388955339526
-22.63018469042725 -30.31858253291075 88.44560787908807
-10.73908400691469 -26.13196512898874 71.14984273611395
-47.91218140508876 -32.80164162803875 83.51235379451133
-36.61954890854995 -13.71197115234796 62.97259038401011
-39.76797969441295 -26.48049079879597 71.03272960495372
-41.92596677176597 -30.91382749012546 76.54745528707484
-43.38511447426892 -14.79973529941423 64.03534732657295
-43.91586452617627 -21.67275864576536 66.74059064392110
-35.88779890406877 -21.67564166820712 63.81423601247607
-46.37716107052543 -30.56052015383366 63.46900453800948
-41.20726895402269 -20.31129528407353 57.15429030041346
-47.77135179685347 -19.19447887155820 69.20025099711758
-46.41963187879854 -25.52779602553235 76.24079583990952
-44.20545039028223 -25.47724992854480 74.17936157555380
-3.35868239420210 -13.56502516615605 85.23630233112134
0.66046026531362 -25.96953022135964 92.92255608725988
3.50914154871810 -30.35494093340051 98.34958228131917
1.22521795819520 -9.79842873455835 76.72455312941102
3.16222891039903 -23.04825394264859 83.73975319096037
6.39918770636726 -32.40415170839309 95.65305893975629
5.31644145910421 -27.40956570780885 102.73088826326116
8.44053244909516 -24.59257089508006 96.60843075123256
5.91799476113805 -15.53273913103899 81.80348965142015
0.80190133510510 -21.51718692321968 77.39286273957079
1.25868090177018 -25.14952009337358 78.60000666666032
4.78026950857866 -31.73062061594568 78.62751078105671
