504.986084 401.779126
584.592744 397.702835
669.425753 393.556756
760.229044 389.076439
857.339491 384.322797
961.768625 379.138346
1074.164065 373.539792
527.148374 496.817512
605.790681 495.955700
689.423669 495.070342
778.772992 494.128243
874.260605 492.956049
976.775921 491.841367
1086.891600 490.664594
548.507108 588.146667
626.091802 590.026538
708.618796 592.112702
796.523452 594.286198
890.494156 596.698231
991.068580 599.132661
1098.974323 601.874788
568.957004 675.674074
645.590985 680.194992
726.931098 685.069430
813.539754 690.315381
905.969188 695.728820
1004.738467 701.557830
1110.454095 707.819809
588.664140 759.844950
664.346590 766.807384
744.627583 774.183085
829.911742 781.992556
920.790396 790.347774
1017.790842 799.232765
1121.437310 808.773185
607.559676 840.888540
682.285859 850.055913
761.476759 859.753365
845.459264 869.989998
934.913547 880.953136
1030.226584 892.654716
1131.908513 905.146534
625.788676 918.822227
699.573243 929.953679
777.608599 941.764271
860.479521 954.342933
948.471803 967.700690
1042.103244 981.897802
1141.923855 997.124994
555.478388 256.803721
633.006232 248.602460
715.424158 240.037319
803.297028 230.898954
897.063132 221.106041
997.615432 210.637732
1105.353620 199.374106
555.701241 351.940309
633.182257 346.796106
715.507946 341.298618
803.287310 335.524931
897.017146 329.227219
997.422572 322.572017
1105.042754 315.461255
555.940353 447.156308
633.349158 444.853593
715.628181 442.510816
803.317074 439.945803
896.997799 437.255656
997.237031 434.290287
1104.755380 431.241341
556.163060 542.060471
633.516630 542.654385
715.706044 543.445699
803.344950 544.258018
896.930723 545.012219
997.052427 545.911927
1104.409007 546.795785
556.446708 636.858023
633.720221 640.372302
715.860608 644.217530
803.441437 648.236781
896.851859 652.604853
996.900503 657.171353
1104.086368 662.189411
556.660622 731.502350
633.804948 737.929352
716.018019 744.828873
803.371590 752.167812
896.765792 760.028832
996.727632 768.340736
1103.745712 777.330182
556.904263 825.985430
634.046157 835.256644
716.092381 845.198506
803.490176 855.833546
896.703652 867.137750
996.571085 879.221054
1103.466982 892.257930
631.918394 159.802548
706.412862 149.534072
785.246130 138.764973
868.953660 127.388767
957.878902 115.166843
1052.777070 102.178198
1153.828336 88.401096
614.064730 239.331825
689.376412 231.315489
769.151291 222.787070
853.928605 213.759545
944.287891 204.068411
1040.605088 193.852207
1143.414033 182.919169
595.518137 321.914447
671.721575 316.109229
752.501939 310.049122
838.452270 303.569028
930.069026 296.705880
1027.885102 289.290685
1132.560198 281.517370
576.367740 407.391532
653.391478 404.057240
735.193166 400.688097
822.267619 397.034528
915.244455 393.092833
1014.691080 388.967186
1121.177612 384.438738
556.551022 496.176342
634.403190 495.532213
717.123993 495.031926
805.538027 494.299357
899.793753 493.634069
1000.897239 492.843754
1109.194877 492.162288
535.884456 588.312032
614.489395 590.564825
698.468692 593.120685
787.913978 595.698019
883.686109 598.628445
986.393329 601.597044
1096.688561 604.842686
514.428765 683.971690
594.049671 689.360093
679.011855 695.157699
769.753022 701.453825
866.835241 708.111149
971.336750 715.222887
1083.591281 722.923065
916.509658 307.103050
1026.936472 314.654654
1130.178537 321.703645
1227.053107 328.428287
1318.074462 334.768315
1403.854470 340.571854
1484.681644 346.214236
906.958736 427.170194
1015.859180 430.668542
1117.782878 434.058800
1213.489814 437.176395
1303.463926 440.157795
1388.345400 442.933177
1468.384636 445.557227
897.862636 543.102412
1005.097894 542.911809
1105.733169 542.674292
1200.263075 542.550792
1289.293230 542.430457
1373.307954 542.135945
1452.626068 542.078013
888.928403 655.135816
994.776324 651.358336
1094.006268 647.849299
1187.466607 644.604730
1275.506445 641.538974
1358.634423 638.552327
1437.277784 635.861579
880.375324 763.311172
984.718509 756.291982
1082.709516 749.723529
1174.957034 743.616639
1262.176077 737.716348
1344.411584 732.250685
1422.324251 726.964408
872.118731 868.065887
975.016707 858.010512
1071.713792 848.565600
1163.000834 839.653900
1249.181539 831.139393
1330.688799 823.182753
1407.903308 815.667373
864.087839 969.371651
965.443275 956.451922
1061.108231 944.224737
1151.312316 932.834174
1236.601695 921.896998
1317.255309 911.569875
1393.784176 901.918543
896.476376 193.689771
1002.959608 204.685508
1102.816298 214.923625
1196.732100 224.716745
1285.212249 233.935447
1368.762338 242.511390
1447.672808 250.676315
895.928164 309.679743
1002.369847 316.974264
1102.193889 323.857991
1196.061307 330.338174
1284.486528 336.463316
1367.954621 342.207163
1446.810776 347.651513
895.460992 425.499890
1001.734292 429.144843
1101.518316 432.544954
1195.341726 435.852849
1283.733060 438.931282
1367.146712 441.691795
1446.012872 444.491564
894.920220 541.166623
1001.198521 541.117574
1100.860907 541.123580
1194.638886 541.154281
1282.972863 541.211118
1366.330043 541.176036
1445.199868 541.260600
894.395349 656.599759
1000.542804 652.902201
1100.130135 649.528550
1193.814020 646.382698
1282.215904 643.320978
1365.522260 640.541249
1444.274832 637.800638
893.931584 771.910430
999.975810 764.645936
1099.461143 757.909829
1193.149676 751.532933
1281.391601 745.400136
1364.782328 739.682884
1443.533220 734.354955
893.396277 887.008833
999.264559 876.166914
1098.848570 865.905041
1192.444977 856.431694
1280.683179 847.300341
1363.939776 838.756518
1442.695377 830.797419
857.627434 86.744334
956.765143 99.986633
1050.214388 112.348895
1138.615755 124.240120
1222.216576 135.455889
1301.571387 146.027988
1376.863040 156.121197
868.112711 180.523760
969.055915 191.235727
1064.219469 201.336582
1153.975931 210.883756
1238.829786 219.970255
1319.118504 228.542042
1395.261733 236.587979
879.079452 278.562522
981.883263 286.533664
1078.680983 294.034974
1169.921956 301.196491
1255.986521 307.952466
1337.362920 314.182243
1414.541322 320.253189
890.577396 381.173448
995.396144 386.085743
1093.837953 390.760115
1186.457453 395.150385
1273.785077 399.381631
1356.322682 403.321015
1434.457332 407.081153
902.619103 488.573697
1009.367929 490.163883
1109.473694 491.797348
1203.623735 493.360012
1292.400921 494.676049
1376.060592 496.064496
1455.123806 497.304333
915.338237 601.180251
1024.045093 599.221745
1126.034172 597.484097
1221.694975 595.810421
1311.753876 594.183304
1396.671068 592.648497
1476.767333 591.271005
928.530831 719.341000
1039.331517 713.487201
1143.289655 707.887238
1240.589086 702.843346
1332.005854 697.922529
1418.017573 693.335536
1499.129340 689.085617
493.969986 279.058093
584.133870 272.784755
679.012722 266.364746
779.195767 259.549201
884.848815 252.296363
996.793123 244.630012
1115.333388 236.479721
508.000007 382.987758
597.134172 379.614978
690.809137 376.054083
789.559618 372.326144
893.703577 368.234241
1003.920014 363.992911
1120.461863 359.521067
521.734548 483.975036
609.723382 483.108522
702.229034 482.250998
799.602194 481.276605
902.332063 480.287592
1010.782285 479.147356
1125.429850 478.065482
534.960615 581.754089
621.904989 583.328634
713.224448 585.042843
809.329663 586.804174
910.594437 588.570253
1017.403302 590.483565
1130.170687 592.477014
547.842019 676.597891
633.769508 680.491674
723.984046 684.557318
818.747287 688.760303
918.593930 693.290077
1023.798305 697.959443
1134.748063 702.911650
560.302204 768.711378
645.214896 774.707512
734.350200 781.082668
827.852216 787.681916
926.311456 794.651531
1029.966993 801.903196
1139.168775 809.646142
572.472254 858.134227
656.379547 866.073022
744.360322 874.521575
836.767414 883.419441
933.804385 892.688370
1035.940648 902.417257
1143.507136 912.738880
662.186071 375.531621
785.277231 376.698509
906.580795 377.913893
1026.384531 379.169068
1144.378556 380.414083
1260.698046 381.486292
1375.366199 382.638624
668.148545 487.272035
786.970323 487.700047
904.033274 488.160433
1019.640835 488.557187
1133.529620 488.903846
1245.980021 489.254263
1356.785146 489.715489
673.893623 591.497362
788.509845 591.192710
901.653598 590.843984
1013.296188 590.515960
1123.524288 590.286089
1232.261363 589.842238
1339.490681 589.584306
679.142001 688.702136
789.990299 687.782127
899.360141 686.805678
1007.431394 685.956411
1114.109582 685.025634
1219.373459 684.038808
1323.278174 683.178929
684.138824 779.564749
791.409576 778.138408
897.316718 776.630958
1001.888995 775.198191
1105.312971 773.762840
1207.302255 772.408357
1308.062672 770.967488
688.790584 864.925553
792.775735 862.969667
895.333546 861.021806
996.806687 859.106127
1096.984769 857.168121
1196.038176 855.326534
1293.846710 853.527588
693.193189 945.121629
793.884173 942.673865
893.510509 940.253915
991.938895 938.016192
1089.181746 935.680149
1185.385372 933.366740
1280.421563 931.258795
686.182107 68.535738
794.594153 71.870576
901.609353 75.084052
1007.368801 78.368552
1111.810657 81.554787
1215.051436 84.736262
1317.015667 87.923356
683.424295 167.244781
793.510386 170.022584
902.180178 172.702467
1009.625974 175.418053
1115.667200 178.061782
1220.400161 180.729851
1323.763648 183.350761
680.572522 269.208660
792.382677 271.324357
902.767834 273.435845
1011.913773 275.534638
1119.590430 277.609426
1225.833799 279.616437
1330.777401 281.717978
677.618936 374.399992
791.284138 375.817009
903.435942 377.301233
1014.217920 378.737177
1123.559631 380.190690
1231.435902 381.651268
1337.961097 383.071788
674.623394 483.086333
790.124381 483.775683
904.007717 484.608917
1016.592216 485.346439
1127.690606 486.077322
1237.235411 486.865758
1345.301735 487.629895
671.544883 595.349551
788.819399 595.369106
904.760346 595.437931
1019.077214 595.451843
1131.908136 595.494775
1243.264547 595.527544
1353.049322 595.597621
668.306166 711.455133
787.562341 710.623672
905.443622 709.846023
1021.702370 709.154943
1136.322272 708.429072
1249.348774 707.708401
1360.899766 707.037378
871.426085 233.427720
985.942808 243.651808
1092.893288 253.158320
1193.060648 262.172642
1287.102593 270.668205
1375.514378 278.492638
1458.787239 285.974181
862.461393 357.692914
975.311131 363.583214
1080.822814 369.188168
1179.760298 374.341873
1272.649388 379.286020
1360.126782 383.838092
1442.559671 388.203618
853.929474 477.590912
965.023376 479.483464
1069.107166 481.213024
1166.782910 482.953501
1258.653549 484.580872
1345.210701 485.956250
1426.883774 487.408427
845.568898 593.309782
955.159090 591.405058
1057.792055 589.651474
1154.280078 588.076466
1245.073437 586.598092
1330.688315 585.094837
1411.602646 583.796154
837.560866 705.005888
945.512989 699.641874
1046.836800 694.593624
1142.039681 689.969332
1231.927745 685.512250
1316.591850 681.375535
1396.745774 677.377085
829.891448 813.056148
936.294533 804.480942
1036.170504 796.397951
1130.353950 788.818184
1219.137566 781.564772
1303.056802 774.810158
1382.415428 768.423605
822.445123 917.488506
927.221013 905.822601
1025.947091 894.825105
1118.939266 884.611716
1206.785764 874.767902
1289.748912 865.545706
1368.405662 856.912774
588.111057 221.207451
665.157397 212.167464
746.890573 202.656252
833.964884 192.561101
926.809166 181.689902
1026.196749 170.154877
1132.474506 157.771710
575.097238 309.821658
652.679081 303.476861
735.097635 296.670100
822.927226 289.508261
916.728301 281.739607
1017.131934 273.551407
1124.660051 264.785579
561.739820 400.809344
639.908739 397.108701
723.032198 393.267886
811.647057 389.111863
906.378758 384.735302
1007.797811 379.920154
1116.667211 374.971984
548.046744 493.994091
626.802164 493.155842
710.609432 492.389722
800.023193 491.549529
895.689991 490.562846
998.232102 489.606063
1108.366967 488.478205
534.068860 589.572176
613.384058 591.728650
697.829879 594.193409
788.164047 596.709557
884.673522 599.510477
988.381782 602.368275
1099.769571 605.598184
519.640724 687.592156
599.448062 692.937638
684.806467 698.807975
775.762679 704.962467
873.312577 711.703450
978.153406 718.756442
1090.872921 726.414997
504.892766 788.127124
585.375136 796.853491
671.312448 806.231470
763.269926 816.301217
861.662431 827.072717
967.749023 838.605705
1081.774899 851.124087
588.068297 378.129957
698.207371 376.729894
810.611061 375.393133
925.703837 373.958839
1043.317428 372.525770
1163.544697 371.048526
1286.352215 369.484547
597.095824 488.704243
705.423637 488.534769
815.961536 488.439088
928.965061 488.269009
1044.397322 487.972874
1162.424320 487.788171
1282.893461 487.600214
605.942627 595.558409
712.449629 596.446726
821.089667 597.365870
932.107624 598.332054
1045.545696 599.259166
1161.387709 600.207282
1279.643460 601.267213
614.442274 698.630200
719.251710 700.531560
826.008979 702.545083
935.153893 704.595991
1046.591338 706.581960
1160.327676 708.652459
1276.439326 710.793890
622.710932 798.275850
725.801788 801.132458
830.867327 804.098792
938.105052 807.070633
1047.604665 810.151732
1159.339773 813.312187
1273.308797 816.492772
630.666913 894.739776
732.101330 898.489737
835.454955 902.318818
940.916210 906.236005
1048.559848 910.259633
1158.424987 914.377992
1270.390837 918.576197
638.401193 988.014085
738.196000 992.556609
839.944282 997.170218
943.733811 1002.053972
1049.487991 1006.952280
1157.430963 1011.925177
1267.518977 1017.096401
674.977495 142.547107
769.606258 139.385428
865.859321 136.129510
964.034084 132.937800
1064.039974 129.580248
1166.099832 126.167557
1269.952012 122.742912
661.712337 221.848340
758.850481 219.354741
857.810360 216.761260
958.785654 214.208055
1061.810266 211.556824
1166.741406 208.893428
1273.665806 206.209094
647.576759 305.828018
747.468633 304.030647
849.261085 302.252349
953.239207 300.428646
1059.287673 298.607195
1167.372289 296.654204
1277.669396 294.861740
632.637316 394.835757
735.472029 393.849844
840.298406 392.960919
947.299495 391.951344
1056.572882 390.998845
1168.070223 390.079758
1281.851578 389.110138
616.837144 489.441734
722.670902 489.374944
830.567433 489.507522
941.036703 489.467394
1053.680302 489.470664
1168.800130 489.536416
1286.263095 489.650879
600.008281 590.064524
708.919244 591.114831
820.464071 592.305644
934.257806 593.422461
1050.595037 594.631045
1169.612124 595.814480
1291.130732 597.074643
581.998701 697.319925
694.488237 699.586738
809.478410 701.978179
927.115221 704.437631
1047.296074 706.895216
1170.426586 709.442886
1296.204463 712.063318
859.586712 157.227374
964.761831 169.113549
1063.548193 180.202851
1156.604496 190.788479
1244.373913 200.746851
1327.407142 210.108675
1405.962735 219.046855
866.911880 263.925726
973.402094 272.595560
1073.447348 280.786359
1167.494795 288.471912
1256.147146 295.774716
1339.856022 302.691721
1419.026206 309.175304
874.492097 373.936099
982.313735 379.270412
1083.523787 384.265445
1178.656896 389.038617
1268.202404 393.527422
1352.668568 397.643348
1432.570958 401.708125
882.282473 487.530664
991.616531 489.215348
1093.958889 490.855509
1190.107765 492.406172
1280.561709 493.934169
1365.831752 495.267112
1446.381187 496.653142
890.357886 604.702964
1001.027965 602.538568
1104.581860 600.695023
1201.796087 598.943585
1293.275757 597.175704
1379.360499 595.662962
1460.504718 594.112463
898.756666 725.707210
1010.831827 719.598387
1115.690454 713.954556
1213.978820 708.644508
1306.336560 703.509973
1393.317861 698.773577
1475.225560 694.333484
907.310193 850.783452
1020.809386 840.396991
1127.114878 830.554205
1226.522796 821.587753
1319.838031 812.940706
1407.536278 804.868935
1490.187837 797.358127
252.893634 86.605702
359.757857 92.894612
463.674847 98.889795
564.959836 104.908384
663.727702 110.652784
760.101319 116.268517
853.959110 121.806592
239.855264 167.316153
349.913037 172.624363
456.967636 177.801669
561.227262 182.907380
662.804171 187.807568
761.712212 192.648465
858.035773 197.290474
226.014042 252.906843
339.444412 257.203819
449.784163 261.410864
557.267167 265.477821
661.712187 269.442750
763.369433 273.231113
862.405316 277.042405
211.195773 343.867097
328.431992 346.939676
442.282346 349.989784
552.933497 352.857517
660.505699 355.775107
765.148973 358.574117
866.996287 361.333332
195.514306 440.712808
316.636131 442.397122
434.088912 444.201089
548.341696 445.846195
659.256533 447.437853
767.034159 449.049681
871.788469 450.595451
178.810079 543.960797
303.969431 544.155798
425.634520 544.489700
543.483602 544.705425
657.960280 544.920017
769.110524 545.112288
877.005893 545.328430
160.902640 654.244186
290.599830 652.799337
416.545719 651.291273
538.402919 649.927984
656.567932 648.536184
771.180028 647.248518
882.383298 645.964561
295.711369 375.488746
427.632340 380.825868
550.936459 385.711668
666.528426 390.437317
775.124663 394.902803
877.350788 398.942826
973.804676 402.831531
297.712876 492.268986
426.368994 493.635626
546.746759 495.004991
659.771241 496.213005
766.098781 497.396955
866.380655 498.411946
961.024316 499.463070
299.840170 603.207433
425.136608 601.076359
542.735135 599.000106
653.353609 597.127103
757.534114 595.361606
855.875786 593.579312
948.832503 591.991064
301.674400 708.797410
424.091275 703.389256
538.900858 698.288266
647.163164 693.579843
749.286297 689.117795
845.748257 684.797173
937.102713 680.831242
303.555117 809.213086
422.949223 801.000329
535.326056 793.139873
641.203151 785.840698
741.443509 778.845601
836.046879 772.352633
925.790885 766.061422
305.299278 905.191792
422.007478 894.305958
531.819068 883.970341
635.666315 874.257288
733.837453 864.960487
826.831088 856.242429
915.047554 848.003867
307.009862 996.726072
420.890919 983.426059
528.540440 970.745459
630.227896 958.884783
726.582056 947.568093
817.846677 936.851796
904.620108 926.778104
305.797366 154.855159
427.308468 166.878442
541.444209 178.029505
649.028378 188.717686
750.544217 198.784174
846.521840 208.219737
937.399383 217.199561
305.056915 264.689882
427.489645 273.355386
542.457219 281.492499
650.689972 289.159950
752.811505 296.439827
849.300734 303.270302
940.626558 309.745981
304.376222 376.130849
427.592319 381.401816
543.361164 386.320265
652.355153 391.046109
755.068245 395.434987
852.096099 399.509982
943.943037 403.446298
303.576023 489.356069
427.812233 491.022076
544.325726 492.630766
653.988577 494.188191
757.339711 495.700477
854.909697 497.009473
947.262181 498.355382
302.866436 604.133854
427.941613 602.214880
545.229758 600.468730
655.593609 598.856649
759.640271 597.250210
857.752663 595.843404
950.558354 594.407230
302.174386 720.763429
428.109067 715.158557
546.247222 709.885648
657.395035 704.967728
761.985349 700.254994
860.712036 695.883359
954.023922 691.719122
301.469347 839.104477
428.260170 829.720532
547.325510 820.716548
659.095637 812.479247
764.432048 804.576381
863.587036 797.187941
957.415568 790.238432
312.273518 93.874937
426.913760 106.975714
534.950180 119.171999
637.163520 130.909592
733.876825 141.971128
825.611002 152.394948
912.672440 162.329320
310.819044 187.483089
427.884836 198.012959
538.212081 207.947082
642.326362 217.338937
740.790839 226.254866
834.020269 234.677925
922.434038 242.658142
309.231768 285.243427
428.839791 293.090137
541.442382 300.431085
647.715358 307.406187
747.938445 314.001789
842.765949 320.128972
932.672756 326.065301
307.486988 387.610737
429.950218 392.395804
544.925949 396.892755
653.213460 401.148367
755.339128 405.267159
851.853725 409.074642
943.291445 412.713727
305.749853 494.758340
430.973666 496.251612
548.387672 497.726383
658.913767 499.117099
763.059650 500.376392
861.298834 501.637429
954.186905 502.766282
304.027904 607.082389
432.062198 604.999779
552.230053 603.128774
665.008833 601.343574
771.125902 599.578478
871.247826 598.000761
965.713718 596.481481
302.099754 724.941439
433.208084 718.951350
556.182526 713.203564
671.350266 708.041265
779.558975 703.073964
881.402622 698.415758
977.550015 694.035314
175.848533 350.293874
306.733948 353.356021
433.353682 356.338365
556.143212 359.253514
675.097708 362.109085
790.378552 364.772610
902.249662 367.381313
193.616078 462.980357
319.854848 464.238899
442.051119 465.516430
560.531582 466.629469
675.454175 467.717626
787.068952 468.760650
895.372259 469.825536
210.472690 568.183070
332.054014 567.790731
450.069998 567.381449
564.633290 566.966795
675.880436 566.626289
783.962227 566.172491
888.961206 565.840373
226.025620 666.481734
343.577717 664.618035
457.541602 662.801035
568.442645 661.108209
676.251089 659.412125
780.982853 657.706818
882.891456 656.163596
240.723715 758.405603
354.325293 755.414063
464.723890 752.351580
572.003083 749.465183
676.625974 746.587161
778.184932 743.930831
877.163670 741.222586
254.478464 844.878616
364.455200 840.769627
471.326992 836.683761
575.490247 832.749700
676.899867 828.843153
775.664143 825.093426
871.868990 821.477769
267.484824 926.141581
373.934237 921.028159
477.672156 915.999831
578.717029 911.191686
677.229024 906.409543
773.160197 901.748795
866.789759 897.309208
186.844600 226.862322
314.646978 231.909772
438.327784 236.800289
558.477060 241.661823
674.937755 246.289733
787.975257 250.697623
897.625044 255.071683
195.713522 345.843263
321.187543 349.028680
442.694813 352.150180
560.608656 355.112865
674.991844 357.990132
786.095665 360.720045
893.965900 363.413118
204.477801 460.683767
327.449479 462.093540
446.765454 463.404381
562.653888 464.678467
675.094727 465.908468
784.326456 467.021027
890.437998 468.141997
212.834731 571.446046
333.651410 571.150667
450.751739 570.832642
564.599600 570.525457
675.146380 570.228587
782.561085 569.840232
887.009252 569.544430
221.054838 678.283037
339.606206 676.445936
454.687521 674.608035
566.451829 672.816659
675.281470 671.042481
780.864966 669.365770
883.659120 667.689280
228.949316 781.584183
345.364925 778.261998
458.397325 775.015971
568.377361 771.837138
675.333099 768.681489
779.379938 765.663532
880.536546 762.769028
236.651252 881.331346
350.927589 876.652341
462.124385 871.988481
570.211694 867.598502
675.430444 863.222055
777.751537 858.943293
877.429325 854.867629
318.266649 218.295876
448.870997 228.936818
570.984302 238.734453
685.478304 248.084233
793.130881 256.898806
894.426838 265.021736
990.033332 272.771694
319.173818 340.311271
447.622052 346.734602
567.791013 352.817917
680.542830 358.451028
786.591993 363.791856
886.611468 368.738555
980.973404 373.486489
320.258215 458.169820
446.344178 460.742864
564.581129 463.067580
675.698479 465.342613
780.302320 467.476324
879.011275 469.346793
972.215095 471.248700
321.168001 572.040371
445.215706 570.907671
561.485333 569.839959
671.017814 568.913354
774.178857 568.017677
871.549669 567.050131
963.669111 566.319041
322.108126 681.948790
444.026816 677.471733
558.556533 673.215508
666.377600 669.315413
768.229684 665.529135
864.299162 662.033858
955.288122 658.644134
323.040534 788.411229
442.965034 780.772912
555.675645 773.521064
662.051785 766.758648
762.462472 760.268262
857.386290 754.237591
947.287126 748.485719
323.908234 891.366029
441.799085 880.741594
552.980911 870.620688
657.776161 861.275889
756.873491 852.273194
850.512202 843.809469
939.427406 835.858031
91.196878 24.274237
229.272139 33.884206
360.702272 41.702269
489.297953 50.391552
613.290839 58.247555
733.535381 65.916367
849.796914 73.195712
97.677380 153.283951
233.095554 159.757460
364.038580 166.148688
490.822823 172.266183
613.673684 178.171337
732.731431 183.904745
848.064831 189.527128
103.696685 279.235322
237.469340 283.635544
367.043646 287.924370
492.649450 292.084161
614.294304 296.099263
732.181788 299.910439
846.462077 303.705714
109.263689 402.690726
241.867203 405.027870
370.045467 407.327254
494.340810 409.553150
614.817708 411.727333
731.554877 413.766308
844.855532 415.849765
114.937454 523.596837
246.051923 524.045773
373.024422 524.466215
495.995362 524.865326
615.356781 525.188414
730.985620 525.619388
843.200523 525.941595
120.531070 642.255960
250.230047 640.788194
375.909120 639.411647
497.709640 638.047557
615.885711 636.618752
730.510045 635.319272
841.692041 634.086587
126.071724 758.501625
254.334518 755.202657
378.791908 751.974042
499.378295 748.989173
616.421735 745.924028
729.945733 743.008231
840.127075 740.304057
135.980747 207.942335
284.057475 216.863781
424.141793 225.302938
557.178584 233.360463
683.402441 241.069235
803.349976 248.224652
917.587360 255.098008
150.919451 337.097221
293.345628 342.356904
428.316593 347.436300
556.514564 352.075127
678.442312 356.541001
794.602300 360.742839
905.299090 364.800388
165.091874 457.078180
301.956741 459.113669
432.085085 460.970794
555.900026 462.770206
673.879297 464.496681
786.429977 466.051797
893.827710 467.558744
178.109173 568.685253
310.097470 567.849490
435.533060 567.035139
555.326249 566.314969
669.594357 565.600979
778.686984 564.794612
883.049691 564.207643
190.308273 672.583050
317.604478 669.422083
438.969084 666.222474
554.691702 663.284783
665.592132 660.399521
771.388008 657.732247
872.842653 655.100369
201.796128 769.912918
324.724675 764.547290
442.001722 759.362979
554.273918 754.439737
661.717497 749.632543
764.674830 745.154793
863.327515 740.876908
212.570220 861.013657
331.274830 853.737460
444.975128 846.749091
553.780258 840.174219
658.156564 833.752679
758.169770 827.596925
854.253967 821.811600
116.721005 278.289622
241.193307 280.523423
363.693767 282.693904
484.661573 284.981922
603.955299 287.119540
721.677595 289.237887
837.700612 291.368591
110.283902 394.938378
235.846052 396.341713
359.448518 397.793209
481.397775 399.262021
601.736847 400.620163
720.350428 401.997540
837.240418 403.366713
103.868678 513.580029
230.373483 514.166711
355.079135 514.806550
478.164502 515.430205
599.412219 515.987417
718.936490 516.487832
836.802362 517.125034
97.221200 634.223792
225.043598 633.909101
350.782609 633.651301
474.777804 633.429224
597.014045 633.150794
717.523825 632.884670
836.369928 632.718419
90.546813 756.819128
219.412183 755.616219
346.239808 754.553023
471.311142 753.409901
594.575638 752.240214
716.096991 751.192297
835.796140 750.180261
83.967849 881.596104
213.748321 879.430844
341.718265 877.451966
467.810476 875.447805
592.144655 873.400750
714.689423 871.438982
835.399238 869.529849
76.977171 1008.361998
208.026496 1005.230252
337.183914 1002.238685
464.358299 999.481461
589.633459 996.538249
713.193056 993.658107
834.909987 990.865121
212.753341 175.009307
330.356746 180.584278
444.520201 185.889050
555.517304 191.238209
663.450487 196.336009
768.481174 201.292040
870.597097 206.160645
197.045626 266.671164
318.605077 270.997854
436.571060 275.205839
551.074987 279.377949
662.397825 283.394718
770.499480 287.296876
875.553514 291.102492
180.239168 364.401076
306.037550 367.399074
427.957200 370.352082
546.380217 373.207174
661.181209 375.956873
772.620868 378.564216
880.866882 381.250232
162.283145 468.950454
292.735384 470.323557
418.945939 471.800587
541.260419 473.045384
659.812518 474.446032
774.839221 475.755210
886.500280 477.030864
143.097122 580.982444
278.349120 580.489604
409.074899 580.274255
535.791473 579.906105
658.403284 579.552955
777.211281 579.282308
892.378676 579.027960
122.569757 701.234676
262.853750 698.725421
398.803069 696.481317
529.958560 694.197206
656.980767 691.958529
779.855984 689.887024
898.787361 687.871155
100.376018 830.662917
246.364932 825.912749
387.660625 821.176648
523.811980 816.760754
655.374377 812.381763
782.561881 808.224374
905.561280 804.171474
242.116054 168.908599
363.606159 177.571208
479.560580 185.689387
590.495873 193.659808
696.698439 201.194987
798.554331 208.406576
896.219975 215.315831
232.519596 262.424627
357.923842 269.078321
477.621866 275.453809
591.897579 281.550991
701.219043 287.435043
805.791789 292.988109
905.960036 298.298125
222.171957 362.039670
351.868375 366.560184
475.414937 370.831952
593.411881 374.935452
705.901583 378.848605
813.432921 382.506414
916.378114 386.140046
211.082805 468.621791
345.545388 470.544680
473.268134 472.406818
594.873411 474.141118
710.828700 475.938603
821.521773 477.541666
927.378189 479.157121
199.301784 582.708102
338.558118 581.673759
470.673207 580.876309
596.450901 580.047485
716.132525 579.209384
830.130488 578.517167
938.922862 577.838249
186.726260 705.105421
331.093715 700.794826
468.240147 696.869250
598.191060 693.051977
721.808249 689.399106
839.338816 686.031555
951.395627 682.767231
173.045343 836.804349
323.183995 828.778036
465.510476 821.077288
600.068926 813.910211
727.799891 807.024861
849.064011 800.589661
964.489930 794.469286
996.996672 412.036405
1089.992117 408.391578
1188.891080 404.746835
1294.610175 400.691365
1407.471470 396.486131
1528.425993 391.843261
1658.335406 386.853064
1008.684006 504.524742
1100.143978 503.928831
1197.226244 503.329535
1300.823725 502.625676
1411.272042 501.830829
1529.518419 501.044841
1656.284829 500.247877
1019.943791 593.579997
1109.843305 595.558999
1205.269489 597.726986
1306.738184 600.028677
1415.031560 602.557348
1530.598961 605.122731
1654.434053 608.033462
1030.755057 678.949984
1119.169098 683.421686
1212.898051 688.281507
1312.533567 693.408447
1418.597799 698.760762
1531.643122 704.623205
1652.530290 710.814381
1041.229285 761.150097
1128.213067 767.960518
1220.324575 775.186356
1318.071954 782.769469
1422.000726 790.948354
1532.684202 799.652361
1650.786239 808.981115
1051.220954 840.333189
1136.794437 849.263483
1227.342768 858.680142
1323.287145 868.647373
1425.202793 879.323186
1533.566744 890.671606
1649.047936 902.790994
1060.902139 916.594819
1145.100606 927.370890
1234.076358 938.848835
1328.359297 951.072010
1428.219679 964.025718
1534.367500 977.711102
1647.401892 992.408753
1039.319400 235.773668
1127.779700 227.387342
1221.512473 218.607766
1321.230967 209.286362
1427.217854 199.354896
1540.349482 188.798098
1661.236692 177.459463
1035.547566 325.203756
1124.388502 319.533206
1218.552977 313.451394
1318.736077 307.071871
1425.359336 300.176873
1539.139421 292.938339
1660.750509 285.224616
1031.732040 415.836050
1120.955949 412.710661
1215.610025 409.490603
1316.261108 406.035573
1423.521361 402.438423
1537.891658 398.459772
1660.366720 394.419905
1027.857614 507.319774
1117.492154 506.916121
1212.599520 506.640789
1313.755476 506.318301
1421.579987 505.878435
1536.673645 505.522257
1659.912627 505.058759
1024.019737 599.895077
1114.046770 602.288583
1209.544528 604.969201
1311.270738 607.686244
1419.627489 610.677295
1535.452655 613.807073
1659.458686 617.284816
1020.060278 693.533564
1110.401440 698.836667
1206.479956 704.501432
1308.595499 710.405024
1417.646905 716.871445
1534.189617 723.734937
1658.984384 731.136536
1016.089598 788.212460
1106.847274 796.330452
1203.362371 805.068459
1306.112696 814.421188
1415.688782 824.349819
1532.960467 835.032530
1658.547874 846.552488
1069.186213 182.731219
1154.288748 173.378507
1244.220867 163.581922
1339.602967 153.248923
1440.652532 142.253465
1548.193113 130.583895
1662.662077 118.137659
1059.286279 260.906141
1145.565643 253.746060
1236.894359 246.069968
1333.791041 238.041952
1436.723625 229.394032
1546.211485 220.326858
1662.911931 210.678329
1048.978832 341.966040
1136.541373 336.939269
1229.319139 331.699236
1327.831027 326.078858
1432.608662 320.161750
1544.144225 313.740733
1663.358504 307.107012
1038.342919 425.844100
1127.217872 423.153144
1221.481314 420.488271
1321.616332 417.562284
1428.273260 414.429500
1542.037285 411.221558
1663.704890 407.635783
1027.359202 512.847272
1117.565993 512.746693
1213.215385 512.795205
1315.220345 512.687936
1423.797489 512.698026
1539.917036 512.652028
1664.122187 512.742296
1015.915782 603.022389
1107.351836 605.739815
1204.780079 608.730282
1308.373788 611.759404
1419.105662 615.171079
1537.549293 618.693262
1664.475211 622.554043
1004.047425 696.594256
1096.987852 702.279257
1195.908008 708.389488
1301.475404 714.929219
1414.204212 721.881187
1535.166180 729.366020
1664.935107 737.432466
1085.586640 463.050387
1193.447379 461.881679
1305.251477 460.836030
1421.429079 459.663649
1541.799189 458.559001
1666.932604 457.293984
1797.054640 455.997651
1090.940301 557.953722
1195.647356 558.616631
1303.982334 559.313506
1416.379263 559.985080
1532.703260 560.638844
1653.559733 561.390854
1778.904415 562.219437
1096.094730 647.444666
1197.680977 649.536669
1302.809681 651.714521
1411.583388 653.937598
1524.246825 656.379419
1641.037883 658.741585
1762.131524 661.344120
1100.872628 731.714170
1199.653026 735.128423
1301.631979 738.719440
1407.180466 742.431354
1516.314772 746.207140
1629.209173 750.173653
1746.311844 754.209183
1105.493095 811.286769
1201.528039 815.915311
1300.640493 820.682335
1403.015284 825.589876
1508.875180 830.753950
1618.257971 836.059977
1731.465361 841.501915
1109.769278 886.649334
1203.244994 892.333521
1299.589415 898.146106
1399.061520 904.176568
1501.719135 910.465325
1607.861937 916.962656
1717.473563 923.669955
1113.906775 958.001176
1204.852129 964.545326
1298.599448 971.316190
1395.331044 978.441468
1495.032673 985.689361
1598.018994 993.099967
1704.396998 1000.897554
1100.825682 257.238884
1202.821937 252.834833
1308.278768 248.424901
1417.532426 243.839028
1530.585076 239.124030
1647.849737 234.195703
1769.454740 229.082277
1100.419164 356.563301
1202.315595 353.999411
1307.721210 351.273115
1416.912803 348.497057
1529.799299 345.595062
1646.880260 342.659327
1768.313251 339.639282
1100.042235 455.915565
1201.836726 454.930689
1307.203203 453.957983
1416.226805 452.981007
1529.021407 452.039901
1645.979580 450.902702
1767.307355 449.918356
1099.676180 554.993680
1201.389928 555.682887
1306.609381 556.515843
1415.508656 557.349893
1528.229249 558.168882
1645.053410 559.078081
1766.240287 559.975252
1099.403082 653.881670
1200.979671 656.263326
1306.035728 658.803369
1414.817971 661.385883
1527.459707 664.123362
1644.224414 666.947965
1765.162548 669.838177
1099.007935 752.654882
1200.486669 756.774135
1305.477692 761.016106
1414.096595 765.378818
1526.623338 769.969654
1643.289900 774.712186
1764.143169 779.584249
1098.711155 851.225496
1200.051361 856.909927
1304.929169 862.852685
1413.504263 869.135640
1525.810312 875.581771
1642.318329 882.225640
1763.162897 889.187734
1125.025482 140.309501
1216.749848 134.719038
1311.193562 129.020485
1408.715606 123.221433
1509.142524 117.181955
1612.998814 110.997307
1720.283522 104.549150
1120.678398 213.840697
1214.661906 209.326338
1311.614482 204.607667
1411.725341 199.844204
1515.047442 194.879650
1621.776647 189.834442
1732.164693 184.588108
1115.958090 291.359860
1212.431093 287.918135
1311.976217 284.444453
1414.896333 280.811746
1521.168639 277.134931
1631.103645 273.209017
1744.971574 269.335415
1111.062841 373.018900
1210.118068 370.796059
1312.473534 368.664511
1418.265510 366.334205
1527.668205 364.004195
1640.971553 361.657448
1758.356077 359.090883
1105.920677 459.291896
1207.668901 458.471292
1312.811863 457.803369
1421.831207 456.977080
1534.567677 456.192572
1651.487203 455.346429
1772.594103 454.550914
1100.511204 550.478686
1204.937925 551.307825
1313.398701 552.272181
1425.526883 553.103319
1541.842563 554.134637
1662.606953 555.102031
1787.878037 556.130608
1094.650032 647.094812
1202.227709 649.638601
1313.820173 652.340552
1429.622638 655.201188
1549.614311 658.178587
1674.438115 661.244509
1804.189049 664.426873
1086.483184 234.697725
1168.619372 227.136092
1255.209124 219.252516
1346.794785 210.954543
1443.647520 202.112916
1546.397727 192.790382
1655.428259 182.882916
1074.395171 306.238412
1158.053093 300.553991
1246.351057 294.512882
1339.936910 288.197871
1439.035915 281.426235
1544.191468 274.333823
1656.025425 266.797933
1061.707130 381.176346
1146.992007 377.393877
1237.140213 373.496990
1332.740074 369.275049
1434.130732 364.902853
1541.845710 360.169627
1656.741145 355.300917
1048.469245 459.521684
1135.414929 457.880519
1227.483121 456.296740
1325.089053 454.526130
1428.922111 452.657598
1539.447537 450.791235
1657.354398 448.654335
1034.641815 541.657902
1123.309486 542.382098
1217.179771 543.329281
1317.167252 544.226871
1423.464257 545.198507
1536.944622 546.235292
1658.052272 547.448770
1020.109185 627.726471
1110.397023 631.141772
1206.531786 634.851365
1308.630043 638.685765
1417.668020 642.919216
1534.146042 647.332768
1658.781823 652.134510
1004.792741 718.128009
1097.019389 724.388186
1195.188151 731.136521
1299.853454 738.366361
1411.519227 746.032870
1531.306325 754.311849
1659.668113 763.211161
1148.441820 257.628615
1239.315480 252.057752
1334.147359 246.286172
1433.451988 240.321936
1537.220212 234.053622
1646.242634 227.467914
1760.562907 220.551478
1140.749649 334.027944
1233.698839 330.106114
1330.880554 325.955217
1432.740863 321.700814
1539.405141 317.175947
1651.377471 312.512012
1769.044892 307.579236
1132.604132 414.391474
1227.831057 412.145631
1327.480731 409.900702
1432.023655 407.511590
1541.620757 405.069661
1656.814616 402.373417
1778.147488 399.742066
1124.132261 498.898993
1221.662518 498.566077
1323.900166 498.394403
1431.211643 498.098853
1543.898680 497.869339
1662.592278 497.690031
1787.665148 497.359633
1115.190797 587.923584
1215.185022 589.728907
1319.967245 591.865921
1430.415184 593.923772
1546.344547 596.225674
1668.858238 598.577670
1797.844329 601.148789
1105.764488 681.799802
1208.158749 686.101121
1316.004580 690.715869
1429.382938 695.435049
1548.926162 700.615724
1675.323587 705.977678
1808.756032 711.605669
1095.728886 780.965302
1200.888249 787.924092
1311.648069 795.304023
1428.579118 803.155365
1551.689783 811.477114
1682.177798 820.219277
1820.370896 829.482448
1151.701063 377.941334
1257.078183 375.575625
1366.090335 373.255461
1479.143631 370.837048
1596.208239 368.382932
1717.788688 365.755306
1843.938960 363.093219
1151.260639 479.541147
1256.476295 479.061507
1365.475137 478.509069
1478.367873 478.008885
1595.247132 477.449373
1716.680511 476.908591
1842.759373 476.444617
1150.777709 581.106583
1255.862439 582.353390
1364.804147 583.641361
1477.512606 584.961891
1594.347106 586.451047
1715.611905 587.795332
1841.702063 589.414091
1150.346342 682.362290
1255.378856 685.323549
1364.090735 688.488540
1476.701165 691.726595
1593.423387 695.074291
1714.494328 698.551711
1840.178396 702.109299
1149.962023 783.456226
1254.831873 788.160242
1363.403146 793.105693
1475.910243 798.205644
1592.478353 803.593215
1713.492027 809.071390
1839.001679 814.816805
1149.519112 884.375760
1254.253962 890.873066
1362.758250 897.614924
1475.033229 904.638075
1591.441961 911.962968
1712.367460 919.470450
1837.782254 927.253528
1149.080879 985.037428
1253.646226 993.259700
1361.994851 1001.820319
1474.275404 1010.786373
1590.417686 1019.757802
1711.159518 1029.367957
1836.774983 1039.725268
1079.444365 257.446886
1185.918628 250.241512
1298.041658 242.842406
1416.590183 234.925451
1541.632575 226.656668
1673.935211 217.796208
1814.264638 208.429447
1089.428472 358.447239
1193.019776 354.205374
1301.847832 349.690192
1416.655053 344.895827
1537.562131 339.801589
1665.386403 334.495050
1800.601908 328.897748
1098.980167 453.917270
1199.727090 452.044920
1305.537912 450.074125
1416.748363 447.979875
1533.900755 445.909527
1657.424543 443.581746
1787.926015 441.221650
1107.906099 543.916885
1206.019921 544.242635
1308.851101 544.666453
1416.929427 545.107706
1530.503654 545.454125
1649.972945 545.894501
1775.983956 546.324300
1116.476684 629.048659
1212.039706 631.395539
1312.136942 633.828498
1417.063310 636.342407
1527.288246 639.064044
1643.048528 641.890860
1764.889430 644.831585
1124.479550 709.797346
1217.686729 713.932262
1315.105127 718.153923
1417.143847 722.591667
1524.105683 727.337288
1636.471391 732.244354
1754.418169 737.422977
1132.147168 786.391956
1222.985503 791.979150
1317.912095 797.852142
1417.288956 804.087446
1521.217740 810.608493
1630.240905 817.379742
1744.666172 824.555157
1082.972420 200.687320
1188.657992 192.149361
1299.842611 183.405596
1417.367785 174.036387
1541.205712 164.248236
1672.253202 153.772279
1811.101870 142.767352
1090.388339 304.851436
1193.848181 299.370824
1302.559083 293.501842
1417.216178 287.306619
1537.911410 280.727847
1665.553104 273.877662
1800.512460 266.673480
1097.581197 404.646916
1198.829786 401.646541
1305.208564 398.460178
1417.092913 395.098716
1534.934192 391.697025
1659.220467 387.954904
1790.575800 384.130703
1104.397100 499.987292
1203.613019 499.319174
1307.650849 498.710987
1417.052334 498.086113
1532.067832 497.304815
1653.177960 496.567889
1781.015251 495.688977
1111.046892 591.293033
1208.234202 592.858793
1310.107583 594.502360
1417.005457 596.143885
1529.333061 597.974240
1647.555594 599.870964
1772.016396 601.857746
1117.306009 678.926414
1212.593136 682.485657
1312.321689 686.172846
1416.891177 690.011808
1526.664820 694.128726
1642.075819 698.423187
1763.407266 702.960896
1123.363384 762.961367
1216.736544 768.249407
1314.439220 773.828505
1416.867602 779.762759
1524.157667 785.969897
1636.799062 792.416176
1755.278757 799.315400
1140.878213 88.006719
1249.551910 80.258038
1362.177570 72.354828
1479.269659 64.152386
1600.275310 55.620726
1726.409775 46.772813
1857.400911 36.991625
1141.575797 195.248770
1249.314683 189.603428
1360.950392 183.661331
1476.794021 177.589793
1596.794630 171.245779
1721.540794 164.695918
1850.810686 157.930764
1142.223920 300.867578
1249.057488 297.025923
1359.796712 293.109076
1474.490475 288.995932
1593.349205 284.909521
1716.824177 280.440311
1845.201158 276.024406
1142.889405 404.523293
1248.812334 402.539762
1358.511316 400.585602
1472.179784 398.542822
1589.944726 396.373603
1712.229767 394.160624
1839.072478 391.834310
1143.641813 506.466495
1248.651323 506.311474
1357.365455 506.150638
1469.956856 505.975727
1586.653744 505.908540
1707.763023 505.720125
1833.371704 505.543152
1144.255068 606.780196
1248.342526 608.379454
1356.162860 609.951397
1467.697451 611.665884
1583.278486 613.522975
1703.286704 615.314321
1827.759218 617.230435
1144.914072 705.361028
1248.113874 708.535189
1354.946330 711.881519
1465.596446 715.445933
1580.081220 719.122770
1698.838145 722.802289
1822.150472 726.784693
