508.178222 403.870734
586.426541 399.263530
670.298998 394.630906
760.426386 389.720266
857.173782 384.691446
961.238077 379.521447
1073.021260 374.252291
529.310036 497.778295
606.831917 496.552727
689.680015 495.326130
778.558980 494.141789
873.914340 492.824228
976.271091 491.674078
1086.028987 490.641459
550.015584 588.473760
626.660162 590.177679
708.549765 592.095782
796.147848 594.159958
890.038587 596.528819
990.560008 598.957677
1098.148564 601.692270
570.097407 675.636133
645.929496 680.116606
726.757015 685.008168
813.106644 690.273646
905.471404 695.685157
1004.158913 701.456866
1109.483754 707.589184
589.661958 759.553892
664.651221 766.615794
744.478124 774.072463
829.506013 781.942944
920.232364 790.304763
1017.031822 799.056231
1120.163773 808.302926
608.554546 840.260153
682.622936 849.599454
761.370456 859.420265
845.087536 869.724559
934.275064 880.619390
1029.202054 892.036745
1130.120076 904.059428
626.902040 917.756896
700.025726 929.067444
777.598994 940.978237
860.092121 953.560879
947.695400 966.727586
1040.762143 980.478704
1139.539768 994.975797
559.060174 260.987546
635.338499 252.214661
716.802237 243.152439
803.898117 233.717651
896.961176 223.900088
996.595281 213.807695
1103.023888 203.395010
558.342463 354.350963
634.718353 348.658913
716.246551 342.691145
803.446707 336.577488
896.791199 330.158291
996.672413 323.651688
1103.435037 317.051929
557.897926 448.401559
634.302624 445.689805
715.861398 442.966828
803.178703 440.107845
896.645720 437.292114
996.630035 434.377461
1103.604838 431.601478
557.678346 542.617781
634.091199 542.952614
715.651834 543.522081
802.981190 544.149943
896.489253 544.823060
996.544348 545.725184
1103.527073 546.713928
557.735859 636.969308
634.143906 640.409319
715.708431 644.169187
803.006637 648.147006
896.341920 652.518374
996.343834 657.071234
1103.203838 662.028499
557.965994 731.265375
634.260532 737.776131
715.922308 744.751256
802.981298 752.154198
896.217662 760.019488
996.026596 768.246923
1102.641035 776.997624
558.469306 825.259199
634.731263 834.753977
716.154847 844.834630
803.198222 855.591271
896.145156 866.893200
995.688651 878.784297
1101.925639 891.381652
635.177500 165.717062
708.596278 155.070368
786.502484 144.077946
869.269382 132.785891
957.156326 121.000276
1050.686425 108.894309
1149.841537 96.515345
616.800791 243.290813
691.150650 234.772363
770.147478 225.883792
854.210656 216.756092
943.846388 207.260329
1039.133517 197.563444
1140.505773 187.628295
597.797078 324.415917
673.056361 318.116219
753.154166 311.638419
838.600122 304.906514
929.751554 298.038317
1026.882851 290.925955
1130.491683 283.816923
578.308330 408.888949
654.385139 405.093787
735.511173 401.323904
822.217172 397.382720
914.940371 393.346568
1014.033323 389.346209
1119.779740 385.236967
558.253390 497.011495
635.153641 496.020439
717.223492 495.205502
805.311145 494.257042
899.423409 493.481334
1000.377338 492.716045
1108.244129 492.216908
537.570829 588.659951
615.171330 590.740621
698.469663 593.136368
787.564937 595.585568
883.233114 598.472835
985.892100 601.441860
1095.897107 604.685361
516.360992 683.915213
594.884738 689.297483
679.113778 695.089069
769.426296 701.417066
866.360091 708.106494
970.770463 715.187766
1082.701884 722.709476
916.154264 308.320260
1025.969255 315.940287
1128.426334 323.335282
1224.046554 330.613396
1313.329662 337.643131
1396.714290 344.286894
1474.596729 350.813718
906.571114 427.275084
1015.202005 430.798549
1116.657037 434.431047
1211.382627 437.925705
1299.909131 441.397796
1382.713618 444.708050
1460.093928 447.970328
897.394417 542.952156
1004.573499 542.745786
1104.918024 542.595844
1198.729173 542.609838
1286.478630 542.705872
1368.634904 542.711626
1445.512455 542.973390
888.426834 655.081913
994.244766 651.275625
1093.269194 647.715713
1186.125819 644.380686
1273.077326 641.287549
1354.519755 638.308703
1430.920204 635.681162
879.853012 763.333786
984.099436 756.284193
1081.879259 749.539625
1173.556145 743.226306
1259.758791 737.093900
1340.446170 731.406489
1416.293656 725.941257
871.616921 867.841025
974.274237 857.772815
1070.659255 848.126592
1161.350957 838.938480
1246.531568 830.038053
1326.601039 821.678583
1401.884251 813.762394
863.639311 968.477874
964.597760 955.580665
1059.798521 943.169151
1149.282866 931.481054
1233.559596 920.105761
1312.798963 909.253783
1387.442681 899.020083
896.347962 197.120809
1001.883945 207.971239
1100.735184 218.438953
1193.339300 228.731796
1280.128347 238.646307
1361.471060 248.106665
1437.707743 257.254788
895.716080 310.849111
1001.594173 318.084168
1100.764832 325.243297
1193.583704 332.202441
1280.541138 338.977000
1362.001385 345.438014
1438.327311 351.704448
895.109046 425.573531
1001.147160 429.233173
1100.505411 432.839645
1193.530418 436.483122
1280.581175 440.001506
1362.128706 443.297604
1438.560792 446.686783
894.459471 540.981934
1000.655094 540.922147
1100.074621 541.003837
1193.154745 541.161064
1280.273993 541.446071
1361.852610 541.681641
1438.372400 542.103085
893.863067 656.520765
1000.000766 652.807223
1099.376079 649.355581
1192.409844 646.128292
1279.663637 643.029038
1361.213824 640.283179
1437.693743 637.587775
893.349827 771.900188
999.302719 764.578117
1098.503917 757.645934
1191.533714 751.062297
1278.632123 744.645220
1360.305517 738.684623
1436.794984 733.131037
892.832058 886.704776
998.418717 875.777097
1097.550218 865.258042
1190.364406 855.452158
1277.424740 845.867522
1358.939910 836.870524
1435.423960 828.400134
858.111502 93.553340
955.981164 106.320501
1048.272258 118.608139
1135.339219 130.751754
1217.397921 142.436918
1294.859617 153.699813
1367.927522 164.677465
868.340488 184.317913
968.332768 194.711115
1062.542235 204.895331
1151.189714 214.839142
1234.634216 224.503896
1313.129800 233.812175
1387.067177 242.746183
879.022802 280.182182
981.232984 288.043303
1077.306212 295.738058
1167.627217 303.315881
1252.349398 310.643586
1331.960751 317.598923
1406.849281 324.479643
890.290649 381.518479
994.779334 386.404706
1092.722062 391.310661
1184.507197 396.079850
1270.566583 400.799426
1351.289113 405.317733
1427.069564 409.780016
902.191226 488.407348
1008.789945 490.013855
1108.541024 491.793670
1201.901275 493.574755
1289.341670 495.236811
1371.101407 497.056855
1447.689846 498.764409
914.781610 600.997661
1023.453816 599.023860
1125.098616 597.298453
1219.966035 595.654182
1308.587583 594.125113
1391.462689 592.762820
1468.929336 591.561710
927.904735 719.322112
1038.626976 713.364750
1142.125159 707.585262
1238.479688 702.365515
1328.357740 697.264844
1412.141285 692.570000
1490.407448 688.191533
498.691144 283.410449
587.050464 276.314412
680.647577 269.181283
779.872653 261.859554
884.804943 254.415537
995.871549 247.005964
1113.097517 239.623045
511.327676 385.316887
598.940477 381.285389
691.582062 377.145461
789.673428 372.998709
893.462102 368.725805
1003.223872 364.575972
1118.930435 360.561804
524.082411 485.066513
610.788363 483.760863
702.438752 482.524444
799.398784 481.262033
901.958514 480.141983
1010.198647 479.045173
1124.299809 478.185994
536.706243 582.128612
622.534863 583.480309
713.154499 585.023355
808.948148 586.657056
910.159726 588.380400
1016.899031 590.279478
1129.202250 592.311663
549.266155 676.561018
634.223676 680.433419
723.842119 684.495080
818.326262 688.708260
918.095703 693.233136
1023.212385 697.850198
1133.690872 702.659984
561.668440 768.315923
645.673502 774.455584
734.254460 780.949495
827.464963 787.634679
925.756204 794.593358
1029.184661 801.689076
1137.775634 809.088739
573.976358 857.260609
656.973294 865.472350
744.371920 874.086949
836.440142 883.084940
933.184776 892.295783
1034.899380 901.733981
1141.579427 911.530694
663.174542 376.831484
785.363688 377.375187
906.276513 378.305225
1025.608734 379.670482
1142.781121 381.340791
1257.457418 383.101761
1369.464879 385.241947
668.576532 487.677650
786.736186 487.711061
903.649016 488.005135
1019.052329 488.453363
1132.455073 489.016108
1243.632681 489.724383
1352.257714 490.703075
674.031914 591.555010
788.131082 591.095841
901.192794 590.684496
1012.820232 590.349195
1122.662567 590.127234
1230.376574 589.765664
1335.706264 589.670926
679.234625 688.654043
789.583711 687.749039
898.864739 686.775315
1006.914071 685.887737
1113.261779 684.839257
1217.642480 683.689026
1319.853821 682.697064
684.326482 779.390377
791.090699 778.113857
896.819373 776.630029
1001.272609 775.123008
1104.324318 773.472822
1205.437641 771.827781
1304.672161 769.996746
689.103065 864.434726
792.540177 862.705714
894.813317 860.829512
996.043829 858.815118
1095.775450 856.601014
1193.958046 854.333498
1290.302250 851.974357
693.750627 944.108142
793.800657 941.944385
892.990740 939.617032
991.042269 937.232086
1087.732976 934.589439
1182.970045 931.808471
1276.529287 928.982363
689.383881 77.089322
796.006750 79.499479
901.528496 82.331090
1005.815579 85.715792
1108.595805 89.468809
1209.681650 93.667111
1308.792398 98.259291
685.771473 172.445117
794.461674 174.355166
902.085459 176.674221
1008.404777 179.478177
1113.158575 182.665861
1216.064645 186.210276
1316.909288 190.094527
682.121825 271.955839
792.892603 273.337346
902.588412 275.131578
1011.023771 277.320575
1117.687807 279.862603
1222.416505 282.622874
1325.040671 285.799095
678.514134 375.608981
791.361773 376.441674
903.141024 377.669083
1013.526206 379.167240
1122.161263 380.994436
1228.750444 383.025957
1333.122529 385.275286
675.013240 483.472279
789.876268 483.793827
903.616599 484.448993
1016.047852 485.214318
1126.612322 486.151045
1234.986594 487.288774
1341.015729 488.576102
671.671948 595.405813
788.395302 595.250372
904.265136 595.263329
1018.560872 595.275073
1130.954172 595.314871
1241.202446 595.395306
1348.922181 595.628628
668.453403 711.369087
787.143338 710.602622
904.884049 709.811291
1021.063662 709.051104
1135.232125 708.165261
1247.093176 707.205991
1356.465453 706.258766
871.438052 235.996768
985.120051 246.037454
1091.149740 255.761412
1190.060208 265.313385
1282.390776 274.520131
1368.517880 283.258648
1448.924493 291.763972
862.301196 358.358386
974.742839 364.135920
1079.738971 369.943730
1177.760044 375.533376
1269.279669 381.043946
1354.798942 386.266534
1434.691627 391.382758
853.592100 477.526336
964.549289 479.372246
1068.386253 481.202137
1165.457631 483.179658
1256.153630 485.125103
1341.025153 486.924433
1420.392423 488.841629
845.129345 593.170445
954.678189 591.234789
1057.208522 589.488111
1153.242995 587.940861
1243.082214 586.536382
1327.190926 585.169842
1406.020015 584.074136
837.101324 704.993451
944.997613 699.628199
1046.239861 694.485959
1141.027130 689.740637
1230.070242 685.140497
1313.373596 680.902392
1391.618161 676.846555
829.483257 812.973378
935.708840 804.426775
1035.413951 796.225836
1129.170390 788.427737
1217.135152 780.887762
1299.796903 773.814051
1377.411881 767.128422
822.171193 916.981021
926.585161 905.400914
1024.999004 894.259303
1117.473769 883.795656
1204.498522 873.598543
1286.230967 863.930933
1363.181443 854.801306
591.504464 225.827162
667.398199 216.276284
748.225999 206.365067
834.492814 196.111207
926.504818 185.413146
1024.774598 174.467324
1129.498664 163.166828
577.824917 312.711379
654.346440 305.792949
735.977458 298.525944
823.193212 291.097025
916.499703 283.321150
1016.162368 275.413746
1122.602730 267.348058
563.937598 402.460999
641.092131 398.290664
723.466289 394.030530
811.660783 389.551246
906.087566 385.063856
1007.115731 380.369647
1115.233687 375.846054
549.916680 494.856479
627.650079 493.666856
710.739306 492.597758
799.805430 491.506496
895.330351 490.403788
997.729510 489.466586
1107.386975 488.548488
535.792618 589.916342
614.085837 591.895742
697.846162 594.197086
787.823047 596.576881
884.235250 599.343966
987.889598 602.205750
1098.962265 605.454350
521.499761 687.499258
600.235068 692.856924
684.879155 698.734213
775.437582 704.927873
872.822550 711.673792
977.585436 718.688159
1089.984420 726.187013
507.190883 787.458410
586.500262 796.377701
671.629274 805.898751
763.099459 816.121200
861.217613 826.934864
967.030730 838.387090
1080.555088 850.531901
589.939238 379.916500
698.832772 377.817568
810.587383 375.982581
925.278732 374.380528
1042.361985 373.129160
1161.550623 372.184868
1282.421196 371.509749
598.237014 489.400251
705.526840 488.786010
815.642333 488.385205
928.493910 488.112063
1043.705724 487.912768
1160.985472 487.962176
1279.833304 488.229660
606.671468 595.732017
712.315260 596.429984
820.641932 597.228464
931.632725 598.163716
1044.919737 599.088513
1160.145204 600.046959
1276.928645 601.166543
615.053605 698.537878
719.075647 700.458909
825.515349 702.517650
934.608088 704.553702
1045.901292 706.447131
1159.014558 708.328390
1273.694120 710.232891
623.410822 797.903563
725.738525 800.953958
830.442380 804.015886
937.496373 806.975414
1046.724487 809.880573
1157.723894 812.691859
1270.227379 815.341451
631.583500 893.849598
732.186946 897.891900
835.087893 901.865705
940.223245 905.757422
1047.404029 909.484882
1156.329138 913.100810
1266.696535 916.488705
639.685473 986.208485
738.500522 991.111948
839.594267 995.918862
942.861408 1000.695978
1048.001032 1005.191596
1154.772004 1009.466196
1262.998886 1013.592856
677.704091 148.526156
771.017745 144.743502
866.206101 141.210017
963.265986 138.133865
1061.979464 135.316009
1162.285374 132.878336
1263.706075 130.884415
663.914056 225.737702
759.926019 222.572481
858.071977 219.632166
958.207781 217.112890
1060.199823 214.889968
1163.694081 213.017953
1268.475374 211.538744
649.263726 308.154605
748.182920 305.702873
849.330041 303.556927
952.799907 301.682881
1058.090525 300.152383
1164.991283 298.867955
1273.359219 298.054481
633.905008 396.083827
735.792772 394.530870
840.173472 393.286131
946.878009 392.190535
1055.688992 391.431320
1166.274479 390.992652
1278.287453 390.773944
617.774525 490.028900
722.711747 489.549311
830.264910 489.405805
940.623598 489.277219
1053.011837 489.383063
1167.390333 489.701273
1283.220863 490.274461
600.820576 590.246677
708.828403 591.095428
820.025230 592.152950
933.786497 593.240143
1050.003033 594.437800
1168.347548 595.640202
1288.267788 596.992316
582.960026 697.211396
694.475068 699.516334
809.049900 701.919163
926.576626 704.395412
1046.637910 706.756924
1169.026359 709.106567
1293.094384 711.383961
859.886376 161.691756
964.010047 173.222907
1061.766598 184.351710
1153.604095 195.329390
1239.833596 205.865507
1320.896749 216.020910
1397.050503 225.883153
866.946613 265.847667
972.756338 274.329151
1072.062824 282.688179
1165.111331 290.828505
1252.386312 298.742323
1334.241993 306.390173
1411.043282 313.730175
874.252705 374.374634
981.745093 379.655394
1082.458090 384.852175
1176.802406 390.017379
1265.031149 394.993515
1347.679938 399.727888
1425.171894 404.481052
881.890571 487.383909
991.059411 489.052476
1093.110461 490.825513
1188.523570 492.590930
1277.728726 494.444150
1361.168717 496.180081
1439.275992 498.050493
889.844577 604.544125
1000.477487 602.369829
1103.785422 600.495762
1200.292015 598.758771
1290.472854 597.099824
1374.632559 595.732714
1453.290037 594.367420
898.137636 725.677890
1010.146178 719.495730
1114.682533 713.699434
1212.217251 708.221788
1303.197233 702.881493
1388.160704 697.995387
1467.455746 693.439766
906.652442 850.586314
1019.905315 840.085349
1125.683791 829.964723
1224.142962 820.617103
1315.973334 811.519144
1401.513439 803.040225
1481.382771 795.057036
271.016972 102.280892
372.257641 105.739789
472.075674 109.348295
570.351800 113.489533
666.958417 117.821263
761.772730 122.445963
854.448191 127.390956
256.624523 179.621364
361.106412 182.374938
464.152926 185.433328
565.567359 188.903443
665.284921 192.592626
762.896796 196.521486
858.327784 200.659261
241.649245 262.246865
349.494583 264.341304
455.876217 266.748558
560.711185 269.419922
663.477416 272.308743
764.081806 275.340164
862.429507 278.732252
226.030097 350.625673
337.534987 351.890947
447.465285 353.492336
555.593572 355.249207
661.660557 357.288929
765.450574 359.469337
866.823066 361.896504
209.862702 445.220477
325.089757 445.580945
438.587574 446.311051
550.422222 447.128604
659.903325 448.099403
766.965492 449.254366
871.473040 450.576639
193.139668 546.400086
312.126258 545.836200
429.721789 545.544091
545.131433 545.276916
658.274446 545.117915
768.792531 545.054217
876.566838 545.140084
175.762443 654.622792
298.966522 653.064678
420.561958 651.450947
539.905425 650.018311
656.773371 648.532953
770.792825 647.186452
881.857024 645.863454
305.863615 380.256597
432.909360 383.947643
553.388407 387.675301
667.434795 391.546046
775.244521 395.417399
877.115017 399.181212
973.320286 403.028787
306.556101 494.775803
430.731689 495.204165
548.589765 495.891943
660.244172 496.602213
765.958401 497.440783
866.049274 498.272827
960.630639 499.280561
307.966480 604.107348
429.061122 601.630962
544.282387 599.289043
653.678551 597.205557
757.259500 595.278877
855.455491 593.433517
948.399590 591.831368
309.620840 708.349348
427.930665 703.139507
540.422774 698.167652
647.506730 693.496569
749.037517 689.071509
845.312269 684.761282
936.642772 680.799616
311.741706 807.476031
427.080712 799.929143
537.112862 792.535255
641.726360 785.538874
741.321647 778.753752
835.651746 772.352426
925.301767 766.083884
314.080345 901.907574
426.666333 892.187822
534.015803 882.693248
636.488657 873.539299
733.900398 864.574800
826.524160 856.047761
914.530569 847.859882
316.773173 991.532535
426.446062 979.909899
531.387693 968.445212
631.490852 957.427486
726.911161 946.624224
817.676533 936.201310
904.105288 926.230540
319.431448 166.218444
435.655420 175.412329
546.356095 184.441144
651.726625 193.596864
751.861393 202.559987
846.892419 211.338836
937.056793 220.008946
316.515279 272.214125
434.096432 278.699788
546.063330 285.241477
652.470399 291.768390
753.548169 298.238895
849.393515 304.560225
940.308368 310.848233
314.144306 380.785526
432.882927 384.514360
545.958343 388.319837
653.438836 392.218755
755.310327 396.022985
851.955439 399.768732
943.580303 403.619127
312.219929 491.884997
432.191224 492.622952
546.241683 493.548852
654.543571 494.596668
757.232457 495.748408
854.620153 496.855856
946.889019 498.173345
310.888055 605.016744
431.812610 602.760709
546.747641 600.739204
655.902967 598.903367
759.359652 597.162363
857.333898 595.681606
950.158208 594.246170
310.106084 720.167931
431.872663 714.810283
547.680003 709.714841
657.661689 704.879141
761.691834 700.223030
860.253938 695.859927
953.562798 691.679599
309.913533 836.873042
432.373743 828.357096
549.011923 819.970265
659.518646 812.124061
764.257818 804.449404
863.148609 797.161331
956.838576 790.186369
326.977204 107.760118
436.388245 117.798857
540.885582 127.662914
640.640821 137.672335
735.735494 147.489969
826.319952 157.093553
912.490706 166.566615
323.455110 197.461980
435.616474 205.471748
542.738064 213.517169
644.800816 221.534869
742.005568 229.456600
834.392544 237.231637
922.192594 244.906774
320.069274 292.091143
435.093965 297.933791
544.810858 303.825020
649.375537 309.722739
748.569956 315.529815
842.808867 321.193182
932.322006 326.959318
316.942159 391.953651
435.010211 395.284094
547.368993 398.748771
654.162175 402.217183
755.479682 405.775797
851.665343 409.262312
942.878862 412.830648
314.191883 497.184290
435.174368 497.759890
550.150597 498.594411
659.385827 499.478750
762.881672 500.409195
860.933723 501.490213
953.760609 502.593137
311.911701 607.915283
435.744752 605.495574
553.586208 603.369032
665.198925 601.389675
770.769142 599.486222
870.778985 597.841693
965.263185 596.306155
309.979366 724.302707
436.834561 718.598727
557.443695 713.028481
671.475657 707.954906
779.186965 703.049781
880.909007 698.398445
977.006688 693.967981
192.639807 357.453779
316.676657 358.477109
438.758800 359.837054
558.714579 361.531054
676.081276 363.477651
790.505520 365.523062
901.960424 367.879910
207.870312 467.012303
327.996000 467.019284
446.205379 467.296790
562.286217 467.671534
675.900240 468.199122
786.894231 468.836160
895.033497 469.728201
222.942889 570.005618
339.044173 569.020978
453.478963 568.125975
565.948175 567.354004
676.046233 566.728478
783.619636 566.086989
888.524478 565.659153
237.385838 666.609674
349.898546 664.699597
460.586429 662.857278
569.572091 661.120251
676.357567 659.376075
780.607297 657.638463
882.441160 656.105699
251.469751 757.129531
360.390641 754.569818
467.712748 751.831415
573.182833 749.181204
676.805203 746.473208
777.886046 743.924526
876.702441 741.259626
265.014593 842.245883
370.537212 838.957767
474.455129 835.505695
576.843494 832.063567
677.233082 828.492108
775.478640 824.944744
871.429372 821.414780
278.179339 922.087009
380.319338 918.148631
481.126317 914.055172
580.371044 909.951803
677.797488 905.643475
773.111154 901.266869
866.381464 896.953537
205.402409 237.965208
326.263778 240.298229
445.199393 242.983775
562.206708 246.143739
676.758467 249.528660
788.609961 253.141526
897.504027 257.119062
211.458083 352.795707
330.595163 354.033216
447.902532 355.601648
563.157079 357.408421
676.033409 359.407616
786.298826 361.506579
893.743447 363.908289
218.179424 464.631117
335.347200 464.824839
450.854780 465.167608
564.435553 465.703343
675.572321 466.367962
784.183744 467.096053
890.093565 468.027458
225.215328 573.150750
340.588462 572.308228
454.154083 571.535102
565.921044 570.884086
675.338638 570.302673
782.253071 569.714417
886.601318 569.355837
232.672369 678.201784
346.085462 676.404854
457.811489 674.572542
567.640032 672.770075
675.395848 670.981372
780.507749 669.302030
883.215323 667.636265
240.375537 779.821896
351.817652 777.087019
461.589889 774.271737
569.649347 771.436277
675.558531 768.486124
779.094273 765.611257
880.076944 762.767216
248.377472 877.807091
357.749468 874.219230
465.658331 870.391885
571.797704 866.636537
675.887273 862.689679
777.613064 858.664625
876.977182 854.684499
329.929368 227.097700
455.457097 235.218250
574.443854 243.200544
687.113146 251.243192
793.695242 259.196222
894.289724 266.911451
989.282253 274.581153
328.776513 345.607515
452.679956 350.287449
570.202711 355.103940
681.466288 359.852325
786.753885 364.591199
886.368712 369.232012
980.443196 373.932879
328.417946 461.099833
450.379914 462.589792
566.288394 464.141856
676.153292 465.837392
780.147284 467.581404
878.658345 469.281114
971.738108 471.157990
328.524785 573.276057
448.676959 571.648620
562.796925 570.231890
671.189615 569.015256
773.851336 567.938058
871.127931 566.886779
963.220567 566.146411
329.191745 681.859112
447.333135 677.442365
559.785694 673.194614
666.543861 669.271434
767.871837 665.478046
863.823433 661.985902
954.826734 658.598783
330.289292 787.039710
446.458090 779.965274
557.052049 773.097766
662.331948 766.582000
762.202003 760.235241
856.911268 754.258082
946.762117 748.497821
331.783968 888.500592
445.838866 878.939257
554.747148 869.572680
658.308852 860.718105
756.767808 852.002242
850.101828 843.677798
938.815798 835.739407
123.079271 48.474660
249.669056 52.679560
374.529623 57.070032
497.506656 62.264472
617.981125 67.895270
735.728165 73.997437
850.385109 80.559996
124.226868 169.761014
250.437160 172.572121
374.801243 175.872257
497.075803 179.601604
617.057409 183.756550
734.280381 188.243590
848.413515 193.148919
126.583096 290.083670
251.892764 291.754987
375.526560 293.795092
497.224531 296.185080
616.476634 298.906287
732.976121 301.778086
846.478694 305.027049
129.545001 409.269796
254.147800 409.773537
376.875519 410.578197
497.688958 411.634550
616.150295 412.927100
731.823324 414.325890
844.616529 416.032366
133.404990 526.928188
256.973108 526.405543
378.782643 525.995287
498.602048 525.742801
616.143624 525.599764
730.864328 525.666000
842.805636 525.798286
137.929189 642.895877
260.395865 641.261236
381.146787 639.690878
499.930372 638.195557
616.451701 636.655898
730.282692 635.258607
841.207604 633.964390
143.163984 756.677997
264.395156 753.979718
384.003546 751.181654
501.646814 748.535080
617.053826 745.690986
729.775863 742.924424
839.631921 740.275204
158.230818 220.968134
297.371780 226.369875
431.589716 232.043586
560.970073 238.085653
685.112061 244.378520
803.844325 250.664139
917.283728 257.159964
169.475253 345.077131
304.005932 347.932535
433.924318 351.147867
559.101478 354.454479
679.398562 357.970043
794.711884 361.513725
905.013841 365.306378
181.022897 461.550207
310.849898 462.140826
436.514039 462.892604
557.760256 463.861272
674.325890 464.983446
786.240981 466.130006
893.460906 467.461944
192.329898 570.636935
317.884157 569.150673
439.278886 567.826804
556.739701 566.725105
669.793446 565.710759
778.355194 564.698111
882.602624 564.036284
203.500456 672.610762
324.853655 669.468413
442.426225 666.258727
555.986074 663.283003
665.742530 660.362863
771.024535 657.666445
872.371976 655.043993
214.485056 768.245558
331.820201 763.473267
445.485559 758.713485
555.655467 754.097563
661.979593 749.480372
764.389329 745.125208
862.847880 740.899285
225.225394 857.706104
338.586569 851.528825
448.723795 845.323670
555.444366 839.337228
658.642045 833.318314
758.044138 827.414809
853.821205 821.735323
138.686452 288.901736
255.438463 288.685533
372.360978 288.738408
489.490100 289.323805
606.363350 290.158686
722.625014 291.339000
837.801914 292.900710
130.576804 401.746865
248.532885 401.398323
366.740618 401.314181
485.100477 401.587361
603.297182 402.033758
720.689802 402.707082
837.049894 403.651326
123.148215 517.248647
242.141549 516.803288
361.497530 516.578787
481.144109 516.482374
600.397559 516.507868
718.877842 516.603283
836.380375 516.999824
116.222065 635.066203
236.450571 634.518906
356.852286 634.052986
477.452044 633.625769
597.776637 633.204141
717.340857 632.815157
835.842525 632.598800
110.132620 754.846648
231.171783 754.246711
352.569586 753.632068
474.149700 752.830506
595.421017 751.951344
715.981525 751.061469
835.303456 750.163952
104.607380 876.434795
226.443012 875.713219
348.807379 874.893435
471.207073 873.822101
593.377569 872.462448
714.797153 870.922267
834.988157 869.221263
100.218383 999.021702
222.346822 998.619075
345.725982 997.278881
468.832028 996.055830
591.619021 994.212101
713.678691 992.028583
834.539522 989.609238
230.895957 187.590832
342.236508 190.418901
451.947350 193.470049
559.888638 197.058654
665.834640 200.843511
769.559640 204.908577
870.769189 209.268463
214.103218 276.109465
329.299799 278.072499
442.875129 280.361778
554.477336 283.080196
664.066822 286.004011
771.103171 289.114949
875.525200 292.502975
196.528133 371.069335
315.818002 372.177719
433.336126 373.638439
549.005749 375.346949
662.200265 377.237597
772.766629 379.226417
880.614516 381.604433
178.268651 473.156425
301.928544 473.231867
423.671617 473.668003
543.284287 474.132667
660.353586 474.917848
774.698275 475.811281
886.125537 476.911020
159.356685 582.863627
287.447405 581.787669
413.493379 581.058896
537.493778 580.285261
658.672856 579.655586
776.863767 579.177976
891.922530 578.850086
139.817644 700.625958
272.396154 698.371576
403.324528 696.276391
531.606552 694.084640
657.183318 691.890404
779.443159 689.840757
898.248795 687.813609
119.555882 827.011609
257.157255 823.500063
392.855785 819.687519
525.809177 815.947205
655.766839 812.005276
782.229384 808.099287
904.928987 804.102162
258.717577 181.073956
374.136970 186.851919
485.944016 192.701877
594.133551 198.985756
698.618383 205.274780
799.346254 211.661497
896.187742 218.149623
247.637391 271.309790
367.031648 275.549787
482.766742 280.052128
594.565260 284.797782
702.445316 289.670095
806.162484 294.546956
905.800272 299.550750
236.122480 368.144382
359.827469 370.778576
479.545907 373.633863
595.303976 376.687444
706.524163 379.822822
813.429876 382.976375
916.065580 386.415507
224.316050 472.327447
352.654455 472.982732
476.618998 473.897806
596.131294 474.928214
710.993395 476.197694
821.297679 477.476663
927.002413 479.002491
212.293492 584.294893
345.251701 582.703211
473.567281 581.455757
597.340092 580.280365
716.016922 579.199013
829.712238 578.358154
938.498106 577.648868
200.138759 704.526225
337.847607 700.475852
471.032746 696.699975
598.956271 692.963397
721.621877 689.342573
838.854055 685.984738
950.875200 682.691157
187.698390 833.632193
330.707111 826.821202
468.681098 819.971622
601.048843 813.376166
727.762760 806.816112
848.608782 800.537083
963.813079 794.365604
996.439829 412.186572
1088.975546 408.824716
1186.946692 405.635350
1290.865099 402.294721
1400.686405 399.125660
1516.746918 395.880310
1639.241788 392.715886
1008.199133 504.360281
1099.313237 503.869744
1195.597277 503.513627
1297.551469 503.206777
1405.216225 502.979858
1518.874048 502.931925
1638.701328 503.064825
1019.500586 593.397232
1109.090397 595.393122
1203.729282 597.569501
1303.664861 599.961505
1409.190979 602.627768
1520.406304 605.375314
1637.552282 608.463710
1030.261243 678.839132
1118.287332 683.202811
1211.202128 687.897908
1309.276940 692.825269
1412.643312 697.946274
1521.439584 703.425279
1635.819958 709.150960
1040.579973 761.010949
1127.080581 767.617556
1218.295452 774.490610
1314.402728 781.606206
1415.575245 789.168748
1521.960931 797.033352
1633.652856 805.246408
1050.331278 839.965100
1135.316756 848.556779
1224.806787 857.460231
1318.985762 866.708070
1418.031439 876.365912
1522.047339 886.376002
1631.106887 896.816171
1059.748493 915.762115
1143.174246 926.080204
1230.911759 936.834836
1323.240018 948.050817
1420.139311 959.632801
1521.799715 971.569756
1628.306843 984.016170
1038.021979 238.441263
1125.425593 230.780746
1217.555995 223.038993
1314.749687 215.208489
1417.005493 207.267566
1524.643950 199.294037
1637.716608 191.274110
1034.618335 326.300478
1122.668731 321.115684
1215.546285 315.783183
1313.575965 310.492099
1416.851611 305.103320
1525.544481 299.766468
1639.772688 294.497349
1031.039148 416.038180
1119.722579 413.218156
1213.303030 410.478478
1312.115570 407.724235
1416.269525 405.136203
1525.895458 402.465361
1641.264719 400.053981
1027.314351 507.171959
1116.548355 506.891638
1210.756494 506.857027
1310.233526 506.890123
1415.182446 507.010974
1525.724706 507.352676
1642.085016 507.801769
1023.506266 599.725861
1113.202907 602.120278
1207.909327 604.783071
1308.050360 607.564307
1413.608886 610.656770
1524.995896 613.908645
1642.215508 617.526659
1019.488351 693.422450
1109.474139 698.603430
1204.746437 704.072171
1305.334469 709.738192
1411.586595 715.847383
1523.686551 722.221508
1641.690147 728.966583
1015.377137 788.072570
1105.721085 795.942029
1201.326812 804.263922
1302.428939 813.058989
1409.164046 822.183066
1521.840480 831.735925
1640.423356 841.766427
1067.353993 186.852740
1151.158249 178.446723
1239.206957 169.905864
1331.790565 161.317472
1428.882014 152.558644
1530.811870 143.771358
1637.548400 134.931466
1057.980602 263.136344
1143.236985 256.637174
1232.993256 249.940593
1327.431280 243.297722
1426.761225 236.497359
1530.964955 229.742784
1640.278944 223.006283
1048.065924 342.874567
1134.872656 338.328882
1226.326312 333.786119
1322.748039 329.191554
1424.149451 324.671014
1530.721989 320.033669
1642.705417 315.647155
1037.707390 425.994229
1126.024907 423.590111
1219.204673 421.377262
1317.473010 419.128814
1421.037591 416.963338
1530.055750 414.970137
1644.682243 412.964856
1026.858468 512.699344
1116.671765 512.722930
1211.442514 512.967731
1311.755497 513.232644
1417.396380 513.760380
1528.894571 514.418632
1646.138875 515.338981
1015.456767 602.852822
1106.583247 605.575005
1203.233032 608.557275
1305.262905 611.645057
1413.141960 615.124381
1527.057276 618.746016
1647.014053 622.699223
1003.530478 696.549675
1096.165898 702.101706
1194.330076 707.995588
1298.340131 714.260042
1408.283400 720.850201
1524.629029 727.815488
1647.271310 735.133078
1084.690503 463.136772
1191.644315 462.339579
1301.666784 461.839181
1414.713051 461.460003
1530.259121 461.338917
1648.230538 461.298246
1768.434440 461.482052
1090.208707 557.820840
1194.113160 558.577685
1300.830469 559.512648
1410.362466 560.516360
1522.286057 561.598222
1636.609038 562.854881
1752.897041 564.256359
1095.351151 647.276437
1196.196339 649.291389
1299.787573 651.382961
1405.907431 653.560457
1514.419401 655.915102
1625.133510 658.182408
1737.769152 660.647580
1100.002020 731.509266
1197.974623 734.684693
1298.446836 737.924386
1401.421817 741.257815
1506.654014 744.545703
1613.857958 747.842520
1722.960208 751.168506
1104.385537 810.886584
1199.537420 815.131774
1297.123335 819.342543
1396.968019 823.563906
1499.020748 827.836654
1602.911377 832.067103
1708.577990 836.222719
1108.332452 885.847148
1200.834210 891.017785
1295.544333 896.091781
1392.489741 901.169550
1491.432516 906.201171
1592.271835 911.216837
1694.684778 916.203678
1112.126979 956.575761
1201.929713 962.463619
1293.956435 968.301622
1388.110055 974.201596
1484.153738 979.966284
1581.939316 985.586614
1681.341569 991.243952
1098.954873 259.802995
1199.499370 256.293592
1302.682540 253.099106
1408.445414 250.201220
1516.493813 247.564924
1626.691380 245.202269
1738.801846 243.134376
1099.105061 357.569226
1199.826662 355.586831
1303.271591 353.732987
1409.280487 352.193070
1517.549131 350.824583
1627.973495 349.708742
1740.295482 348.869980
1099.077794 456.083821
1199.921215 455.460064
1303.535553 455.026597
1409.667026 454.824062
1518.033913 454.838869
1628.611477 454.856908
1741.142862 455.240728
1098.904891 554.852966
1199.780137 555.652587
1303.386932 556.724071
1409.542509 557.872111
1518.002010 559.118067
1628.620356 560.524178
1741.198433 562.011726
1098.600501 653.715277
1199.400159 655.998862
1302.901458 658.424909
1409.002712 660.916264
1517.450091 663.527177
1628.068468 666.199543
1740.480200 668.910076
1098.035207 752.401581
1198.667338 756.241685
1302.063357 760.051239
1408.000998 763.924734
1516.305921 767.844189
1626.820691 771.758787
1739.156294 775.694479
1097.428288 850.652291
1197.804072 855.871091
1300.962326 861.085419
1406.691532 866.440183
1514.733605 871.656851
1624.935115 876.837096
1737.105666 882.039042
1122.100915 146.134667
1211.988362 141.717847
1303.924289 137.522506
1397.887108 133.676069
1493.639667 130.047443
1591.241283 126.743388
1690.375437 123.702134
1118.387184 217.478907
1210.790559 213.900466
1305.454041 210.488855
1402.214764 207.438143
1500.977132 204.594629
1601.500828 202.076132
1703.660595 199.807983
1114.234805 293.320594
1209.353217 290.645056
1306.795993 288.235588
1406.601198 286.044288
1508.343435 284.118642
1612.026675 282.312033
1717.489951 280.955220
1109.809297 373.841888
1207.690464 372.174996
1308.134356 370.851559
1410.898857 369.635400
1515.855768 368.671083
1622.849979 367.953303
1731.660987 367.394766
1104.986519 459.445563
1205.735572 458.975002
1309.109346 458.833456
1415.179681 458.768319
1523.412600 458.913922
1633.888701 459.221679
1746.155802 459.765781
1099.743829 550.343337
1203.314389 551.308196
1310.035852 552.514666
1419.249784 553.719235
1531.011474 555.163380
1645.095741 556.692437
1761.105329 558.350224
1093.907421 646.938480
1200.667053 649.382235
1310.576540 651.984428
1423.333333 654.783178
1538.632519 657.624342
1656.408014 660.569606
1776.250265 663.545074
1084.763231 237.598740
1165.752926 230.833684
1250.651290 224.006086
1339.696073 217.159365
1432.947706 210.194166
1530.614984 203.224175
1632.634667 196.267534
1073.177547 307.748033
1155.915888 302.622074
1242.785843 297.406490
1334.070054 292.260262
1429.845464 287.023891
1530.136964 281.821022
1635.157258 276.661475
1060.841334 381.721837
1145.434256 378.345619
1234.344455 375.036477
1327.955967 371.660732
1426.195065 368.439397
1529.268148 365.140247
1637.411335 362.074090
1047.869458 459.523548
1134.283529 458.117160
1225.306529 456.901769
1321.124923 455.671842
1422.015549 454.584243
1528.017593 453.671977
1639.294883 452.789584
1034.152297 541.479458
1122.430036 542.309476
1215.439793 543.377357
1313.784372 544.540192
1417.234133 545.891440
1526.270115 547.418983
1640.762989 549.235285
1019.635779 627.583698
1109.613004 630.967941
1204.968845 634.613327
1305.539919 638.416524
1411.793668 642.603079
1523.874250 646.960727
1641.777325 651.659434
1004.261914 718.084973
1096.191715 724.200411
1193.570590 730.701073
1296.692112 737.583412
1405.613468 744.794978
1520.843987 752.415053
1642.201213 760.377615
1146.113620 260.442117
1235.417685 255.819973
1327.955757 251.305392
1423.815185 246.995892
1522.817400 242.765588
1625.193305 238.679553
1730.615951 234.758896
1139.039813 335.487095
1230.638984 332.247407
1325.735536 329.091230
1424.336671 326.167302
1526.356147 323.287590
1631.736647 320.610066
1740.422416 318.087679
1131.355707 414.912440
1225.427628 413.169369
1323.156370 411.635176
1424.645743 410.208218
1529.640884 408.949096
1638.230673 407.726225
1750.434608 406.877545
1123.212963 498.920634
1219.731658 498.850195
1320.192278 499.105780
1424.526070 499.394620
1532.663484 499.896712
1644.697811 500.608443
1760.436598 501.382507
1114.416996 587.778864
1213.506363 589.637743
1316.621781 591.866594
1424.106809 594.113110
1535.458832 596.622536
1651.081463 599.255660
1770.385456 602.119750
1104.952109 681.609194
1206.493355 685.758765
1312.672515 690.153889
1423.067582 694.643240
1537.911430 699.425820
1657.143280 704.314244
1780.381755 709.366825
1094.751006 780.668960
1198.993745 787.264067
1308.007250 794.067719
1421.805032 801.194202
1539.987797 808.475605
1662.855046 815.908873
1790.157262 823.537869
1149.992945 378.937684
1253.845922 377.278082
1360.375747 375.932233
1469.438558 374.807740
1580.782232 373.895714
1694.240103 373.176028
1809.572305 372.722570
1149.971611 479.756206
1253.870514 479.638459
1360.576685 479.676899
1469.744210 479.952338
1581.163711 480.326409
1694.783098 480.891519
1810.195833 481.657348
1149.686794 580.990571
1253.595156 582.328660
1360.322128 583.809190
1469.491520 585.380683
1580.964740 587.168328
1694.567406 588.885911
1810.098198 590.907768
1149.207872 682.119582
1253.060499 684.882567
1359.627721 687.855666
1468.734677 690.870553
1580.174417 693.891173
1693.649135 696.967284
1809.031899 700.102189
1148.562594 782.976418
1252.185241 787.267391
1358.556089 791.622315
1467.526233 796.000051
1578.748339 800.428602
1692.110414 804.799396
1807.274898 809.156107
1147.663814 883.378104
1251.021202 889.203101
1357.128655 894.988293
1465.772194 900.766370
1576.707128 906.496091
1689.846019 912.135366
1804.804598 917.708413
1146.670700 983.039975
1249.590094 990.295963
1355.344413 997.474399
1463.687185 1004.719714
1574.239315 1011.712271
1686.851082 1018.376448
1801.570734 1025.612732
1077.801553 259.866378
1182.850299 253.589641
1292.638351 247.534424
1407.343857 241.548178
1526.638828 235.781337
1650.499265 230.121229
1778.984907 224.667539
1088.213614 359.355431
1190.671920 355.707757
1297.543299 352.130497
1409.000170 348.667237
1524.819168 345.292515
1645.048135 342.129061
1769.532010 339.196270
1098.037716 454.069856
1197.826393 452.573384
1301.899351 451.161238
1410.165942 449.890445
1522.626031 448.865546
1639.221195 447.841506
1759.883362 447.076283
1107.118674 543.801915
1204.376799 544.259734
1305.570797 544.944890
1410.870484 545.762049
1520.103245 546.616523
1633.182226 547.634231
1750.071883 548.797708
1115.659171 628.861071
1210.399040 631.159121
1308.943420 633.563047
1411.215993 636.090355
1517.311907 638.808877
1626.995719 641.637939
1740.255113 644.557736
1123.501850 709.558775
1215.855525 713.479992
1311.707685 717.431153
1411.165225 721.555506
1514.172018 725.851829
1620.721120 730.204302
1730.533364 734.733681
1130.948643 785.985736
1220.839214 791.213488
1314.158402 796.586611
1410.945452 802.203649
1510.996667 807.892569
1614.341356 813.638030
1720.900002 819.581175
1080.949488 204.491215
1184.961122 197.073297
1293.557166 189.875960
1406.959918 182.749052
1524.893130 175.831985
1647.296351 169.043828
1774.144520 162.489992
1088.901849 306.523486
1191.056908 301.763039
1297.615021 297.051117
1408.753106 292.477843
1524.176737 287.982269
1644.025963 283.727864
1768.028336 279.713812
1096.468773 405.155153
1196.673910 402.635544
1301.197625 400.207856
1409.984804 397.903980
1522.981602 395.851183
1640.144339 393.815762
1761.379333 392.076641
1103.535207 499.973038
1201.832997 499.552138
1304.216306 499.354709
1410.746892 499.305270
1521.272413 499.288073
1635.789496 499.456208
1754.205190 499.737216
1110.237067 591.138427
1206.587265 592.731268
1306.889501 594.460822
1411.079152 596.288596
1519.177984 598.325653
1631.094962 600.486327
1746.658300 602.765541
1116.387508 678.707938
1210.851668 682.126456
1309.025842 685.631053
1410.959682 689.274438
1516.654950 693.106290
1626.051816 697.045073
1738.860419 701.159092
1122.247433 762.644276
1214.730618 767.624964
1310.846331 772.745097
1410.623507 778.153685
1513.908061 783.627919
1620.654147 789.161435
1730.845305 794.940300
1137.093808 96.021628
1243.143018 89.950383
1352.026783 84.289327
1463.637411 79.036819
1577.623710 74.190813
1693.902709 69.637315
1812.047752 65.674527
1138.755365 199.628825
1244.388824 195.203552
1352.885770 191.035610
1464.038063 187.257868
1577.494227 183.794751
1693.171868 180.713189
1810.762506 177.984841
1140.185214 302.883277
1245.288886 299.945024
1353.314017 297.334186
1463.857614 294.943065
1576.697436 292.943645
1691.708732 291.051573
1808.761749 289.600575
1141.412899 405.193364
1245.880450 403.806144
1353.204509 402.721031
1463.089119 401.817270
1575.250111 401.050192
1689.584617 400.542642
1805.746554 400.247051
1142.489466 506.513117
1246.258274 506.671584
1352.807087 506.953462
1461.862726 507.404424
1573.241495 508.083361
1686.770587 508.854449
1802.058818 509.733051
1143.209624 606.589702
1246.181486 608.216242
1351.910803 609.879848
1460.073658 611.734943
1570.577881 613.711821
1683.225561 615.695337
1797.677065 617.810290
1143.761630 705.110745
1245.857680 708.054102
1350.651826 711.100205
1457.936661 714.344234
1567.481077 717.555245
1679.022470 720.741253
1792.471446 724.057698
