-32.80018464682055 -13.97170057620577 83.10506166205234
-30.05385280800589 -23.80810840028925 88.51742538865183
-25.87221323104364 -31.33564868359448 96.20405291382441
-6.69259534586167 -17.32596234995920 64.02786489543880
-8.26720685046269 -23.86811440012643 68.23810334154354
-11.39395179381332 -31.21757411955964 76.26078673091645
-20.76327967714384 -32.36848440498520 77.47929905647233
-25.22133502937352 -14.43723159927717 72.20141968228408
-36.62819563713208 -13.70334603818579 62.93941169157688
-39.78038051255062 -26.46962616803843 71.00486932643321
-41.93856443084780 -30.90192732572068 76.51730493883787
-46.38800313167383 -30.55052801904140 63.44135564092203
-41.21495065729277 -20.30257201375052 57.12288901071090
-47.78236146627251 -19.18368533999880 69.16938428199104
-44.21738518734276 -25.46581529434154 74.14938875827171
-3.36988724649273 -13.55292970850630 85.20467312775179
0.64760236336522 -25.95685449642766 92.88976153512553
3.49649391744932 -30.34197243911365 98.31872428706149
8.42922560507036 -24.57962979578399 96.57802165152742
5.90890757130428 -15.52125168210812 81.77808185596415
0.79192396601479 -21.50634054964915 77.36637431528116
4.77174524592546 -31.72000959766682 78.60501831584385
