-1.90387643933156 -1.77740564092542 0.11034130996644 
-1.96935192764038 -1.97650308698557 0.43122694951857 
-1.99949226922616 -2.15749623774048 0.78047967917451 
2.03743065672325 2.12934395071822 0.64945357913694 
2.00545034138183 2.01168190025795 0.41346494064207 
1.93056050300483 1.81796106824682 0.08876808610133 
2.08466877874381 2.07578682617884 -0.12220709839413 
-2.05812457472510 -2.03589895803173 -0.09679224078627 
2.04606991884027 2.18322174243237 0.77205864061165 
1.98293716937812 1.94916517277371 0.30134366390942 
1.92985514829344 1.81786234385555 0.08908580918832 
2.16076013357588 2.18767071083565 0.32812830090762 
2.04652441039187 2.18281503060270 0.77224955691599 
2.13304599548147 2.13252701279298 -0.01312556275370 
1.93021528622896 1.81817273153252 0.08941801965921 
-1.90419348355051 -1.77792218571172 0.11020019697354 
-1.98353086649027 -2.03971871344864 0.54487040372710 
-1.99893111177465 -2.15781500966175 0.77995393583448 
-1.99871510781176 -2.15805291079490 0.78054989208881 
-2.09001151107335 -2.09814437281028 0.22870194763195 
-1.90481491097533 -1.77765083475241 0.11038077924821 
-2.10438268548079 -2.09522268629312 0.01035203825148
