505.030507 401.780945
584.638427 397.719383
669.480746 393.579036
760.294738 389.094990
857.405068 384.338751
961.822799 379.155046
1074.186068 373.562126
527.182892 496.825502
605.837694 495.968896
689.476524 495.084193
778.837079 494.136947
874.323946 492.957619
976.828003 491.844054
1086.923518 490.673981
548.538757 588.152650
626.134427 590.039551
708.665449 592.122035
796.584450 594.288420
890.553875 596.692407
991.123408 599.125681
1099.023882 601.869551
568.980155 675.682887
645.627677 680.205386
726.979020 685.073898
813.601566 690.308173
906.024887 695.717916
1004.795711 701.547498
1110.513307 707.802257
588.688839 759.860853
664.388797 766.816834
744.682838 774.192647
829.982358 781.989192
920.853667 790.340364
1017.858394 799.218320
1121.512208 808.742163
607.598113 840.910652
682.343418 850.074468
761.540521 859.769397
845.543294 869.982778
935.000803 880.933009
1030.314242 892.620787
1131.995531 905.097623
625.840984 918.862570
699.654776 929.988963
777.699036 941.793070
860.582851 954.332998
948.579379 967.668718
1042.212492 981.850591
1142.040863 997.050990
555.544481 256.812898
633.070112 248.620224
715.490330 240.058431
803.375855 230.928376
897.136144 221.136848
997.661393 210.679759
1105.357392 199.433373
555.749040 351.951008
633.237851 346.819561
715.570671 341.320823
803.355841 335.545859
897.082381 329.248875
997.465517 322.596799
1105.054724 315.489951
555.981455 447.168347
633.398051 444.874087
715.683925 442.526214
803.383459 439.958031
897.058835 437.264821
997.282041 434.301666
1104.776222 431.258473
556.198661 542.067771
633.565704 542.668238
715.755532 543.456998
803.409470 544.261760
896.991760 545.008339
997.102747 545.908656
1104.449265 546.796522
556.475095 636.865544
633.757551 640.384625
715.906805 644.223825
803.502735 648.233383
896.907051 652.596567
996.955026 657.164188
1104.140847 662.178608
556.679046 731.518071
633.838437 737.940537
716.066486 744.835610
803.436557 752.167213
896.829090 760.018030
996.789095 768.329896
1103.815902 777.303624
556.931607 826.011337
634.091171 835.278656
716.148921 845.215903
803.565056 855.841356
896.789527 867.122835
996.655011 879.194558
1103.554136 892.214707
631.999014 159.822909
706.490081 149.562839
785.331954 138.805991
869.028785 127.444121
957.933310 115.234782
1052.800590 102.274466
1153.828315 88.505171
614.130582 239.347639
689.443385 231.335558
769.227015 222.814872
854.005907 213.791347
944.355529 204.099607
1040.630443 193.908434
1143.412491 182.985272
595.572973 321.930945
671.784632 316.132143
752.570668 310.072228
838.519673 303.592809
930.131754 296.727743
1027.913943 289.322949
1132.567569 281.552200
576.412632 407.407535
653.443193 404.079841
735.255529 400.706381
822.335685 397.050122
915.305326 393.108317
1014.728753 388.985489
1121.194385 384.460484
556.589018 496.186679
634.454540 495.546693
717.178200 495.044127
805.604510 494.306556
899.854515 493.635112
1000.942742 492.848351
1109.225683 492.170330
535.914601 588.316564
614.531921 590.577362
698.514300 593.131714
787.974476 595.701058
883.745996 598.622119
986.445718 601.590767
1096.737103 604.837707
514.442780 683.976678
594.075995 689.373662
679.053146 695.166293
769.809387 701.454758
866.897072 708.099835
971.391788 715.213653
1083.653122 722.905172
916.571430 307.125393
1026.967866 314.681766
1130.190063 321.731141
1227.053890 328.456450
1318.059054 334.796263
1403.824532 340.604787
1484.633733 346.245733
907.019034 427.180988
1015.898493 430.682752
1117.804954 434.075953
1213.499870 437.191317
1303.465934 440.171882
1388.334162 442.950443
1468.361582 445.575497
897.923307 543.099122
1005.146409 542.909433
1105.773812 542.674973
1200.292799 542.545707
1289.311707 542.426116
1373.317055 542.138764
1452.623217 542.083638
888.984476 655.126672
994.831136 651.350024
1094.061598 647.841161
1187.512414 644.587537
1275.543282 641.521249
1358.659683 638.537640
1437.298682 635.848222
880.440302 763.301082
984.776589 756.282993
1082.775163 749.702783
1175.013417 743.591135
1262.226450 737.694220
1344.451045 732.229840
1422.360299 726.941824
872.204427 868.055339
975.095561 857.994123
1071.796147 848.534395
1163.078061 839.617422
1249.257641 831.108195
1330.755264 823.150232
1407.951816 815.634246
864.194005 969.364240
965.549247 956.419502
1061.203589 944.181014
1151.405419 932.776212
1236.691529 921.841480
1317.344206 911.512881
1393.855975 901.848788
896.551466 193.726000
1003.003515 204.728948
1102.821422 214.975501
1196.726834 224.769576
1285.189424 233.991810
1368.727513 242.566175
1447.615440 250.733008
895.993208 309.703106
1002.411574 316.999375
1102.207727 323.885736
1196.067945 330.364948
1284.477950 336.490068
1367.931350 342.235399
1446.767994 347.687466
895.522547 425.509954
1001.778025 429.159008
1101.540933 432.563603
1195.353260 435.866929
1283.736782 438.946344
1367.139417 441.705574
1445.991070 444.512265
894.980316 541.163656
1001.248096 541.114026
1100.901743 541.124836
1194.669642 541.148144
1282.992623 541.206058
1366.339724 541.178128
1445.197690 541.266124
894.450761 656.590998
1000.598132 652.894562
1100.185265 649.519775
1193.859107 646.364548
1282.251732 643.302924
1365.547641 640.525704
1444.296887 637.788687
893.996840 771.901436
1000.035806 764.635341
1099.529316 757.886945
1193.207720 751.507575
1281.444283 745.376991
1364.821084 739.660583
1443.573592 734.330837
893.487478 886.992005
999.350563 876.139817
1098.929678 865.868759
1192.521083 856.394173
1280.763619 847.263804
1363.998711 838.721403
1442.750926 830.753492
857.700652 86.814894
956.816952 100.062841
1050.236711 112.443755
1138.611906 124.333156
1222.195045 135.556678
1301.522934 146.139957
1376.792261 156.220044
868.194235 180.562482
969.115171 191.274296
1064.234176 201.391803
1153.976979 210.937977
1238.818464 220.028512
1319.088930 228.602485
1395.220844 236.646370
879.148133 278.588481
981.931419 286.558763
1078.694353 294.067396
1169.929095 301.226356
1255.980555 307.984137
1337.340364 314.216343
1414.503533 320.294130
890.641254 381.189448
995.440083 386.102425
1093.857840 390.780840
1186.467536 395.169390
1273.786910 399.400143
1356.310705 403.339781
1434.429928 407.107054
902.679010 488.574985
1009.413057 490.168277
1109.505361 491.806145
1203.642882 493.365127
1292.411235 494.682336
1376.060805 496.074813
1455.113410 497.316017
915.394536 601.174324
1024.097685 599.216461
1126.081501 597.477710
1221.732329 595.795344
1311.779820 594.172344
1396.684974 592.643235
1476.774818 591.269082
928.586464 719.331760
1039.392720 713.475124
1143.346458 707.867515
1240.636588 702.822985
1332.043411 697.904310
1418.050218 693.316677
1499.160677 689.070490
686.274729 68.601478
794.676823 71.939900
901.669787 75.166364
1007.409817 78.453008
1111.817791 81.658584
1215.033581 84.851474
1316.953258 88.052358
683.500837 167.270808
793.594863 170.057484
902.255158 172.742771
1009.666260 175.474607
1115.667282 178.129896
1220.384949 180.804622
1323.721189 183.435072
680.636403 269.228267
792.453781 271.349591
902.834725 273.460711
1011.948435 275.564449
1119.598837 277.645256
1225.829918 279.654500
1330.753115 281.759633
677.675134 374.421614
791.351428 375.835157
903.499299 377.317707
1014.255218 378.757294
1123.575132 380.213103
1231.440733 381.672051
1337.950248 383.092315
674.675312 483.100471
790.189625 483.783403
904.068121 484.610847
1016.635372 485.353508
1127.719608 486.086156
1237.250204 486.872505
1345.305227 487.639483
671.590565 595.361305
788.879468 595.371549
904.818717 595.431750
1019.130015 595.445978
1131.955003 595.487800
1243.298848 595.512690
1353.069193 595.589948
668.345482 711.463955
787.620746 710.621465
905.499904 709.835658
1021.761561 709.144457
1136.379812 708.409436
1249.395991 707.686530
1360.934293 707.017786
588.116025 378.145980
698.265918 376.752519
810.677858 375.411291
925.764287 373.976646
1043.345455 372.547976
1163.555869 371.070212
1286.346947 369.507757
597.140572 488.717823
705.478333 488.548654
816.026954 488.445601
929.022691 488.270256
1044.436064 487.980422
1162.448893 487.794905
1282.903193 487.607460
605.982342 595.569813
712.497532 596.455991
821.151661 597.365418
932.163039 598.324982
1045.598865 599.253234
1161.432820 600.196884
1279.674337 601.253598
614.472360 698.642165
719.300187 700.536228
826.071460 702.536761
935.207843 704.586449
1046.653417 706.569527
1160.383375 708.632765
1276.484978 710.773436
622.749598 798.293700
725.856978 801.146121
830.938674 804.098547
938.168758 807.065578
1047.680522 810.128693
1159.413545 813.280303
1273.380264 816.462408
630.720725 894.775864
732.175316 898.515225
835.545327 902.315501
941.010433 906.211682
1048.651065 910.221180
1158.512612 914.324470
1270.484493 918.519479
638.477247 988.056181
738.294367 992.591435
840.049729 997.176692
943.848753 1002.025234
1049.605890 1006.897212
1157.553179 1011.842576
1267.650512 1017.009226
295.751261 375.472029
427.680815 380.816948
550.980862 385.720562
666.583393 390.458478
775.192232 394.919849
877.413906 398.955690
973.856726 402.845595
297.723415 492.259688
426.392513 493.639740
546.783174 495.014925
659.821612 496.226985
766.158924 497.406582
866.445775 498.412628
961.078516 499.463558
299.822873 603.206905
425.145102 601.077736
542.765433 599.005755
653.398112 597.139997
757.587907 595.367579
855.939545 593.576226
948.887411 591.984504
301.641251 708.803765
424.084691 703.395922
538.917061 698.297089
647.198813 693.589718
749.338344 689.119747
845.810257 684.787271
937.155002 680.822792
303.504838 809.239797
422.926757 801.030075
535.339963 793.165760
641.242283 785.854915
741.498862 778.854972
836.116767 772.347423
925.848386 766.053305
305.234882 905.267764
421.976017 894.359051
531.831422 884.010965
635.716092 874.285487
733.900645 864.980749
826.908993 856.244703
915.124146 847.995964
306.928124 996.852761
420.860664 983.519210
528.555479 970.813135
630.295643 958.932679
726.673268 947.609048
817.939664 936.861659
904.721783 926.753342
305.907683 154.859392
427.419227 166.881178
541.545601 178.040824
649.102150 188.735378
750.619028 198.812252
846.602672 208.252854
937.465584 217.228628
305.125391 264.678240
427.566396 273.347138
542.519286 281.499940
650.753375 289.180514
752.878257 296.462437
849.369720 303.293834
940.685515 309.768084
304.416871 376.114670
427.642065 381.393588
543.405654 386.328574
652.408090 391.068736
755.132968 395.454365
852.161957 399.523247
944.001631 403.460309
303.587292 489.346407
427.837744 491.025567
544.362772 492.639673
654.038995 494.203112
757.400076 495.710573
854.975767 497.011261
947.318342 498.354830
302.849624 604.131710
427.951332 602.215937
545.259493 600.474958
655.636603 598.869529
759.694947 597.255383
857.816511 595.839865
950.613642 594.400222
302.138890 720.770904
428.100720 715.169496
546.264158 709.898079
657.433691 704.978284
762.039751 700.255774
860.773740 695.871960
954.076375 691.710827
301.413716 839.142293
428.236465 829.755439
547.344974 820.743528
659.142046 812.496082
764.492419 804.587644
863.661084 797.181307
957.474043 790.233345
312.430386 93.897689
427.064860 106.996937
535.087442 119.196253
637.262319 130.938144
733.959116 142.007201
825.698593 152.435175
912.745368 162.370971
310.913550 187.479788
427.984454 198.009578
538.299279 207.955054
642.393287 217.355303
740.861681 226.278581
834.098733 234.707307
922.501008 242.685559
309.293826 285.230448
428.910049 293.080618
541.499158 300.439296
647.777605 307.427568
748.004882 314.023585
842.834119 320.151027
932.732695 326.086648
307.524996 387.594306
429.998314 392.387488
544.970365 396.901606
653.265855 401.169466
755.403805 405.285359
851.918868 409.086802
943.349238 412.725221
305.761070 494.748941
430.998022 496.255693
548.425184 497.736875
658.964782 499.130918
763.120331 500.385313
861.364339 501.638111
954.242205 502.765340
304.010479 607.080610
432.071202 605.000761
552.260857 603.134725
665.052997 601.355192
771.181793 599.582435
871.309471 597.996147
965.768411 596.474674
302.064112 724.950400
433.200724 718.961316
556.201484 713.216567
671.391174 708.050240
779.615997 703.072662
881.462043 698.404705
977.604725 694.026204
91.500292 24.386056
229.486444 33.958046
360.885767 41.761346
489.463415 50.480043
613.408762 58.327604
733.618325 65.987301
849.869332 73.271964
97.812189 153.273747
233.218735 159.768670
364.151466 166.150457
490.931341 172.273103
613.759409 178.190548
732.806841 183.932349
848.144010 189.563755
103.746750 279.206372
237.528787 283.625260
367.115517 287.910274
492.713486 292.083107
614.353596 296.117284
732.247717 299.934020
846.531385 303.730361
109.280463 402.668608
241.894149 405.014886
370.086127 407.314462
494.384745 409.553745
614.866106 411.746505
731.617511 413.785187
844.921433 415.862438
114.921654 523.563529
246.044333 524.034818
373.035856 524.465491
496.021749 524.873469
615.401987 525.200751
731.041517 525.630064
843.266651 525.943058
120.486134 642.230726
250.192042 640.788199
375.904727 639.410308
497.727638 638.050232
615.920414 636.629851
730.558591 635.325358
841.754274 634.081575
125.959319 758.497322
254.274897 755.215165
378.768927 751.987669
499.381154 749.009572
616.452206 745.937063
729.996096 743.013818
840.192777 740.295632
136.091616 207.924043
284.142561 216.857287
424.233198 225.297840
557.255057 233.369923
683.468585 241.088212
803.422833 248.252242
917.652984 255.124382
150.968597 337.086397
293.389168 342.341728
428.373406 347.426876
556.562562 352.085212
678.500919 356.563894
794.670863 360.762280
905.361324 364.818270
165.113483 457.059881
301.976714 459.101154
432.118425 460.971829
555.941416 462.781415
673.931427 464.512216
786.493398 466.061516
893.889190 467.563754
178.086967 568.668624
310.090207 567.846586
435.546256 567.040739
555.360634 566.324359
669.642995 565.613202
778.746227 564.800065
883.112171 564.203112
190.255052 672.577378
317.581321 669.423766
438.972691 666.222595
554.714755 663.291843
665.631825 660.409078
771.443749 657.732375
872.901284 655.091744
201.716201 769.924787
324.688204 764.560334
441.987688 759.385152
554.291765 754.458432
661.758025 749.642044
764.731297 745.157669
863.393176 740.865306
212.493727 861.048149
331.222747 853.778002
444.955472 846.785705
553.803017 840.202882
658.206056 833.773260
758.231441 827.611735
854.329771 821.808425
116.782015 278.268322
241.251263 280.513397
363.767030 282.678971
484.727564 284.979216
604.015498 287.135540
721.743395 289.260764
837.771876 291.393817
110.307660 394.916114
235.873873 396.327746
359.488231 397.779944
481.442230 399.261019
601.784861 400.637956
720.410991 402.016609
837.307717 403.380564
103.850637 513.543820
230.367576 514.152643
355.090261 514.803530
478.188955 515.437756
599.455873 515.998717
718.991048 516.500040
836.868096 517.127511
97.167449 634.196878
225.001552 633.907498
350.773431 633.650698
474.791962 633.430723
597.047526 633.161387
717.571028 632.891185
836.431336 632.713350
90.437719 756.801757
219.342972 755.627333
346.209753 754.566055
471.306153 753.431251
594.603252 752.255854
716.146284 751.199512
835.862681 750.173473
83.718019 881.641140
213.666583 879.476725
341.669625 877.507152
467.798404 875.495207
592.182058 873.433649
714.754933 871.462477
835.481904 869.528451
76.620743 1008.530344
207.863047 1005.362965
337.116664 1002.358297
464.336532 999.571432
589.683104 996.592527
713.286397 993.693073
835.015481 990.870146
242.223706 168.912757
363.708808 177.570692
479.662227 185.690443
590.577833 193.674908
696.767186 201.214951
798.634115 208.436555
896.294201 215.348177
232.584883 262.415277
358.000672 269.065088
477.691511 275.452281
591.960008 281.566385
701.282466 287.456916
805.862027 293.012309
906.024371 298.321239
222.206903 362.028536
351.915438 366.543911
475.462823 370.827542
593.459986 374.952868
705.960882 378.869922
813.500260 382.522629
916.440020 386.155411
211.098048 468.603952
345.568802 470.535998
473.301472 472.412242
594.918854 474.154162
710.884578 475.953065
821.588929 477.547241
927.435619 479.160145
199.275326 582.696083
338.554253 581.671824
470.689213 580.880673
596.489820 580.057942
716.181931 579.218711
830.193997 578.516725
938.978412 577.832053
186.660483 705.104482
331.070414 700.798828
468.243494 696.876969
598.219006 693.063960
721.856246 689.404033
839.400051 686.023279
951.448325 682.758826
172.924352 836.834192
323.135544 828.811313
465.500231 821.108855
600.103245 813.931766
727.856105 807.038725
849.136864 800.585969
964.551668 794.461407
997.042127 412.051521
1090.013337 408.412692
1188.901126 404.765384
1294.608382 400.709646
1407.448118 396.509328
1528.382999 391.861189
1658.270015 386.867939
1008.731186 504.526596
1100.179194 503.935067
1197.248806 503.332412
1300.833656 502.629735
1411.267212 501.840966
1529.499729 501.050688
1656.252034 500.242126
1019.996862 593.574340
1109.891575 595.553997
1205.309557 597.711898
1306.764907 600.016108
1415.045212 602.550013
1530.608244 605.113184
1654.429286 608.014270
1030.817563 678.940079
1119.226010 683.407286
1212.946944 688.261141
1312.572477 693.389656
1418.631793 698.740011
1531.674234 704.598188
1652.553595 710.775411
1041.297244 761.131980
1128.281587 767.931438
1220.385573 775.159493
1318.128005 782.742486
1422.046210 790.917655
1532.722043 799.615507
1650.821036 808.919819
1051.302064 840.304027
1136.875217 849.227710
1227.421291 858.643731
1323.363344 868.603581
1425.269416 879.260900
1533.631958 890.590065
1649.097803 902.668274
1060.993464 916.553098
1145.191955 927.312441
1234.174416 938.788288
1328.468975 950.998898
1428.318958 963.931356
1534.462651 977.590430
1647.491390 992.254468
1039.343047 235.814806
1127.781600 227.434573
1221.502685 218.665508
1321.195932 209.356909
1427.150211 199.429787
1540.256970 188.873736
1661.121194 177.547330
1035.575445 325.230502
1124.401052 319.560464
1218.554792 313.481318
1318.716920 307.106212
1425.315680 300.219934
1539.072436 292.975911
1660.663501 285.263456
1031.764163 415.853783
1120.974963 412.729003
1215.617829 409.509505
1316.257186 406.053148
1423.497230 402.461459
1537.850190 398.476341
1660.303507 394.431910
1027.900297 507.323627
1117.525371 506.921349
1212.620305 506.644187
1313.765074 506.322180
1421.575312 505.888648
1536.654463 505.526734
1659.881053 505.052738
1024.074207 599.888577
1114.095821 602.283101
1209.582827 604.954343
1311.298487 607.673227
1419.643982 610.668965
1535.464708 613.795357
1659.457449 617.263583
1020.120832 693.523402
1110.459962 698.820491
1206.529877 704.480469
1308.637834 710.385787
1417.683240 716.848730
1534.223937 723.708983
1659.011973 731.095649
1016.156186 788.198585
1106.920433 796.300946
1203.431241 805.039538
1306.180742 814.390841
1415.741189 824.312616
1533.007543 834.978803
1658.588131 846.469544
1069.199030 182.793692
1154.284345 173.448356
1244.193678 163.671046
1339.543150 153.347973
1440.547151 142.359491
1548.072086 130.687536
1662.518020 118.253164
1059.301912 260.944683
1145.569522 253.786056
1236.884172 246.117972
1333.762374 238.097499
1436.668589 229.455156
1546.131151 220.384786
1662.811146 210.745718
1049.003812 341.990050
1136.555335 336.964900
1229.320592 331.725541
1327.812439 326.107914
1432.566548 320.200883
1544.079126 313.773097
1663.273142 307.140608
1038.374563 425.861184
1127.236152 423.172292
1221.488559 420.505718
1321.612371 417.577963
1428.249414 414.450855
1541.998533 411.235869
1663.645693 407.645320
1027.401063 512.851011
1117.600041 512.750888
1213.237851 512.797178
1315.231645 512.690424
1423.792106 512.708451
1539.898454 512.656468
1664.092729 512.733767
1015.969704 603.016821
1107.402137 605.733221
1204.821428 608.715419
1308.402799 611.745465
1419.121991 615.161913
1537.561651 618.680796
1664.474494 622.532791
1004.105591 696.585509
1097.047605 702.263873
1195.960006 708.368018
1301.520037 714.908812
1414.239819 721.858818
1535.199770 729.338648
1664.960923 737.389859
1148.446220 257.666894
1239.305858 252.102804
1334.120074 246.338255
1433.399522 240.379476
1537.145625 234.106403
1646.153122 227.525126
1760.438630 220.610570
1140.763474 334.052934
1233.700033 330.131798
1330.861254 325.984241
1432.698319 321.738348
1539.342504 317.207465
1651.294783 312.543087
1768.924926 307.614374
1132.620743 414.409967
1227.837278 412.163783
1327.475855 409.917728
1431.999150 407.534459
1541.580945 405.083844
1656.755235 402.383780
1778.069174 399.746736
1124.164411 498.905069
1221.681574 498.570482
1323.906914 498.400903
1431.203761 498.110929
1543.876291 497.874197
1662.559455 497.684404
1787.613846 497.353698
1115.237689 587.918836
1215.222612 589.714965
1319.991780 591.855431
1430.426845 593.918667
1546.350149 596.217031
1668.850533 598.559677
1797.813681 601.135961
1105.821593 681.786265
1208.206736 686.080624
1316.041894 690.696851
1429.415631 695.415241
1548.954188 700.589557
1675.343053 705.939154
1808.741160 711.577814
1095.799045 780.938368
1200.953255 787.896740
1311.708887 795.275933
1428.627699 803.123289
1551.728484 811.430110
1682.212247 820.149666
1820.312450 829.429979
1151.714870 377.962519
1257.080113 375.597028
1366.072392 373.278344
1479.101421 370.864240
1596.149387 368.401900
1717.704977 365.770974
1843.850080 363.101820
1151.285604 479.550326
1256.488225 479.071026
1365.472818 478.520775
1478.349551 478.023634
1595.214100 477.452946
1716.637850 476.900999
1842.711675 476.443467
1150.819312 581.098819
1255.892760 582.340684
1364.820791 583.636376
1477.518845 584.960065
1594.342370 586.438687
1715.599496 587.778113
1841.651556 589.410660
1150.400055 682.345945
1255.423526 685.303124
1364.123624 688.468476
1476.733701 691.708026
1593.447035 695.042746
1714.511173 698.514396
1840.147814 702.086963
1150.031812 783.426350
1254.896627 788.133595
1363.452710 793.078090
1475.953151 798.174658
1592.513059 803.541344
1713.519849 809.011063
1838.941894 814.771717
1149.601697 884.331293
1254.339897 890.825802
1362.837518 897.553078
1475.109383 904.558405
1591.504186 911.850519
1712.389143 919.337732
1837.688525 927.131226
1149.192326 984.963643
1253.768582 993.178458
1362.116735 1001.724049
1474.377018 1010.659571
1590.510810 1019.607471
1711.222729 1029.186532
1836.745498 1039.504319
1079.456869 257.486249
1185.918995 250.285934
1298.019140 242.895685
1416.541107 234.986055
1541.553959 226.712996
1673.832665 217.862873
1814.149897 208.493482
1089.447547 358.471169
1193.028790 354.228735
1301.837790 349.714963
1416.620408 344.927870
1537.505179 339.828796
1665.307090 334.521697
1800.495723 328.923247
1099.005243 453.932458
1199.740256 452.058043
1305.540117 450.087947
1416.732167 447.996518
1533.869376 445.921462
1657.377179 443.583784
1787.866161 441.219752
1107.946787 543.916774
1206.050366 544.235524
1308.867993 544.663779
1416.931560 545.112435
1530.495269 545.454582
1649.951813 545.883628
1775.948100 546.314702
1116.528644 629.039605
1212.082339 631.376649
1312.167248 633.813320
1417.085364 636.328635
1527.307169 639.048916
1643.056000 641.865797
1764.881144 644.810903
1124.538903 709.778126
1217.736116 713.910735
1315.147648 718.133374
1417.180253 722.568968
1524.140800 727.313319
1636.498774 732.204077
1754.436175 737.381762
1132.219887 786.360349
1223.051458 791.951145
1317.973810 797.823406
1417.336965 804.055382
1521.259659 810.570578
1630.277448 817.316384
1744.684286 824.495160
1140.875426 88.110037
1249.519779 80.380135
1362.090754 72.491946
1479.115644 64.313419
1600.088400 55.769911
1726.166081 46.954762
1857.232446 37.083182
1141.575182 195.309992
1249.293477 189.679082
1360.896094 183.744811
1476.702431 177.678066
1596.686411 171.332967
1721.400403 164.794350
1850.722784 157.996660
1142.232333 300.898389
1249.050985 297.061517
1359.768589 293.150290
1474.433867 289.042950
1593.273994 284.947155
1716.721303 280.482915
1845.091173 276.058290
1142.905258 404.542048
1248.817681 402.559027
1358.499946 400.605090
1472.147756 398.565947
1589.895558 396.387809
1712.161404 394.168618
1838.996975 391.837710
1143.672692 506.470253
1248.668430 506.314780
1357.370644 506.158404
1469.946705 505.986512
1586.629113 505.908951
1707.731966 505.710137
1833.322939 505.541290
1144.302431 606.770493
1248.378633 608.363293
1356.185381 609.942095
1467.711013 611.658587
1583.285257 613.505726
1703.284206 615.293928
1827.716381 617.222412
1144.970072 705.341428
1248.161065 708.514242
1354.983290 711.861621
1465.631257 715.424705
1580.110376 719.089279
1698.863958 722.760877
1822.131697 726.756592
