527.341862 397.443480
617.689526 394.198965
712.791060 390.760762
812.949123 387.263507
918.839108 383.520214
1030.734151 379.455846
1149.215876 375.273929
547.146891 496.274521
635.932075 495.514634
729.255334 494.873607
827.424439 494.187643
931.043481 493.333845
1040.432493 492.568446
1155.975225 491.738352
566.115926 590.722446
653.371463 592.431328
744.940802 594.216473
841.252360 595.989272
942.693033 597.876351
1049.670098 599.801673
1162.613042 602.133931
584.309893 681.231689
670.006633 685.030365
759.858932 688.987344
854.361548 693.182806
953.773678 697.555371
1058.381269 702.166803
1168.850034 707.041867
601.709189 767.871959
685.957188 773.573960
774.279215 779.619047
866.979863 785.948821
964.430493 792.587392
1066.783988 799.524453
1174.544195 806.871038
618.391353 851.045799
701.237134 858.494752
788.027006 866.421178
879.014975 874.638627
974.486535 883.284645
1074.687176 892.369364
1180.248050 901.987633
634.393989 930.795365
715.877817 939.878764
801.164402 949.347421
890.564180 959.479648
984.028273 969.929105
1082.317500 981.022936
1185.542457 992.688515
640.696135 147.205993
722.940995 138.913900
809.038245 130.229885
899.184477 121.154141
993.772050 111.619410
1093.156872 101.510085
1197.532694 90.896037
624.847145 228.626437
708.416386 221.974230
795.732216 215.181626
887.377212 207.894884
983.823362 200.260621
1085.102957 192.339258
1191.537773 184.094607
608.478673 313.276082
693.215792 308.523542
782.091809 303.622701
875.396184 298.404152
973.450500 292.903129
1076.670757 287.117207
1185.330020 281.180147
591.426699 401.265909
677.498633 398.532708
767.839708 395.753575
862.759209 392.826998
962.586259 389.587741
1067.767538 386.341547
1178.838534 382.903917
573.720740 492.893063
661.139431 492.374197
752.945119 491.905450
849.519672 491.371339
951.354055 490.845711
1058.687058 490.096115
1171.873576 489.540923
555.297616 588.370304
644.035588 590.186208
737.404695 592.267146
835.771040 594.332434
939.428662 596.564296
1048.914702 598.857421
1164.736628 601.296095
536.064870 687.841007
626.218405 692.231373
721.299914 696.910652
821.414478 702.017575
927.050922 707.214264
1038.925010 712.725321
1157.114660 718.629114
846.670140 373.785830
964.083245 377.720896
1075.861694 381.556556
1182.083263 385.344342
1283.580413 388.985344
1380.440926 392.242951
1472.958043 395.491199
838.453840 490.146926
952.996250 491.230619
1062.227067 492.310137
1166.263817 493.378468
1265.545943 494.423848
1360.563650 495.402055
1451.224304 496.351208
830.638539 600.540670
942.476100 599.037509
1049.188023 597.619408
1151.028085 596.251590
1248.401060 594.971343
1341.524913 593.603976
1430.685785 592.552179
823.193780 705.394566
932.490137 701.491265
1036.821865 697.815854
1136.590663 694.338686
1232.029698 690.880342
1323.336199 687.697517
1410.932916 684.558325
816.300542 805.004760
923.007648 798.992761
1025.056819 793.311445
1122.653206 787.820935
1216.359755 782.532808
1305.905406 777.545518
1391.928974 772.586448
809.560264 900.002766
913.910917 891.958243
1013.797674 884.406538
1109.496370 877.152234
1201.285859 870.165675
1289.327935 863.407646
1373.925305 856.946617
803.163688 990.508907
905.237164 980.709163
1003.013929 971.282063
1096.858200 962.515553
1186.894167 953.935221
1273.409673 945.758224
1356.526892 937.837631
810.699387 92.784149
913.112147 102.485402
1011.290495 111.913101
1105.258352 120.808782
1195.596847 129.454626
1282.442244 137.725994
1365.796523 145.519392
816.523260 184.972852
921.117401 192.879991
1021.229794 200.457774
1117.138669 207.779988
1209.079036 214.750917
1297.321484 221.544516
1381.965642 227.996584
822.711425 281.525223
929.450205 287.459674
1031.688602 293.116179
1129.398034 298.532687
1222.995168 303.789584
1312.689023 308.781046
1398.861649 313.567337
829.193405 382.508303
938.306744 386.270873
1042.563344 389.873721
1142.286331 393.345557
1237.548626 396.593038
1328.757210 399.836897
1416.470881 402.861351
836.046735 488.521189
947.493192 489.837395
1053.997029 491.202311
1155.558836 492.462127
1252.823182 493.681304
1345.719574 494.857460
1434.670245 495.865557
843.146028 599.806232
957.150028 598.448519
1065.866446 597.358790
1169.627256 596.160804
1268.663054 595.128431
1363.271422 593.981442
1453.830567 593.023375
850.692530 716.804354
967.285127 712.496434
1078.349844 708.462068
1184.309271 704.799272
1285.239874 701.176123
1381.650637 697.643497
1473.806821 694.411010
634.932109 63.221041
731.354512 59.219361
829.653432 55.109067
929.785514 51.105554
1031.949219 46.854903
1136.039468 42.621982
1242.070178 38.032643
623.651262 148.484720
722.239069 145.220471
822.551882 141.982364
924.870399 138.560424
1029.252162 135.139052
1135.699303 131.599721
1244.231354 128.153903
612.025792 237.739545
712.542509 235.260544
815.150707 232.788076
919.711510 230.165504
1026.535118 227.523590
1135.430678 224.863535
1246.565062 222.189206
599.817886 330.972420
702.568890 329.276289
807.400528 327.691311
914.340831 326.062534
1023.578599 324.321886
1134.939033 322.621594
1248.874864 320.953252
587.058464 428.475890
692.084930 427.806415
799.291185 427.266446
908.733848 426.580409
1020.592584 425.924909
1134.692703 425.225362
1251.139552 424.540140
573.670023 530.866002
681.069305 531.192929
790.767918 531.710691
902.819608 532.127441
1017.280863 532.609103
1134.218744 533.005312
1253.715701 533.588902
559.695498 638.130224
669.449454 639.589991
781.712107 641.183886
896.551786 642.969277
1013.838233 644.579582
1133.854426 646.311857
1256.376944 648.166962
635.025919 373.129703
751.895071 373.024443
869.236210 372.874921
987.022028 372.913262
1105.425685 372.899830
1224.148082 372.752389
1343.310459 372.731654
640.985849 487.283167
755.774704 487.367002
870.990995 487.526069
986.569751 487.722257
1102.693506 487.885234
1219.367872 488.083602
1336.167502 488.216254
646.817436 597.339346
759.490110 597.692423
872.608795 598.072302
986.207019 598.352035
1100.226092 598.681121
1214.652948 598.974955
1329.532891 599.487609
652.468481 703.512679
763.036386 704.077793
874.167797 704.581877
985.806018 705.238284
1097.820596 705.674031
1210.155730 706.243747
1323.001438 706.771339
657.856719 805.995583
766.576925 806.658421
875.772371 807.386061
985.358282 808.171205
1095.472660 808.881348
1205.865526 809.681079
1316.509495 810.245101
663.105895 905.011034
769.974893 905.828339
877.291840 906.718037
985.027656 907.637664
1093.116713 908.544277
1201.609839 909.375127
1310.480275 910.313605
668.156847 1000.689999
773.230047 1001.611502
878.823331 1002.607235
984.759999 1003.741223
1090.948137 1004.791813
1197.615708 1005.861756
1304.591708 1006.945242
297.642333 441.385909
430.515125 444.402309
554.700408 447.188427
670.928342 450.023957
780.291200 452.595383
882.987632 454.920039
979.984511 457.089589
300.396144 552.713866
428.740584 552.034412
549.212733 551.428168
662.078121 550.814698
768.355217 550.344795
868.576841 549.862986
963.105067 549.284987
302.844034 656.818270
427.193197 652.921304
543.857432 649.292193
653.690507 645.770625
757.160521 642.513529
854.890029 639.331693
947.263280 636.528037
305.244691 754.396958
425.656621 747.651994
538.886184 741.255813
645.808297 735.322947
746.617828 729.598932
841.944867 724.253311
932.253045 719.150085
307.520379 846.102757
424.395853 836.818584
534.318483 828.122414
638.216794 819.830703
736.671422 811.909554
829.636440 804.620721
917.954594 797.516478
309.564171 932.536018
422.933259 920.980079
529.980931 910.137573
631.203574 899.814017
727.150547 890.069041
818.054420 880.766879
904.474495 872.017541
311.475345 1013.964427
421.684894 1000.412823
525.805303 987.561554
624.548356 975.552739
718.135644 964.106717
806.972287 953.233686
891.527493 942.886886
301.970140 200.490781
426.790937 211.204983
543.891401 221.332109
653.948050 230.925500
757.811217 240.030296
855.793564 248.475072
948.504814 256.384601
301.865568 316.033245
426.585059 323.100168
543.618615 329.748945
653.678748 336.101496
757.405215 342.084469
855.419878 347.742778
947.951785 353.025911
301.753885 431.378483
426.275972 434.791261
543.311308 438.131320
653.335368 441.241095
756.976849 444.172586
854.897182 446.834058
947.503624 449.515447
301.710564 546.533281
426.117339 546.407318
542.985338 546.300167
652.995743 546.228813
756.598470 546.068360
854.389933 545.998456
946.993741 545.889530
301.571222 661.604430
425.963320 657.866053
542.708087 654.428292
652.592186 651.080366
756.222908 647.950432
853.979324 645.005380
946.425300 642.151234
301.483844 776.568957
425.764045 769.191588
542.428740 762.272591
652.263149 755.810274
755.773984 749.679627
853.482337 743.824310
945.942129 738.367004
301.454559 891.295008
425.544944 880.380757
542.230852 869.852502
651.993957 860.314124
755.414865 851.217077
853.065790 842.542880
945.408877 834.432271
315.930308 72.154565
426.733886 85.411655
531.470274 97.919696
630.587725 109.875310
724.705015 121.197046
814.037506 131.862139
898.924355 141.906008
314.006653 155.688447
427.968606 166.848957
535.440489 177.399991
637.144330 187.468971
733.316920 196.920035
824.649671 205.948469
911.284642 214.567147
312.161774 244.113151
429.253402 252.985173
539.683698 261.407085
643.927174 269.272115
742.435160 276.800271
835.801598 283.830138
924.337721 290.546953
310.053571 337.723665
430.659075 344.009226
544.124655 349.932955
651.164254 355.570035
752.089778 360.750076
847.545057 365.789102
938.092419 370.540870
307.844376 437.231611
432.133150 440.589399
548.870506 443.801887
658.683999 446.781333
762.288777 449.580160
860.029207 452.201367
952.428571 454.625047
305.451507 543.222536
433.676501 543.215206
553.833904 543.341417
666.844091 543.351608
772.989363 543.370108
873.121124 543.314249
967.660926 543.323569
303.067412 656.173749
435.297495 652.410627
559.158025 648.756833
675.389131 645.666583
784.334340 642.534375
887.001749 639.561597
983.681491 636.854048
26.735835 94.264670
160.564532 97.492794
290.830989 101.033651
419.217821 104.532891
545.811996 107.895744
670.529512 111.092919
793.425773 114.363950
43.892075 222.604352
173.511873 225.151945
301.243386 227.569719
427.046917 230.115876
551.120110 232.540625
673.376706 234.914067
793.850842 237.371993
59.037561 346.377820
185.959092 347.931236
311.148146 349.534836
434.655153 351.036708
556.265504 352.492663
676.258021 353.920260
794.550028 355.455819
73.547197 465.359929
197.983579 466.074308
320.731723 466.750598
441.821735 467.495130
561.248623 468.113992
678.914920 468.746538
795.141203 469.390037
87.486956 580.041761
209.525709 579.868993
330.006287 579.800811
448.758326 579.786829
566.030388 579.545462
681.599562 579.450193
795.520701 579.304305
101.013068 690.522416
220.726753 689.639640
338.969281 688.754756
455.588980 687.991907
570.621034 687.043253
684.174916 686.173404
796.100389 685.383139
114.172985 796.925903
231.374449 795.455679
347.572357 793.648502
462.095711 792.280775
575.126916 790.720236
686.611285 789.215049
796.596538 787.795405
136.223903 208.257201
284.295873 217.211404
424.462043 225.638536
557.290181 233.708503
683.648023 241.398820
803.597659 248.570961
917.879188 255.439951
151.338009 337.566720
293.552932 342.709911
428.631617 347.699748
556.723200 352.310158
678.687557 356.878456
794.845636 361.113701
905.454040 365.078327
165.385808 457.453769
302.200644 459.454900
432.307438 461.365337
556.103624 463.072950
674.058155 464.770228
786.626726 466.314772
894.043588 467.908930
178.447615 569.005353
310.244182 568.199678
435.744316 567.439713
555.540990 566.685989
669.782681 565.852342
778.853035 565.149955
883.286749 564.470111
190.603291 673.051612
317.840760 669.742274
439.105944 666.660219
554.917384 663.655455
665.841134 660.767965
771.597090 658.076923
873.078406 655.353988
202.013512 770.316955
324.895698 764.900332
442.261599 759.750550
554.517921 754.784854
661.951916 750.038375
764.839362 745.463150
863.537058 741.130445
212.765819 861.431094
331.444963 854.139677
445.124512 847.055060
554.060396 840.498764
658.396926 834.087411
758.399323 827.941556
854.467984 822.083444
116.928014 278.208109
241.339305 280.545676
363.887869 282.693020
484.732553 284.927108
604.106172 287.109896
721.724736 289.187335
837.809340 291.245625
110.416774 394.897635
236.052044 396.279969
359.536520 397.685954
481.503579 399.157960
601.784653 400.521108
720.339119 401.939839
837.257667 403.304473
104.085632 513.495074
230.470530 514.085465
355.215789 514.797764
478.242319 515.328503
599.382176 515.921937
718.937205 516.403778
836.839287 517.015188
97.536270 634.061953
225.094735 633.845890
350.801381 633.526015
474.789478 633.397206
597.004218 633.026072
717.442722 632.793683
836.409119 632.596914
90.795636 756.776564
219.424142 755.505382
346.282793 754.508180
471.363107 753.359531
594.671654 752.157731
716.185178 751.094182
835.707762 749.991676
83.883148 881.598447
213.924796 879.326793
341.639174 877.410752
467.890738 875.354399
592.173580 873.334807
714.608557 871.294084
835.406238 869.355219
76.992297 1008.470168
207.743286 1005.527391
337.105378 1002.157731
464.348279 999.386542
589.622307 996.435433
713.127617 993.481521
834.922145 990.707281
242.476815 168.854062
363.929673 177.468857
479.878539 185.704704
590.735000 193.661915
696.948556 201.189846
798.752859 208.484601
896.420411 215.276259
232.834408 262.324442
358.237168 268.999883
477.854452 275.420798
592.125699 281.529775
701.373696 287.335063
805.978004 292.927072
906.117466 298.286539
222.517976 361.943037
352.123416 366.420487
475.698153 370.755012
593.581297 374.773709
706.019079 378.725906
813.599722 382.417027
916.528249 385.988715
211.591918 468.319936
345.771599 470.325405
473.382782 472.206966
595.058215 474.059760
710.968440 475.716984
821.579014 477.386595
927.451391 478.964352
199.667196 582.364753
338.789992 581.437065
470.967207 580.616644
596.619091 579.780575
716.316606 579.039222
830.291457 578.326014
939.024427 577.573524
186.885460 704.767555
331.478566 700.440451
468.344678 696.577007
598.363658 692.754434
721.958142 689.170386
839.374786 685.730035
951.405641 682.463932
173.322955 836.485139
323.366002 828.391316
465.573301 820.655949
600.248828 813.484852
727.908605 806.675694
849.234667 800.128249
964.556800 794.078078
993.456344 465.207638
1087.167294 463.182028
1186.918115 461.082724
1293.191581 458.950403
1406.977929 456.585063
1529.010146 453.960593
1660.106876 451.315485
1009.017210 553.604868
1100.681670 554.327806
1197.996469 555.242360
1301.564836 556.207083
1412.241738 557.177965
1530.733936 558.295214
1657.501835 559.476468
1023.773090 637.422433
1113.393036 640.797330
1208.491497 644.280109
1309.517470 647.911423
1417.259046 651.896219
1532.267239 656.009671
1655.447723 660.753649
1037.834905 717.238536
1125.510176 722.716698
1218.403926 728.566648
1317.016679 734.864090
1421.903910 741.374858
1533.736019 748.446066
1653.238253 755.932349
1051.225645 793.064422
1136.968406 800.536646
1227.871689 808.563211
1324.054768 817.017294
1426.414476 825.991675
1535.191055 835.560209
1650.989491 845.731889
1063.916371 865.313685
1147.831562 874.556753
1236.759801 884.491264
1330.775956 894.904787
1430.532386 906.026657
1536.488386 917.807828
1649.189091 930.352127
1075.967433 934.122144
1158.259030 945.008815
1245.215949 956.520248
1337.181257 968.885479
1434.441339 981.877974
1537.618216 995.665483
1647.291126 1010.296526
1024.859656 270.734305
1114.639220 263.154024
1209.907770 255.090616
1311.143067 246.713841
1419.146284 237.627896
1534.465414 227.969138
1657.858420 217.625521
1024.657976 363.624096
1114.378686 358.832135
1209.524094 353.798291
1310.705569 348.525368
1418.595272 342.784923
1533.803836 336.705359
1657.025048 330.374159
1024.525264 456.394742
1114.164337 454.443200
1209.258395 452.424820
1310.357193 450.179130
1418.124877 447.778856
1533.233006 445.188776
1656.517296 442.625839
1024.411377 549.119987
1113.903570 549.898170
1208.912155 550.784609
1309.991816 551.756216
1417.556656 552.643419
1532.431520 553.717320
1655.803934 554.869032
1024.371512 641.646207
1113.645837 645.185058
1208.685487 648.986884
1309.480498 653.073189
1417.171317 657.414044
1532.012083 662.048147
1654.745274 666.978685
1024.190584 734.163668
1113.378864 740.361736
1208.375047 747.185173
1309.118421 754.272873
1416.555418 761.910401
1531.275172 770.021039
1654.117208 778.808047
1024.093088 826.441753
1113.177995 835.368075
1207.948500 844.965020
1308.720748 855.381259
1415.955382 866.208347
1530.668928 877.930399
1653.352757 890.504207
1085.438862 166.054871
1168.608679 156.517151
1256.513393 146.441506
1349.288545 135.898775
1447.615637 124.667768
1552.083307 112.715172
1662.986295 100.091174
1073.129831 236.931208
1157.969476 229.223190
1247.550804 221.039495
1342.385169 212.370232
1443.063052 203.098033
1550.076849 193.379915
1663.741805 183.169033
1060.340024 311.214260
1146.665476 305.449115
1238.233370 299.325005
1335.172167 292.777856
1438.195676 285.819502
1547.830929 278.373504
1664.815979 270.632941
1046.810795 389.082779
1134.965634 385.349892
1228.315783 381.500794
1327.532193 377.334086
1433.001009 372.845909
1545.436439 368.170186
1665.771032 363.255873
1032.757124 470.612568
1122.612376 469.290629
1218.060768 467.907044
1319.437861 466.422685
1427.682683 464.863086
1543.142650 463.111886
1666.598948 461.365857
1017.919247 556.347744
1109.531617 557.464176
1207.103385 558.956953
1311.001709 560.350146
1421.820410 561.935224
1540.468318 563.506239
1667.708766 565.327576
1002.363036 646.423285
1095.806584 650.388524
1195.623526 654.727731
1302.021248 659.544501
1415.642306 664.486593
1537.812608 669.859644
1668.861697 675.760562
1148.311832 257.783323
1239.129908 252.210203
1333.966532 246.405363
1433.070095 240.401683
1536.762944 234.199741
1645.674393 227.570677
1759.816174 220.596538
1140.586004 334.082118
1233.535916 330.130713
1330.532545 326.031281
1432.275014 321.719874
1538.890912 317.152145
1650.849626 312.531292
1768.236237 307.594801
1132.467577 414.302295
1227.584224 412.105397
1327.232758 409.874040
1431.518831 407.448455
1541.145327 404.926577
1656.182638 402.217753
1777.293190 399.470172
1123.984924 498.789975
1221.420691 498.458107
1323.449459 498.241498
1430.752583 497.996164
1543.328980 497.676883
1661.787419 497.403351
1786.946382 497.117042
1115.024425 587.695892
1214.862632 589.540882
1319.714064 591.608905
1429.820282 593.710248
1545.937202 596.046253
1668.151533 598.321119
1796.758118 600.797463
1105.531077 681.583665
1207.898964 685.797297
1315.504542 690.419260
1428.900515 695.116203
1548.363727 700.190999
1674.504959 705.490574
1807.838463 711.114404
1095.563087 780.724576
1200.484817 787.546715
1311.135936 794.850945
1427.975071 802.722755
1550.951505 810.914964
1681.332369 819.608319
1819.276913 828.826161
1151.411561 378.026471
1256.800284 375.628175
1365.808891 373.266204
1478.610042 370.876690
1595.675409 368.444656
1717.203806 365.740314
1843.099450 363.051743
1151.012505 479.595116
1256.198115 479.052257
1365.150538 478.499174
1477.846626 477.977376
1594.755325 477.402496
1716.270184 476.872816
1841.850365 476.293875
1150.540781 581.034268
1255.609109 582.333170
1364.405134 583.596397
1477.087745 584.922537
1593.891807 586.274397
1715.023639 587.592311
1840.770312 589.213812
1150.099664 682.336517
1255.091073 685.288991
1363.643468 688.410625
1476.298872 691.613922
1592.934413 694.938932
1713.897915 698.384844
1839.535766 701.918174
1149.720137 783.377320
1254.486140 788.067047
1363.012930 793.057941
1475.393011 798.105928
1592.045779 803.480834
1712.828417 808.948379
1838.114735 814.593947
1149.192548 884.301468
1253.823924 890.645182
1362.332512 897.442325
1474.678401 904.459116
1591.014041 911.711178
1711.727933 919.108443
1836.873391 926.903392
1148.806279 984.948087
1253.255119 993.095087
1361.588246 1001.528268
1473.872871 1010.497133
1589.976395 1019.603848
1710.540951 1029.157656
1835.677923 1039.091294
1079.046311 257.875432
1185.521990 250.686752
1297.753159 243.185612
1415.888284 235.388733
1540.949763 227.083929
1673.176612 218.193757
1813.313052 208.855331
1089.130858 358.864094
1192.666571 354.505461
1301.528639 349.991343
1416.025775 345.185690
1536.983128 340.181237
1664.748022 334.943910
1799.524753 329.244942
1098.671378 454.106690
1199.373784 452.317674
1305.135588 450.385692
1416.235930 448.271661
1533.390041 446.085424
1656.801603 443.770539
1787.180924 441.479252
1107.693402 544.197786
1205.703715 544.517075
1308.481807 544.900868
1416.502012 545.351462
1529.949518 545.682437
1649.289041 546.105550
1775.360253 546.524772
1116.266922 629.331647
1211.719163 631.625111
1311.796391 634.077482
1416.539735 636.607686
1526.900824 639.312534
1642.441930 642.100592
1764.115688 645.034803
1124.301191 710.049430
1217.355851 714.049549
1314.814595 718.339889
1416.765312 722.825227
1523.677076 727.531032
1635.911809 732.356835
1753.830732 737.535268
1131.963814 786.599322
1222.692922 792.163762
1317.548310 797.941038
1416.887825 804.242871
1520.736689 810.663272
1629.722560 817.537105
1743.987005 824.602932
1140.563753 88.363958
1249.198893 80.614214
1361.868146 72.609843
1478.515901 64.461511
1599.710152 55.983321
1725.783130 47.134357
1856.294857 37.585697
1141.323809 195.568647
1249.010961 189.808148
1360.606775 183.913766
1476.278696 177.783316
1596.247202 171.480778
1721.033779 164.974561
1850.208956 158.112948
1141.998274 300.971946
1248.792227 297.152479
1359.410776 293.325001
1474.042325 289.160353
1592.862141 284.986035
1716.199203 280.543999
1844.436824 276.026168
1142.708695 404.621752
1248.544759 402.644025
1358.110489 400.670997
1471.775632 398.591106
1589.456499 396.424891
1711.555831 394.225427
1838.518799 391.869434
1143.417396 506.522862
1248.319898 506.401268
1357.011172 506.268800
1469.466853 506.054435
1586.270882 505.977880
1707.121484 505.797046
1832.587575 505.614161
1143.996197 606.909149
1248.020404 608.328522
1355.846717 609.932899
1467.323638 611.686656
1582.885178 613.488833
1702.642450 615.252212
1827.085631 617.150953
1144.783072 705.419228
1247.798125 708.538525
1354.527959 711.827194
1465.202633 715.466370
1579.595686 719.053388
1698.277656 722.785644
1821.297194 726.668936
