-32.78996371002035 -13.95565760982815 83.10729408322567
-25.86020296788864 -31.31783390431247 96.20809618207923
-6.68361085368786 -17.31407998793814 64.02981258915065
-11.38320442579804 -31.20384057074478 76.26483340833408
-20.75285114652095 -32.35440931264536 77.48237536540930
-25.21194179574988 -14.42338172502201 72.20242088581416
-36.61801029757444 -13.69021417970133 62.93417659595961
-46.37832771504901 -30.53691134833607 63.43792505263155
-37.28564393627191 -23.80464432695738 57.11265754548316
-47.77346093091383 -19.17000166929710 69.16603270854868
-40.44247602586049 -23.67409214344663 69.24882966148806
3.51044660821271 -30.32431754106442 98.32213597423772
6.29570601111935 -22.80580823372433 96.48971805083455
5.91984500887643 -15.50607432464949 81.77581460569756
-1.09538337377759 -25.14129253653240 82.35786699170437
7.19575389127128 -31.69495717573339 75.55963394183735
