-1.90409075695514 -1.77743036082405 0.11071561436594 
-1.99960274963960 -2.15747162392142 0.78096548545383 
2.03726677498018 2.12934141058444 0.64899717416216 
1.93030340294346 1.81790334344288 0.08841517250370 
2.08446124167616 2.07564075945815 -0.12259558945594 
-2.05830158647143 -2.03600883015947 -0.09639935293317 
2.04595457465305 2.18312859038256 0.77173089501737 
2.16056891015799 2.18739787610449 0.32793851014318 
2.04642914830328 2.18274942060893 0.77198776616474 
2.13283358603685 2.13218727841073 -0.01352861997007 
1.93008188950818 1.81811829247230 0.08902585291237 
-1.99903461492168 -2.15788550866538 0.78031390993285 
-1.99881354552826 -2.15813033008016 0.78089353979810 
-2.09001859756508 -2.09823140899554 0.22947241621849 
-1.90486683539494 -1.77763199643792 0.11077134727698 
-2.10442036123215 -2.09541465495723 0.01102159330549
