505.014503 401.699335
584.610135 397.639932
669.445167 393.505276
760.246259 389.030171
857.353948 384.276110
961.740706 379.111059
1074.099680 373.527431
527.163536 496.749819
605.805898 495.894113
689.434787 495.017741
778.788445 494.077763
874.271949 492.901753
976.737465 491.805789
1086.833628 490.641797
548.518251 588.086684
626.101440 589.972737
708.621029 592.064021
796.536507 594.236316
890.503769 596.642610
991.033556 599.096010
1098.933158 601.837888
568.958844 675.625900
645.592957 680.153905
726.937487 685.031357
813.557424 690.269913
905.970142 695.682933
1004.705149 701.536070
1110.418512 707.782342
588.660098 759.808537
664.351903 766.774004
744.645561 774.161655
829.943883 781.960700
920.803091 790.318664
1017.781423 799.216081
1121.424501 808.727667
607.575352 840.869710
682.312590 850.035669
761.508207 859.736390
845.519049 869.950357
934.966101 880.894676
1030.258187 892.587140
1131.911227 905.061910
625.811191 918.813812
699.617231 929.940197
777.665540 941.749462
860.557867 954.298914
948.535895 967.632276
1042.147651 981.815349
1141.954806 997.017755
631.987479 159.755349
706.470977 149.500463
785.307001 138.742135
869.008368 127.369079
957.895416 115.171540
1052.747586 102.221937
1153.758606 88.472695
614.102662 239.277345
689.404575 231.270847
769.179919 222.755135
853.958879 213.738061
944.300517 204.051451
1040.573122 193.854129
1143.344837 182.942455
595.542936 321.851488
671.749939 316.056749
752.520782 310.005543
838.466637 303.530763
930.062390 296.675573
1027.829418 289.274996
1132.490841 281.517762
576.384995 407.328444
653.409256 404.005839
735.209021 400.640358
822.284357 396.987466
915.243614 393.054240
1014.631359 388.951036
1121.108648 384.431415
556.562640 496.110707
634.418615 495.473854
717.135145 494.981761
805.553950 494.247379
899.796725 493.581261
1000.846435 492.814265
1109.136740 492.137650
535.895114 588.250635
614.500360 590.509760
698.470692 593.072119
787.926132 595.648464
883.697412 598.571133
986.358085 601.561178
1096.646560 604.807214
514.426341 683.922108
594.048306 689.316054
679.014722 695.118913
769.766436 701.416942
866.850818 708.064659
971.314507 715.197110
1083.560683 722.891252
916.508250 307.071274
1026.879419 314.638075
1130.109023 321.697585
1226.963572 328.435130
1317.960045 334.781032
1403.722346 340.597163
1484.533336 346.234456
906.958182 427.128261
1015.799139 430.650948
1117.716544 434.047465
1213.404481 437.172955
1303.368355 440.156937
1388.232331 442.940861
1468.256228 445.566133
897.867335 543.046262
1005.050754 542.875963
1105.685013 542.639901
1200.199674 542.520195
1289.214620 542.407825
1373.217392 542.128195
1452.521911 542.075861
888.934325 655.084335
994.742097 651.329021
1093.968666 647.813364
1187.417509 644.561369
1275.448854 641.499326
1358.566337 638.519830
1437.200753 635.834504
880.395120 763.271900
984.696772 756.276193
1082.683002 749.690866
1174.919153 743.576388
1262.134171 737.686291
1344.360606 732.221528
1422.269852 726.933985
872.179834 868.021525
975.046056 857.971981
1071.722717 848.509471
1162.988918 839.603444
1249.178040 831.111649
1330.675359 823.159800
1407.873360 815.645647
864.161033 969.326185
965.501414 956.379505
1061.139438 944.141933
1151.316509 932.739745
1236.610999 921.818247
1317.280911 911.500451
1393.816583 901.838205
857.685360 86.723464
956.778439 99.993592
1050.182479 112.390429
1138.547564 124.292026
1222.115570 135.531823
1301.433959 146.124137
1376.699894 156.203549
868.158919 180.506309
969.062651 191.221458
1064.177407 201.338894
1153.904225 210.898443
1238.731686 220.004701
1318.997255 228.586933
1395.122526 236.633373
879.092339 278.532311
981.849026 286.510802
1078.618948 294.024979
1169.848352 301.197703
1255.887596 307.963726
1337.241647 314.201967
1414.400035 320.283934
890.585112 381.131929
995.344909 386.067158
1093.770430 390.749020
1186.374056 395.147502
1273.688865 399.384763
1356.211509 403.325780
1434.325060 407.099410
902.618117 488.521631
1009.315627 490.134730
1109.415862 491.771886
1203.548726 493.342521
1292.312979 494.668453
1375.961858 496.064172
1455.008060 497.307720
915.335406 601.128746
1024.002920 599.189159
1125.990861 597.445921
1221.636793 595.769672
1311.683881 594.154477
1396.588855 592.630233
1476.677122 591.257092
928.525903 719.305883
1039.300670 713.463106
1143.249495 707.846702
1240.540829 702.807512
1331.951767 697.889975
1417.956703 693.302672
1499.070488 689.060185
686.277770 68.514331
794.667871 71.845267
901.645996 75.078446
1007.358565 78.412161
1111.754940 81.622062
1214.957580 84.834515
1316.868612 88.055667
683.479161 167.209766
793.558907 169.999859
902.220573 172.687005
1009.615504 175.420321
1115.607919 178.081723
1220.303774 180.778018
1323.630218 183.417554
680.599497 269.159642
792.402361 271.287395
902.776739 273.407413
1011.865091 275.517369
1119.522244 277.607665
1225.743436 279.631367
1330.657982 281.744943
677.639116 374.348805
791.300579 375.770511
903.439464 377.261860
1014.160470 378.722966
1123.490008 380.183084
1231.345592 381.653973
1337.851180 383.078459
674.637047 483.033144
790.140316 483.725158
904.006719 484.558784
1016.538286 485.321795
1127.630018 486.055737
1237.154201 486.854965
1345.206093 487.626608
671.551012 595.300497
788.831385 595.319597
904.762236 595.384007
1019.036976 595.417547
1131.864895 595.455570
1243.203190 595.488867
1352.973170 595.574030
668.307931 711.416781
787.577552 710.585962
905.443549 709.804902
1021.670925 709.131623
1136.284263 708.389113
1249.301310 707.672012
1360.842781 707.004433
588.086327 378.065011
698.226774 376.681267
810.626284 375.347029
925.695200 373.925014
1043.254996 372.512723
1163.467930 371.044719
1286.248741 369.491071
597.109986 488.643112
705.435211 488.484220
815.977070 488.386973
928.953569 488.221678
1044.339847 487.947618
1162.357330 487.767218
1282.805557 487.590955
605.952154 595.503221
712.452899 596.398743
821.104063 597.313928
932.098055 598.282650
1045.504633 599.225412
1161.339778 600.167299
1279.578868 601.232559
614.440498 698.588372
719.259210 700.495628
826.027442 702.499668
935.142681 704.560408
1046.558826 706.556235
1160.284791 708.612333
1276.390341 710.760793
622.718833 798.249678
725.822814 801.112035
830.903422 804.069181
938.118101 807.048268
1047.603140 810.119368
1159.326576 813.268559
1273.300288 816.467353
630.692518 894.730512
732.140262 898.473266
835.521916 902.278987
940.976350 906.171924
1048.589496 910.182517
1158.426769 914.292215
1270.412290 918.501905
638.434536 987.996671
738.246219 992.537548
840.005206 997.138333
943.789174 1001.985064
1049.535299 1006.861692
1157.467621 1011.813999
1267.550453 1016.994773
295.775242 375.417699
427.685089 380.748664
550.955551 385.640472
666.546954 390.384670
775.142118 394.856184
877.360930 398.895614
973.765101 402.805921
297.742576 492.204366
426.395925 493.569260
546.760635 494.939901
659.784476 496.156776
766.112352 497.346997
866.393418 498.356256
960.993402 499.421527
299.833972 603.156490
425.139451 601.022883
542.745181 598.941502
653.360570 597.076291
757.540507 595.314220
855.893328 593.523674
948.815620 591.943685
301.641031 708.777459
424.069709 703.358355
538.895727 698.244629
647.162925 693.539551
749.296397 689.079163
845.764610 684.747760
937.088772 680.792473
303.500897 809.232626
422.905502 801.017096
535.317197 793.131916
641.209222 785.810336
741.463276 778.821863
836.076132 772.318381
925.790345 766.032421
305.221277 905.263060
421.954606 894.341514
531.808702 883.985078
635.688493 874.243816
733.867872 864.944642
826.880147 856.212016
915.087638 847.967363
306.891183 996.833800
420.820330 983.499482
528.512607 970.786010
630.256114 958.879123
726.632300 947.562686
817.914583 936.822923
904.697822 926.713284
91.214684 24.119867
229.427385 33.919159
360.847967 41.732865
489.403559 50.341660
613.394440 58.218132
733.614845 65.893051
849.852352 73.177027
97.768987 153.185474
233.232038 159.722438
364.160039 166.123749
490.917446 172.221182
613.737064 178.128730
732.773579 183.871541
848.105192 189.507207
103.755353 279.157330
237.557842 283.572096
367.132222 287.862086
492.696058 292.015796
614.321473 296.041043
732.202658 299.864647
846.476934 303.668760
109.281913 402.619451
241.917398 404.958849
370.099924 407.252578
494.371708 409.475039
614.834832 411.669219
731.571605 413.718727
844.870105 415.801342
114.914941 523.516834
246.059152 523.982334
373.046436 524.403666
496.008813 524.802240
615.369921 525.128598
730.994863 525.568310
843.216444 525.886071
120.473112 642.188534
250.199757 640.744866
375.903940 639.364019
497.712381 637.994683
615.890046 636.568788
730.514416 635.275533
841.708593 634.034204
125.949203 758.461773
254.281760 755.192655
378.753583 751.969891
499.360571 748.971818
616.420161 745.886956
729.958507 742.977706
840.149979 740.264056
136.095032 207.859355
284.170443 216.811692
424.241101 225.244615
557.231046 233.301810
683.433199 241.021387
803.372381 248.193220
917.592825 255.072136
150.984944 337.034005
293.415160 342.288808
428.377437 347.362522
556.533495 352.005927
678.464050 356.489904
794.618490 360.697311
905.300964 364.761903
165.122769 457.006186
301.995079 459.044081
432.120653 460.899127
555.917437 462.703852
673.893346 464.444126
786.445755 466.001509
893.831226 467.510326
178.090988 568.617459
310.105311 567.793132
435.542510 566.978564
555.337717 566.254551
669.601759 565.547919
778.697721 564.745395
883.061661 564.149926
190.254844 672.536070
317.581786 669.386608
438.959756 666.176378
554.693782 663.234701
665.594572 660.356857
771.401074 657.687999
872.855220 655.048958
201.718411 769.895791
324.681664 764.548921
441.966830 759.359520
554.267948 754.414027
661.720050 749.597008
764.692241 745.125155
863.347744 740.835070
212.500133 861.030050
331.212468 853.775484
444.934154 846.772149
553.786524 840.175562
658.177248 833.733094
758.198982 827.579913
854.297289 821.778050
116.792207 278.216705
241.280886 280.460427
363.785991 282.631494
484.712799 284.915561
603.982921 287.061963
721.699271 289.192617
837.717443 291.333136
110.309338 394.867920
235.897653 396.273138
359.504309 397.719349
481.432622 399.183196
601.754990 400.559626
720.366622 401.949240
837.256446 403.318148
103.841789 513.500299
230.381485 514.100055
355.104362 514.744019
478.179534 515.367095
599.425673 515.925136
718.946312 516.437065
836.818327 517.070765
97.148025 634.159702
225.007375 633.861510
350.776813 633.604988
474.778251 633.375931
597.019923 633.099239
717.528394 632.839313
836.385592 632.667021
90.416718 756.770946
219.345775 755.599535
346.200363 754.549508
471.286132 753.398706
594.574506 752.208950
716.108612 751.162235
835.820514 750.142810
83.717723 881.589561
213.675618 879.457390
341.652273 877.500218
467.777042 875.475592
592.158468 873.395502
714.722644 871.423567
835.454874 869.494846
76.614743 1008.494251
207.841731 1005.340742
337.077132 1002.343549
464.292272 999.552155
589.639714 996.543537
713.241048 993.635070
834.973195 990.828564
242.246959 168.861402
363.720784 177.530119
479.657340 185.631994
590.553508 193.607834
696.732155 201.152940
798.586332 208.380371
896.243006 215.297827
232.616101 262.362841
358.020237 269.018543
477.679536 275.390127
591.927588 281.492772
701.242382 287.386381
805.808503 292.948752
905.964840 298.265918
222.230275 361.972219
351.931594 366.487029
475.450847 370.752550
593.429877 374.872175
705.920824 378.799874
813.448850 382.458845
916.377825 386.102120
211.111808 468.550404
345.584213 470.476360
473.295734 472.336739
594.887992 474.078310
710.841782 475.886786
821.538762 477.489055
927.366142 479.111039
199.280963 582.646465
338.564538 581.616935
470.677376 580.818423
596.461193 579.989348
716.135964 579.160213
830.145403 578.463697
938.909227 577.788079
186.661592 705.065864
331.066728 700.769204
468.227896 696.830385
598.190114 693.008068
721.815420 689.361343
839.355782 685.983701
951.377766 682.731636
172.924442 836.802870
323.127243 828.805778
465.480591 821.090725
600.078003 813.893699
727.821979 807.004899
849.101151 800.555996
964.489455 794.449734
1069.148786 182.740786
1154.217731 173.407573
1244.109833 163.647096
1339.451382 153.332112
1440.460760 142.355074
1547.983670 130.697334
1662.424584 118.277512
1059.227964 260.898425
1145.493581 253.751777
1236.798716 246.094366
1333.668567 238.081865
1436.560458 229.448277
1546.035688 220.385962
1662.706470 210.765699
1048.916201 341.950739
1136.474298 336.932588
1229.230341 331.704266
1327.715563 326.093439
1432.462035 320.191064
1543.988464 313.764750
1663.172953 307.153935
1038.275426 425.831838
1127.148571 423.143698
1221.394592 420.487998
1321.514763 417.563872
1428.144953 414.442602
1541.915423 411.228567
1663.561176 407.662875
1027.301994 512.818538
1117.513297 512.716306
1213.144199 512.774434
1315.132532 512.676410
1423.689083 512.699604
1539.812988 512.651356
1664.018589 512.751719
1015.873687 602.991495
1107.311628 605.701009
1204.727142 608.689164
1308.308681 611.726425
1419.025469 615.148179
1537.476330 618.670487
1664.404221 622.550378
1004.013961 696.573790
1096.952597 702.244128
1195.862058 708.350175
1301.427607 714.897545
1414.146053 721.851457
1535.122919 729.346602
1664.896042 737.427315
1148.369111 257.634352
1239.219295 252.081809
1334.026551 246.323065
1433.290130 240.372057
1537.050515 234.108089
1646.050476 227.540302
1760.326862 220.637580
1140.681335 334.021639
1233.608668 330.111232
1330.763300 325.969745
1432.592905 321.728787
1539.251815 317.197994
1651.196819 312.551559
1768.823105 307.635802
1132.533014 414.383095
1227.741729 412.147351
1327.376558 409.903245
1431.894462 407.525736
1541.498453 405.075748
1656.671355 402.399428
1777.982480 399.770230
1124.075792 498.871321
1221.586058 498.550388
1323.807699 498.386864
1431.099819 498.101604
1543.792417 497.869081
1662.487165 497.701377
1787.536148 497.379447
1115.149197 587.885418
1215.128651 589.689337
1319.896918 591.837787
1430.328338 593.906513
1546.263669 596.208008
1668.777485 598.577653
1797.751358 601.172108
1105.727373 681.762527
1208.109435 686.061492
1315.949425 690.680889
1429.320422 695.403795
1548.882850 700.591700
1675.275284 705.971069
1808.692424 711.627900
1095.711417 780.927021
1200.865608 787.890729
1311.625302 795.281583
1428.535490 803.138698
1551.660707 811.465579
1682.133668 820.219520
1820.276469 829.509141
1151.627873 377.936120
1256.983323 375.579011
1365.971887 373.268227
1479.004481 370.853518
1596.066809 368.400694
1717.609133 365.795329
1843.773256 363.115538
1151.194533 479.521406
1256.390989 479.053992
1365.372924 478.510486
1478.250462 478.015658
1595.141403 477.456398
1716.550693 476.928696
1842.646111 476.462701
1150.730001 581.068639
1255.796741 582.318826
1364.723897 583.622687
1477.421785 584.948473
1594.264289 586.436990
1715.523731 587.809302
1841.603154 589.443663
1150.303203 682.322226
1255.327400 685.285356
1364.030677 688.453667
1476.642116 691.698175
1593.385184 695.052032
1714.434257 698.553990
1840.115598 702.138745
1149.939374 783.414233
1254.810503 788.134557
1363.368898 793.083958
1475.863193 798.196724
1592.457394 803.584582
1713.434367 809.077875
1838.918251 814.847149
1149.516644 884.304989
1254.262911 890.815677
1362.787883 897.545570
1475.033806 904.563849
1591.444390 911.896310
1712.298288 919.444265
1837.677461 927.255433
1149.106501 984.928970
1253.676266 993.157179
1362.026339 1001.737660
1474.285384 1010.704387
1590.439371 1019.702331
1711.158137 1029.348824
1836.759207 1039.703758
1079.384283 257.441078
1185.837938 250.255228
1297.927997 242.878203
1416.436808 234.974856
1541.456451 226.713313
1673.727459 217.884228
1814.049963 208.503578
1089.362952 358.436055
1192.939095 354.204974
1301.739199 349.699030
1416.516589 344.919284
1537.413472 339.820058
1665.211426 334.534988
1800.405423 328.941800
1098.917539 453.901408
1199.646698 452.036711
1305.443997 450.073167
1416.627304 447.988907
1533.783294 445.914855
1657.297187 443.600513
1787.781726 441.242516
1107.859314 543.881872
1205.956015 544.211348
1308.768748 544.648065
1416.830637 545.103092
1530.403915 545.447855
1649.880445 545.895883
1775.876666 546.343777
1116.436547 629.008907
1211.987312 631.351465
1312.075066 633.792981
1416.988174 636.313266
1527.220907 639.037475
1642.988116 641.877343
1764.812590 644.850870
1124.442939 709.757541
1217.638897 713.895654
1315.054559 718.122734
1417.088139 722.561026
1524.062767 727.317367
1636.442497 732.235070
1754.365462 737.433095
1132.127231 786.349165
1222.963500 791.949508
1317.889267 797.831425
1417.248193 804.072791
1521.176758 810.604480
1630.223161 817.374481
1744.600427 824.569481
1140.810715 88.077466
1249.439823 80.373793
1362.001965 72.497944
1479.023680 64.310540
1599.999425 55.769394
1726.084948 46.945918
1857.194123 37.052008
1141.507738 195.267873
1249.207418 189.655957
1360.803471 183.729570
1476.606589 177.672417
1596.592567 171.342647
1721.293236 164.817695
1850.639218 157.987928
1142.153553 300.865360
1248.961784 297.041659
1359.671537 293.135608
1474.329795 289.033156
1593.183438 284.947333
1716.613706 280.505737
1845.005230 276.066174
1142.817642 404.515821
1248.721013 402.542394
1358.399475 400.592467
1472.049310 398.554889
1589.818114 396.386260
1712.067667 394.194439
1838.923684 391.852940
1143.583562 506.440223
1248.572248 506.296321
1357.269594 506.146946
1469.845730 505.977757
1586.553437 505.910475
1707.649598 505.735438
1833.257768 505.563332
1144.212290 606.740195
1248.283447 608.339148
1356.090225 609.925051
1467.613365 611.645411
1583.208168 613.500960
1703.207140 615.323846
1827.665949 617.260550
1144.873126 705.320201
1248.064969 708.499674
1354.891830 711.849451
1465.539848 715.418788
1580.049511 719.102688
1698.785618 722.800686
1822.089235 726.811186
