508.178222 403.870734
586.426541 399.263530
670.298998 394.630906
760.426386 389.720266
857.173782 384.691446
961.238077 379.521447
1073.021260 374.252291
529.310036 497.778295
606.831917 496.552727
689.680015 495.326130
778.558980 494.141789
873.914340 492.824228
976.271091 491.674078
1086.028987 490.641459
550.015584 588.473760
626.660162 590.177679
708.549765 592.095782
796.147848 594.159958
890.038587 596.528819
990.560008 598.957677
1098.148564 601.692270
570.097407 675.636133
645.929496 680.116606
726.757015 685.008168
813.106644 690.273646
905.471404 695.685157
1004.158913 701.456866
1109.483754 707.589184
589.661958 759.553892
664.651221 766.615794
744.478124 774.072463
829.506013 781.942944
920.232364 790.304763
1017.031822 799.056231
1120.163773 808.302926
608.554546 840.260153
682.622936 849.599454
761.370456 859.420265
845.087536 869.724559
934.275064 880.619390
1029.202054 892.036745
1130.120076 904.059428
626.902040 917.756896
700.025726 929.067444
777.598994 940.978237
860.092121 953.560879
947.695400 966.727586
1040.762143 980.478704
1139.539768 994.975797
635.177500 165.717062
708.596278 155.070368
786.502484 144.077946
869.269382 132.785891
957.156326 121.000276
1050.686425 108.894309
1149.841537 96.515345
616.800791 243.290813
691.150650 234.772363
770.147478 225.883792
854.210656 216.756092
943.846388 207.260329
1039.133517 197.563444
1140.505773 187.628295
597.797078 324.415917
673.056361 318.116219
753.154166 311.638419
838.600122 304.906514
929.751554 298.038317
1026.882851 290.925955
1130.491683 283.816923
578.308330 408.888949
654.385139 405.093787
735.511173 401.323904
822.217172 397.382720
914.940371 393.346568
1014.033323 389.346209
1119.779740 385.236967
558.253390 497.011495
635.153641 496.020439
717.223492 495.205502
805.311145 494.257042
899.423409 493.481334
1000.377338 492.716045
1108.244129 492.216908
537.570829 588.659951
615.171330 590.740621
698.469663 593.136368
787.564937 595.585568
883.233114 598.472835
985.892100 601.441860
1095.897107 604.685361
516.360992 683.915213
594.884738 689.297483
679.113778 695.089069
769.426296 701.417066
866.360091 708.106494
970.770463 715.187766
1082.701884 722.709476
916.154264 308.320260
1025.969255 315.940287
1128.426334 323.335282
1224.046554 330.613396
1313.329662 337.643131
1396.714290 344.286894
1474.596729 350.813718
906.571114 427.275084
1015.202005 430.798549
1116.657037 434.431047
1211.382627 437.925705
1299.909131 441.397796
1382.713618 444.708050
1460.093928 447.970328
897.394417 542.952156
1004.573499 542.745786
1104.918024 542.595844
1198.729173 542.609838
1286.478630 542.705872
1368.634904 542.711626
1445.512455 542.973390
888.426834 655.081913
994.244766 651.275625
1093.269194 647.715713
1186.125819 644.380686
1273.077326 641.287549
1354.519755 638.308703
1430.920204 635.681162
879.853012 763.333786
984.099436 756.284193
1081.879259 749.539625
1173.556145 743.226306
1259.758791 737.093900
1340.446170 731.406489
1416.293656 725.941257
871.616921 867.841025
974.274237 857.772815
1070.659255 848.126592
1161.350957 838.938480
1246.531568 830.038053
1326.601039 821.678583
1401.884251 813.762394
863.639311 968.477874
964.597760 955.580665
1059.798521 943.169151
1149.282866 931.481054
1233.559596 920.105761
1312.798963 909.253783
1387.442681 899.020083
858.111502 93.553340
955.981164 106.320501
1048.272258 118.608139
1135.339219 130.751754
1217.397921 142.436918
1294.859617 153.699813
1367.927522 164.677465
868.340488 184.317913
968.332768 194.711115
1062.542235 204.895331
1151.189714 214.839142
1234.634216 224.503896
1313.129800 233.812175
1387.067177 242.746183
879.022802 280.182182
981.232984 288.043303
1077.306212 295.738058
1167.627217 303.315881
1252.349398 310.643586
1331.960751 317.598923
1406.849281 324.479643
890.290649 381.518479
994.779334 386.404706
1092.722062 391.310661
1184.507197 396.079850
1270.566583 400.799426
1351.289113 405.317733
1427.069564 409.780016
902.191226 488.407348
1008.789945 490.013855
1108.541024 491.793670
1201.901275 493.574755
1289.341670 495.236811
1371.101407 497.056855
1447.689846 498.764409
914.781610 600.997661
1023.453816 599.023860
1125.098616 597.298453
1219.966035 595.654182
1308.587583 594.125113
1391.462689 592.762820
1468.929336 591.561710
927.904735 719.322112
1038.626976 713.364750
1142.125159 707.585262
1238.479688 702.365515
1328.357740 697.264844
1412.141285 692.570000
1490.407448 688.191533
689.383881 77.089322
796.006750 79.499479
901.528496 82.331090
1005.815579 85.715792
1108.595805 89.468809
1209.681650 93.667111
1308.792398 98.259291
685.771473 172.445117
794.461674 174.355166
902.085459 176.674221
1008.404777 179.478177
1113.158575 182.665861
1216.064645 186.210276
1316.909288 190.094527
682.121825 271.955839
792.892603 273.337346
902.588412 275.131578
1011.023771 277.320575
1117.687807 279.862603
1222.416505 282.622874
1325.040671 285.799095
678.514134 375.608981
791.361773 376.441674
903.141024 377.669083
1013.526206 379.167240
1122.161263 380.994436
1228.750444 383.025957
1333.122529 385.275286
675.013240 483.472279
789.876268 483.793827
903.616599 484.448993
1016.047852 485.214318
1126.612322 486.151045
1234.986594 487.288774
1341.015729 488.576102
671.671948 595.405813
788.395302 595.250372
904.265136 595.263329
1018.560872 595.275073
1130.954172 595.314871
1241.202446 595.395306
1348.922181 595.628628
668.453403 711.369087
787.143338 710.602622
904.884049 709.811291
1021.063662 709.051104
1135.232125 708.165261
1247.093176 707.205991
1356.465453 706.258766
589.939238 379.916500
698.832772 377.817568
810.587383 375.982581
925.278732 374.380528
1042.361985 373.129160
1161.550623 372.184868
1282.421196 371.509749
598.237014 489.400251
705.526840 488.786010
815.642333 488.385205
928.493910 488.112063
1043.705724 487.912768
1160.985472 487.962176
1279.833304 488.229660
606.671468 595.732017
712.315260 596.429984
820.641932 597.228464
931.632725 598.163716
1044.919737 599.088513
1160.145204 600.046959
1276.928645 601.166543
615.053605 698.537878
719.075647 700.458909
825.515349 702.517650
934.608088 704.553702
1045.901292 706.447131
1159.014558 708.328390
1273.694120 710.232891
623.410822 797.903563
725.738525 800.953958
830.442380 804.015886
937.496373 806.975414
1046.724487 809.880573
1157.723894 812.691859
1270.227379 815.341451
631.583500 893.849598
732.186946 897.891900
835.087893 901.865705
940.223245 905.757422
1047.404029 909.484882
1156.329138 913.100810
1266.696535 916.488705
639.685473 986.208485
738.500522 991.111948
839.594267 995.918862
942.861408 1000.695978
1048.001032 1005.191596
1154.772004 1009.466196
1262.998886 1013.592856
305.863615 380.256597
432.909360 383.947643
553.388407 387.675301
667.434795 391.546046
775.244521 395.417399
877.115017 399.181212
973.320286 403.028787
306.556101 494.775803
430.731689 495.204165
548.589765 495.891943
660.244172 496.602213
765.958401 497.440783
866.049274 498.272827
960.630639 499.280561
307.966480 604.107348
429.061122 601.630962
544.282387 599.289043
653.678551 597.205557
757.259500 595.278877
855.455491 593.433517
948.399590 591.831368
309.620840 708.349348
427.930665 703.139507
540.422774 698.167652
647.506730 693.496569
749.037517 689.071509
845.312269 684.761282
936.642772 680.799616
311.741706 807.476031
427.080712 799.929143
537.112862 792.535255
641.726360 785.538874
741.321647 778.753752
835.651746 772.352426
925.301767 766.083884
314.080345 901.907574
426.666333 892.187822
534.015803 882.693248
636.488657 873.539299
733.900398 864.574800
826.524160 856.047761
914.530569 847.859882
316.773173 991.532535
426.446062 979.909899
531.387693 968.445212
631.490852 957.427486
726.911161 946.624224
817.676533 936.201310
904.105288 926.230540
123.079271 48.474660
249.669056 52.679560
374.529623 57.070032
497.506656 62.264472
617.981125 67.895270
735.728165 73.997437
850.385109 80.559996
124.226868 169.761014
250.437160 172.572121
374.801243 175.872257
497.075803 179.601604
617.057409 183.756550
734.280381 188.243590
848.413515 193.148919
126.583096 290.083670
251.892764 291.754987
375.526560 293.795092
497.224531 296.185080
616.476634 298.906287
732.976121 301.778086
846.478694 305.027049
129.545001 409.269796
254.147800 409.773537
376.875519 410.578197
497.688958 411.634550
616.150295 412.927100
731.823324 414.325890
844.616529 416.032366
133.404990 526.928188
256.973108 526.405543
378.782643 525.995287
498.602048 525.742801
616.143624 525.599764
730.864328 525.666000
842.805636 525.798286
137.929189 642.895877
260.395865 641.261236
381.146787 639.690878
499.930372 638.195557
616.451701 636.655898
730.282692 635.258607
841.207604 633.964390
143.163984 756.677997
264.395156 753.979718
384.003546 751.181654
501.646814 748.535080
617.053826 745.690986
729.775863 742.924424
839.631921 740.275204
158.230818 220.968134
297.371780 226.369875
431.589716 232.043586
560.970073 238.085653
685.112061 244.378520
803.844325 250.664139
917.283728 257.159964
169.475253 345.077131
304.005932 347.932535
433.924318 351.147867
559.101478 354.454479
679.398562 357.970043
794.711884 361.513725
905.013841 365.306378
181.022897 461.550207
310.849898 462.140826
436.514039 462.892604
557.760256 463.861272
674.325890 464.983446
786.240981 466.130006
893.460906 467.461944
192.329898 570.636935
317.884157 569.150673
439.278886 567.826804
556.739701 566.725105
669.793446 565.710759
778.355194 564.698111
882.602624 564.036284
203.500456 672.610762
324.853655 669.468413
442.426225 666.258727
555.986074 663.283003
665.742530 660.362863
771.024535 657.666445
872.371976 655.043993
214.485056 768.245558
331.820201 763.473267
445.485559 758.713485
555.655467 754.097563
661.979593 749.480372
764.389329 745.125208
862.847880 740.899285
225.225394 857.706104
338.586569 851.528825
448.723795 845.323670
555.444366 839.337228
658.642045 833.318314
758.044138 827.414809
853.821205 821.735323
138.686452 288.901736
255.438463 288.685533
372.360978 288.738408
489.490100 289.323805
606.363350 290.158686
722.625014 291.339000
837.801914 292.900710
130.576804 401.746865
248.532885 401.398323
366.740618 401.314181
485.100477 401.587361
603.297182 402.033758
720.689802 402.707082
837.049894 403.651326
123.148215 517.248647
242.141549 516.803288
361.497530 516.578787
481.144109 516.482374
600.397559 516.507868
718.877842 516.603283
836.380375 516.999824
116.222065 635.066203
236.450571 634.518906
356.852286 634.052986
477.452044 633.625769
597.776637 633.204141
717.340857 632.815157
835.842525 632.598800
110.132620 754.846648
231.171783 754.246711
352.569586 753.632068
474.149700 752.830506
595.421017 751.951344
715.981525 751.061469
835.303456 750.163952
104.607380 876.434795
226.443012 875.713219
348.807379 874.893435
471.207073 873.822101
593.377569 872.462448
714.797153 870.922267
834.988157 869.221263
100.218383 999.021702
222.346822 998.619075
345.725982 997.278881
468.832028 996.055830
591.619021 994.212101
713.678691 992.028583
834.539522 989.609238
258.717577 181.073956
374.136970 186.851919
485.944016 192.701877
594.133551 198.985756
698.618383 205.274780
799.346254 211.661497
896.187742 218.149623
247.637391 271.309790
367.031648 275.549787
482.766742 280.052128
594.565260 284.797782
702.445316 289.670095
806.162484 294.546956
905.800272 299.550750
236.122480 368.144382
359.827469 370.778576
479.545907 373.633863
595.303976 376.687444
706.524163 379.822822
813.429876 382.976375
916.065580 386.415507
224.316050 472.327447
352.654455 472.982732
476.618998 473.897806
596.131294 474.928214
710.993395 476.197694
821.297679 477.476663
927.002413 479.002491
212.293492 584.294893
345.251701 582.703211
473.567281 581.455757
597.340092 580.280365
716.016922 579.199013
829.712238 578.358154
938.498106 577.648868
200.138759 704.526225
337.847607 700.475852
471.032746 696.699975
598.956271 692.963397
721.621877 689.342573
838.854055 685.984738
950.875200 682.691157
187.698390 833.632193
330.707111 826.821202
468.681098 819.971622
601.048843 813.376166
727.762760 806.816112
848.608782 800.537083
963.813079 794.365604
1067.353993 186.852740
1151.158249 178.446723
1239.206957 169.905864
1331.790565 161.317472
1428.882014 152.558644
1530.811870 143.771358
1637.548400 134.931466
1057.980602 263.136344
1143.236985 256.637174
1232.993256 249.940593
1327.431280 243.297722
1426.761225 236.497359
1530.964955 229.742784
1640.278944 223.006283
1048.065924 342.874567
1134.872656 338.328882
1226.326312 333.786119
1322.748039 329.191554
1424.149451 324.671014
1530.721989 320.033669
1642.705417 315.647155
1037.707390 425.994229
1126.024907 423.590111
1219.204673 421.377262
1317.473010 419.128814
1421.037591 416.963338
1530.055750 414.970137
1644.682243 412.964856
1026.858468 512.699344
1116.671765 512.722930
1211.442514 512.967731
1311.755497 513.232644
1417.396380 513.760380
1528.894571 514.418632
1646.138875 515.338981
1015.456767 602.852822
1106.583247 605.575005
1203.233032 608.557275
1305.262905 611.645057
1413.141960 615.124381
1527.057276 618.746016
1647.014053 622.699223
1003.530478 696.549675
1096.165898 702.101706
1194.330076 707.995588
1298.340131 714.260042
1408.283400 720.850201
1524.629029 727.815488
1647.271310 735.133078
1146.113620 260.442117
1235.417685 255.819973
1327.955757 251.305392
1423.815185 246.995892
1522.817400 242.765588
1625.193305 238.679553
1730.615951 234.758896
1139.039813 335.487095
1230.638984 332.247407
1325.735536 329.091230
1424.336671 326.167302
1526.356147 323.287590
1631.736647 320.610066
1740.422416 318.087679
1131.355707 414.912440
1225.427628 413.169369
1323.156370 411.635176
1424.645743 410.208218
1529.640884 408.949096
1638.230673 407.726225
1750.434608 406.877545
1123.212963 498.920634
1219.731658 498.850195
1320.192278 499.105780
1424.526070 499.394620
1532.663484 499.896712
1644.697811 500.608443
1760.436598 501.382507
1114.416996 587.778864
1213.506363 589.637743
1316.621781 591.866594
1424.106809 594.113110
1535.458832 596.622536
1651.081463 599.255660
1770.385456 602.119750
1104.952109 681.609194
1206.493355 685.758765
1312.672515 690.153889
1423.067582 694.643240
1537.911430 699.425820
1657.143280 704.314244
1780.381755 709.366825
1094.751006 780.668960
1198.993745 787.264067
1308.007250 794.067719
1421.805032 801.194202
1539.987797 808.475605
1662.855046 815.908873
1790.157262 823.537869
1149.992945 378.937684
1253.845922 377.278082
1360.375747 375.932233
1469.438558 374.807740
1580.782232 373.895714
1694.240103 373.176028
1809.572305 372.722570
1149.971611 479.756206
1253.870514 479.638459
1360.576685 479.676899
1469.744210 479.952338
1581.163711 480.326409
1694.783098 480.891519
1810.195833 481.657348
1149.686794 580.990571
1253.595156 582.328660
1360.322128 583.809190
1469.491520 585.380683
1580.964740 587.168328
1694.567406 588.885911
1810.098198 590.907768
1149.207872 682.119582
1253.060499 684.882567
1359.627721 687.855666
1468.734677 690.870553
1580.174417 693.891173
1693.649135 696.967284
1809.031899 700.102189
1148.562594 782.976418
1252.185241 787.267391
1358.556089 791.622315
1467.526233 796.000051
1578.748339 800.428602
1692.110414 804.799396
1807.274898 809.156107
1147.663814 883.378104
1251.021202 889.203101
1357.128655 894.988293
1465.772194 900.766370
1576.707128 906.496091
1689.846019 912.135366
1804.804598 917.708413
1146.670700 983.039975
1249.590094 990.295963
1355.344413 997.474399
1463.687185 1004.719714
1574.239315 1011.712271
1686.851082 1018.376448
1801.570734 1025.612732
1077.801553 259.866378
1182.850299 253.589641
1292.638351 247.534424
1407.343857 241.548178
1526.638828 235.781337
1650.499265 230.121229
1778.984907 224.667539
1088.213614 359.355431
1190.671920 355.707757
1297.543299 352.130497
1409.000170 348.667237
1524.819168 345.292515
1645.048135 342.129061
1769.532010 339.196270
1098.037716 454.069856
1197.826393 452.573384
1301.899351 451.161238
1410.165942 449.890445
1522.626031 448.865546
1639.221195 447.841506
1759.883362 447.076283
1107.118674 543.801915
1204.376799 544.259734
1305.570797 544.944890
1410.870484 545.762049
1520.103245 546.616523
1633.182226 547.634231
1750.071883 548.797708
1115.659171 628.861071
1210.399040 631.159121
1308.943420 633.563047
1411.215993 636.090355
1517.311907 638.808877
1626.995719 641.637939
1740.255113 644.557736
1123.501850 709.558775
1215.855525 713.479992
1311.707685 717.431153
1411.165225 721.555506
1514.172018 725.851829
1620.721120 730.204302
1730.533364 734.733681
1130.948643 785.985736
1220.839214 791.213488
1314.158402 796.586611
1410.945452 802.203649
1510.996667 807.892569
1614.341356 813.638030
1720.900002 819.581175
1137.093808 96.021628
1243.143018 89.950383
1352.026783 84.289327
1463.637411 79.036819
1577.623710 74.190813
1693.902709 69.637315
1812.047752 65.674527
1138.755365 199.628825
1244.388824 195.203552
1352.885770 191.035610
1464.038063 187.257868
1577.494227 183.794751
1693.171868 180.713189
1810.762506 177.984841
1140.185214 302.883277
1245.288886 299.945024
1353.314017 297.334186
1463.857614 294.943065
1576.697436 292.943645
1691.708732 291.051573
1808.761749 289.600575
1141.412899 405.193364
1245.880450 403.806144
1353.204509 402.721031
1463.089119 401.817270
1575.250111 401.050192
1689.584617 400.542642
1805.746554 400.247051
1142.489466 506.513117
1246.258274 506.671584
1352.807087 506.953462
1461.862726 507.404424
1573.241495 508.083361
1686.770587 508.854449
1802.058818 509.733051
1143.209624 606.589702
1246.181486 608.216242
1351.910803 609.879848
1460.073658 611.734943
1570.577881 613.711821
1683.225561 615.695337
1797.677065 617.810290
1143.761630 705.110745
1245.857680 708.054102
1350.651826 711.100205
1457.936661 714.344234
1567.481077 717.555245
1679.022470 720.741253
1792.471446 724.057698
