504.947082 401.777712
584.556063 397.707100
669.401069 393.561411
760.216000 389.076294
857.336631 384.316853
961.765303 379.130836
1074.152754 373.549996
527.099830 496.826453
605.757177 495.962038
689.395943 495.073253
778.762506 494.124122
874.256989 492.942994
976.766100 491.822673
1086.874140 490.667137
548.458427 588.156202
626.054822 590.034726
708.586601 592.115004
796.512767 594.280158
890.489124 596.680592
991.056994 599.109193
1098.957037 601.871239
568.902614 675.691145
645.546894 680.210037
726.902978 685.076621
813.533574 690.309411
905.959995 695.714623
1004.721544 701.544346
1110.428613 707.819382
588.609622 759.874714
664.310604 766.831482
744.611330 774.207520
829.918540 782.003558
920.789295 790.351294
1017.770646 799.233124
1121.402046 808.784509
607.526923 840.934133
682.272739 850.092724
761.473855 859.788493
845.491277 870.005931
934.939977 880.947205
1030.215401 892.642057
1131.860544 905.147404
625.760200 918.888213
699.570998 930.014854
777.625580 941.821658
860.521493 954.368649
948.493612 967.696071
1042.090224 981.884765
1141.888940 997.109509
631.920651 159.814498
706.416740 149.550386
785.265901 138.790683
868.975675 127.424237
957.884214 115.223662
1052.756526 102.273907
1153.776088 88.517906
614.036812 239.343459
689.351118 231.320123
769.138703 222.795211
853.928076 213.767911
944.293973 204.074957
1040.623905 193.893398
1143.395596 182.990310
595.485923 321.917927
671.701512 316.111241
752.483599 310.049524
838.443953 303.567069
930.062210 296.700487
1027.887560 289.305324
1132.542055 281.556318
576.329661 407.396674
653.363650 404.064376
735.174794 400.688997
822.264153 397.030349
915.242405 393.085119
1014.684952 388.965742
1121.159773 384.454558
556.503973 496.184140
634.372008 495.537426
717.100645 495.032248
805.531827 494.293330
899.788089 493.618132
1000.885283 492.828623
1109.175675 492.166281
535.832486 588.321031
614.450265 590.573198
698.435511 593.124533
787.901488 595.692816
883.682098 598.610578
986.379930 601.575170
1096.670202 604.838481
514.363253 683.992719
593.993850 689.380794
678.975427 695.170906
769.737291 701.458934
866.833747 708.101529
971.322148 715.210318
1083.569717 722.920502
916.504936 307.098615
1026.936455 314.663848
1130.160528 321.729421
1227.013014 328.468449
1318.003798 334.818560
1403.754431 340.635984
1484.558861 346.289434
906.954423 427.159693
1015.849532 430.663531
1117.762245 434.071165
1213.449570 437.198835
1303.403113 440.188538
1388.256972 442.972329
1468.273019 445.612800
897.857206 543.083682
1005.084361 542.890597
1105.715906 542.672682
1200.229892 542.553529
1289.239253 542.442440
1373.230578 542.164864
1452.523974 542.120891
888.921229 655.119996
994.762065 651.339498
1093.986598 647.847549
1187.434086 644.600219
1275.459804 641.540584
1358.566164 638.564659
1437.190664 635.883171
880.378893 763.310160
984.701567 756.286223
1082.686666 749.723432
1174.919652 743.620193
1262.130683 737.724729
1344.349194 732.264772
1422.246487 726.982105
872.153506 868.075701
975.020641 858.006946
1071.689044 848.563927
1162.953131 839.672716
1249.138157 831.167301
1330.633066 823.213109
1407.821845 815.705291
864.125081 969.397753
965.456604 956.443936
1061.084316 944.213838
1151.262834 932.828375
1236.559273 921.907757
1317.215637 911.579027
1393.728197 901.933365
857.650482 86.791098
956.768553 100.052034
1050.192312 112.440339
1138.570135 124.338119
1222.143845 135.580948
1301.465555 146.178260
1376.732646 156.263642
868.123597 180.540286
969.074762 191.249601
1064.232970 201.381579
1153.959997 210.948629
1238.781130 220.058363
1319.037426 228.639535
1395.154436 236.688027
879.072260 278.560498
981.882379 286.535171
1078.674720 294.057967
1169.896646 301.234506
1255.935890 308.002423
1337.282746 314.241939
1414.433163 320.327791
890.575533 381.165420
995.390424 386.081091
1093.823246 390.770910
1186.424222 395.171752
1273.733640 399.415320
1356.243538 403.358728
1434.349124 407.138054
902.613189 488.557972
1009.356481 490.149150
1109.454359 491.801604
1203.585609 493.372218
1292.342716 494.700013
1375.980468 496.097635
1455.019178 497.351395
915.329684 601.161032
1024.031710 599.203833
1126.013433 597.481049
1221.658670 595.807253
1311.697651 594.193093
1396.590344 592.671791
1476.668443 591.308107
928.521779 719.331053
1039.314832 713.481196
1143.258523 707.886390
1240.545711 702.846368
1331.946268 697.934115
1417.940803 693.353018
1499.043880 689.114280
686.218283 68.565723
794.625616 71.913296
901.618405 75.150468
1007.357434 78.461021
1111.771079 81.670743
1214.974155 84.876544
1316.881573 88.095464
683.421116 167.257698
793.518042 170.040413
902.191293 172.718006
1009.645146 175.455337
1115.656034 178.128176
1220.348462 180.830211
1323.669229 183.474166
680.548287 269.212255
792.368300 271.327158
902.761575 273.432889
1011.916371 275.544641
1119.575736 277.646511
1225.790724 279.673671
1330.695904 281.790808
677.595188 374.402685
791.274769 375.815405
903.434243 377.293924
1014.211407 378.739029
1123.540296 380.206713
1231.396179 381.680845
1337.888683 383.111980
674.595184 483.089772
790.115733 483.770596
904.002268 484.593322
1016.580275 485.335867
1127.669316 486.084688
1237.190742 486.883993
1345.229307 487.659705
671.510359 595.355274
788.805532 595.363878
904.753397 595.418010
1019.064806 595.433445
1131.887624 595.491946
1243.224321 595.526604
1352.981412 595.614800
668.265936 711.471588
787.549834 710.626469
905.434651 709.834657
1021.684495 709.145476
1136.292677 708.428876
1249.303904 707.711781
1360.831630 707.050429
588.031976 378.131975
698.185939 376.732340
810.603515 375.391377
925.701603 373.952607
1043.308095 372.531453
1163.518665 371.070289
1286.294635 369.524116
597.059297 488.710490
705.398107 488.536909
815.956704 488.431303
928.958191 488.250759
1044.382869 487.965805
1162.395852 487.796864
1282.837227 487.622636
605.902003 595.566822
712.418348 596.449888
821.082924 597.356322
932.098430 598.309473
1045.532869 599.244507
1161.361941 600.204140
1279.595126 601.270889
614.390624 698.649762
719.223552 700.541592
826.004492 702.539014
935.141869 704.582486
1046.574065 706.574486
1160.293717 708.652397
1276.390895 710.800881
622.671692 798.311921
725.786372 801.162025
830.877310 804.114311
938.101804 807.076483
1047.586371 810.150515
1159.300097 813.328124
1273.264737 816.519418
630.642681 894.799698
732.101398 898.536453
835.489373 902.341364
940.944276 906.228790
1048.541177 910.246625
1158.374979 914.380072
1270.354936 918.585939
638.388512 988.077177
738.206863 992.617247
839.968746 997.212382
943.746680 1002.049908
1049.475356 1006.934020
1157.398740 1011.905660
1267.492542 1017.074090
295.672637 375.500089
427.598049 380.828401
550.896788 385.711415
666.502489 390.440693
775.113241 394.902067
877.348027 398.934840
973.800967 402.821818
297.648585 492.285813
426.311448 493.653394
546.701708 495.012786
659.742524 496.216804
766.084551 497.394903
866.377405 498.397660
961.014462 499.441011
299.750088 603.233558
425.065889 601.095401
542.684883 599.011158
653.317842 597.134898
757.512604 595.360438
855.874271 593.564778
948.822274 591.967253
301.569468 708.833921
424.008948 703.418803
538.837291 698.312300
647.117653 693.596008
749.264283 689.122670
845.744275 684.786829
937.088727 680.816730
303.437853 809.276716
422.856451 801.059793
535.266860 793.192132
641.164880 785.870643
741.428037 778.869796
836.051841 772.360412
925.782497 766.060837
305.182629 905.315038
421.916234 894.400313
531.767964 884.047411
635.642422 874.306685
733.831362 864.999504
826.851870 856.265237
915.066552 848.011380
306.873473 996.905910
420.799908 983.570052
528.487470 970.857123
630.207835 958.955373
726.587117 947.636224
817.876962 936.891237
904.665467 926.775674
305.818539 154.895014
427.324431 166.901657
541.444795 178.046295
649.017480 188.723741
750.532697 198.792872
846.522324 208.230914
937.401236 217.201678
305.045217 264.712990
427.476106 273.365972
542.417673 281.502175
650.665774 289.165113
752.792701 296.441087
849.293504 303.267982
940.619984 309.741473
304.339147 376.141454
427.558915 381.405572
543.322136 386.319521
652.327875 391.051338
755.053502 395.435415
852.093579 399.502965
943.940097 403.436403
303.513345 489.371763
427.756499 491.039113
544.281099 492.637993
653.958775 494.192884
757.324141 495.698901
854.908100 496.996613
947.252945 498.334455
302.775798 604.158602
427.872213 602.233521
545.178951 600.479901
655.556568 598.863807
759.619265 597.248575
857.751039 595.829165
950.548134 594.384439
302.067934 720.801993
428.024671 715.192343
546.184921 709.912765
657.351242 704.984924
761.967346 700.260985
860.710328 695.872591
954.008773 691.703944
301.352764 839.181852
428.169991 829.787934
547.277321 820.771867
659.068604 812.512956
764.426653 804.604287
863.603118 797.195471
957.403464 790.241966
312.337952 93.938725
426.966860 107.022719
534.988396 119.206727
637.184478 130.931204
733.885561 141.992779
825.630648 152.416999
912.687584 162.345867
310.827748 187.514246
427.890410 198.029018
538.197545 207.962671
642.304327 217.345193
740.771483 226.259598
834.015183 234.684402
922.429010 242.656884
309.214544 285.263413
428.822197 293.097128
541.401440 300.437104
647.692075 307.410156
747.919693 314.001667
842.760058 320.124979
932.666991 326.059225
307.446690 387.620400
429.915172 392.399239
544.886065 396.892607
653.185115 401.153804
755.325157 405.267649
851.850410 409.067655
943.288256 412.701673
305.684792 494.774769
430.915849 496.269176
548.343075 497.735087
658.884270 499.121244
763.044270 500.373635
861.296585 501.623220
954.178182 502.743582
303.937538 607.107931
431.991272 605.017905
552.180724 603.140001
664.972062 601.350027
771.108191 599.575907
871.245541 597.984541
965.702122 596.456688
301.992768 724.981281
433.124369 718.984186
556.122498 713.231388
671.310574 708.057496
779.545146 703.077074
881.398873 698.404551
977.534588 694.019191
91.383451 24.271712
229.405920 33.952194
360.799508 41.771809
489.370560 50.441307
613.343106 58.287465
733.565576 65.952838
849.818056 73.249617
97.722404 153.257504
233.135147 159.793465
364.059150 166.178919
490.831089 172.285603
613.670023 178.186367
732.725038 183.915977
848.070695 189.542446
103.697197 279.242675
237.456708 283.660745
367.030762 287.936361
492.617456 292.090900
614.263254 296.106331
732.162459 299.910967
846.454627 303.704534
109.230786 402.703176
241.823407 405.044693
370.003766 407.333691
494.300953 409.554281
614.784406 411.733313
731.537791 413.767506
844.852381 415.844085
114.873148 523.602593
245.974856 524.065140
372.956249 524.484663
495.940636 524.879636
615.322057 525.193999
730.962668 525.618890
843.197979 525.928899
120.436702 642.273637
250.124040 640.820721
375.828985 639.432557
497.649206 638.063221
615.840576 636.629731
730.482076 635.322020
841.688237 634.074291
125.914762 758.548030
254.208032 755.251190
378.696067 752.015810
499.305811 749.032724
616.372073 745.949540
729.923418 743.025168
840.127720 740.303779
136.019165 207.940143
284.059919 216.892437
424.141899 225.318803
557.155835 233.373501
683.380614 241.072953
803.339522 248.229663
917.582306 255.096845
150.911969 337.120175
293.313244 342.371562
428.288396 347.437852
556.473661 352.075073
678.419472 356.544037
794.592578 360.740961
905.296328 364.794037
165.055334 457.093311
301.901760 459.127656
432.036271 460.983822
555.859107 462.776919
673.851841 464.501002
786.420640 466.048055
893.822072 467.546978
178.028095 568.704495
310.016523 567.871493
435.466057 567.055248
555.279370 566.325681
669.561392 565.605628
778.671403 564.790980
883.046446 564.189137
190.194867 672.615771
317.508333 669.451451
438.894116 666.242297
554.635110 663.301556
665.550759 660.410174
771.372037 657.729902
872.838330 655.085669
201.655684 769.966089
324.617095 764.592366
441.912992 759.411182
554.214905 754.478162
661.678525 749.653939
764.660317 745.167796
863.330094 740.872044
212.448625 861.098680
331.163059 853.819446
444.890700 846.820307
553.737352 840.235374
658.134289 833.790776
758.164928 827.628411
854.273486 821.825204
116.731558 278.302527
241.178725 280.550836
363.682376 282.706174
484.631331 284.989185
603.922134 287.128102
721.656594 289.240559
837.693026 291.368715
110.258325 394.949891
235.803695 396.358496
359.407333 397.800817
481.359295 399.263041
601.702070 400.625015
720.330508 401.998483
837.237427 403.361191
103.803223 513.582311
230.298685 514.183716
355.011641 514.824349
478.107260 515.446349
599.374706 515.992637
718.911766 516.489336
836.799403 517.114138
97.122119 634.241248
224.936799 633.941529
350.698614 633.674854
474.712454 633.446026
596.968101 633.162849
717.492289 632.889112
836.364028 632.707783
90.397538 756.854371
219.280902 755.666520
346.137263 754.596163
471.231326 753.455847
594.524536 752.271558
716.070363 751.211058
835.797366 750.182446
83.713394 881.716351
213.625755 879.529450
341.611534 877.548565
467.737069 875.534141
592.111630 873.460871
714.681441 871.482540
835.425285 869.550373
76.647711 1008.618750
207.840414 1005.431453
337.061049 1002.414251
464.275510 999.630161
589.600887 996.625128
713.199018 993.717677
834.940146 990.903714
242.140642 168.941968
363.619145 177.597249
479.564011 185.703897
590.483265 193.673392
696.679338 201.198694
798.548663 208.416106
896.218152 215.321959
232.513430 262.453727
357.916399 269.093023
477.594486 275.464635
591.863293 281.561198
701.195449 287.436996
805.780410 292.988720
905.953642 298.294173
222.139067 362.059851
351.834282 366.566124
475.377796 370.829738
593.376334 374.938100
705.881455 378.850750
813.427030 382.502922
916.376744 386.132605
211.032429 468.636496
345.489043 470.558082
473.219268 472.419069
594.837221 474.146097
710.805024 475.939772
821.517789 477.532711
927.369863 479.140573
199.213070 582.730012
338.478174 581.695186
470.608898 580.892789
596.409922 580.054223
716.103022 579.211206
830.125006 578.505959
938.913266 577.814733
186.601938 705.145346
330.997828 700.827028
468.166492 696.896149
598.138921 693.071773
721.780084 689.407930
839.334539 686.023414
951.382109 682.750639
172.883668 836.888203
323.073275 828.849784
465.432637 821.141214
600.030980 813.954071
727.785178 807.054499
849.077060 800.601321
964.481007 794.471374
996.989557 412.028586
1089.977025 408.403318
1188.857845 404.767752
1294.552417 400.725358
1407.372751 396.536243
1528.306646 391.907876
1658.183509 386.932172
1008.672443 504.506644
1100.128072 503.930659
1197.191172 503.339394
1300.764178 502.648268
1411.178997 501.870005
1529.409800 501.095241
1656.152227 500.303276
1019.931483 593.559785
1109.826034 595.555613
1205.236222 597.722770
1306.683680 600.037149
1414.945279 602.583112
1530.503332 605.157838
1654.316212 608.075122
1030.742279 678.938174
1119.144021 683.421050
1212.858860 688.280429
1312.477792 693.417098
1418.520341 698.778121
1531.557031 704.646878
1652.426584 710.837779
1041.212255 761.145935
1128.183977 767.965113
1220.281530 775.201323
1318.017027 782.791218
1421.918362 790.983542
1532.590953 799.679852
1650.682269 808.986966
1051.201878 840.329139
1136.749219 849.278815
1227.295755 858.709251
1323.234994 868.673244
1425.129361 879.352701
1533.492992 890.678535
1648.955590 902.762824
1060.878069 916.580999
1145.051917 927.366984
1234.040583 938.853722
1328.335647 951.070725
1428.185668 964.028621
1534.316067 977.697863
1647.328489 992.370293
1039.339111 235.799210
1127.768974 227.439888
1221.470032 218.691634
1321.146546 209.394752
1427.096794 199.477391
1540.207088 188.935565
1661.059789 177.622835
1035.546152 325.212428
1124.372686 319.558011
1218.515413 313.494730
1318.661878 307.132876
1425.244619 300.258822
1539.006956 293.028166
1660.587680 285.330531
1031.719906 415.836105
1120.935921 412.723875
1215.571536 409.516417
1316.195580 406.071204
1423.418031 402.491731
1537.774936 398.523273
1660.215775 394.494873
1027.843587 507.306837
1117.472933 506.918009
1212.560762 506.653388
1313.691470 506.341377
1421.484294 505.918671
1536.563946 505.571597
1659.778462 505.112835
1024.007988 599.875015
1114.028572 602.285939
1209.509456 604.965983
1311.214823 607.695575
1419.540748 610.701931
1535.358739 613.840901
1659.340890 617.323850
1020.045443 693.521170
1110.378149 698.836763
1206.439661 704.502248
1308.540388 710.414901
1417.569996 716.889746
1534.103667 723.759946
1658.881102 731.158418
1016.071258 788.211334
1106.818710 796.338287
1203.319362 805.088709
1306.061666 814.448875
1415.603955 824.388976
1532.869810 835.054109
1658.444269 846.543757
1069.200740 182.781031
1154.263588 173.455237
1244.151712 163.699804
1339.486081 153.388127
1440.511491 142.411974
1548.040441 130.754814
1662.479760 118.336590
1059.290968 260.934024
1145.546499 253.795997
1236.844702 246.144282
1333.705132 238.133184
1436.602569 229.504835
1546.072850 220.443814
1662.742666 210.816433
1048.974522 341.973956
1136.523685 336.961838
1229.279636 331.736629
1327.756759 326.131974
1432.494553 320.238931
1544.013011 313.824751
1663.195017 307.208293
1038.329868 425.845746
1127.195282 423.167330
1221.439807 420.513583
1321.549916 417.595672
1428.168638 414.481356
1541.922387 411.283114
1663.556422 407.708499
1027.344310 512.833357
1117.547118 512.747851
1213.177472 512.805687
1315.157054 512.709338
1423.701147 512.738836
1539.807814 512.701945
1663.989408 512.795127
1015.902694 603.002225
1107.333923 605.736883
1204.747529 608.726487
1308.319232 611.766974
1419.019112 615.195130
1537.456850 618.726444
1664.358002 622.592867
1004.032454 696.581976
1096.965343 702.278434
1195.869631 708.390122
1301.422746 714.938389
1414.125008 721.899947
1535.077195 729.389507
1664.828907 737.453661
1148.421429 257.678905
1239.264431 252.130064
1334.061663 246.373159
1433.330458 240.426621
1537.084150 234.163425
1646.084732 227.590026
1760.354582 220.676910
1140.731539 334.050181
1233.658189 330.143882
1330.804825 326.008598
1432.625853 321.776436
1539.276806 317.258345
1651.217516 312.609691
1768.824610 307.691118
1132.580825 414.406360
1227.789183 412.172650
1327.412331 409.935979
1431.918165 407.564936
1541.506138 405.131554
1656.667287 402.446856
1777.951885 399.821807
1124.112279 498.902279
1221.622054 498.580232
1323.832841 498.419726
1431.113165 498.142412
1543.787763 497.919648
1662.459472 497.744880
1787.477069 497.424035
1115.172606 587.920534
1215.151220 589.726264
1319.908851 591.877430
1430.324707 593.952686
1546.247817 596.263670
1668.735479 598.620922
1797.660714 601.202277
1105.741275 681.798716
1208.119050 686.099801
1315.947279 690.724882
1429.303069 695.454133
1548.839959 700.639842
1675.212361 706.002794
1808.576584 711.645799
1095.704601 780.969037
1200.846776 787.941147
1311.594706 795.328451
1428.492611 803.192218
1551.596280 811.495925
1682.065821 820.218690
1820.129916 829.497658
1151.677216 377.960919
1257.032684 375.609754
1366.007356 373.301814
1479.027222 370.904002
1596.075923 368.457754
1717.608256 365.842384
1843.712136 363.188809
1151.234010 479.550659
1256.426371 479.083744
1365.395199 478.543616
1478.259889 478.061537
1595.126804 477.505880
1716.526418 476.968017
1842.557950 476.514158
1150.753552 581.104317
1255.818506 582.355600
1364.730799 583.662392
1477.415602 584.998092
1594.239702 586.490897
1715.475148 587.843250
1841.490842 589.482473
1150.315433 682.360373
1255.334110 685.325951
1364.022333 688.499847
1476.618725 691.750249
1593.331201 695.097240
1714.373699 698.579677
1839.988862 702.160010
1149.926496 783.466618
1254.787926 788.180386
1363.334237 793.133231
1475.820015 798.243418
1592.382017 803.603851
1713.363375 809.077009
1838.756447 814.838321
1149.469409 884.386352
1254.210892 890.892495
1362.708973 897.628891
1474.969749 904.649976
1591.364137 911.943723
1712.225952 919.435262
1837.466400 927.218552
1149.043662 985.021526
1253.618209 993.241891
1361.966479 1001.816459
1474.224447 1010.772077
1590.347998 1019.724489
1711.029410 1029.303267
1836.472256 1039.604840
1079.445999 257.479510
1185.888793 250.303290
1297.969448 242.929641
1416.477187 235.029641
1541.495933 226.770724
1673.762000 217.934546
1814.061997 208.565972
1089.416194 358.460466
1192.989564 354.233241
1301.784968 349.733618
1416.548502 344.961451
1537.435394 339.879294
1665.224828 334.588905
1800.380406 329.004058
1098.961340 453.926964
1199.689629 452.064014
1305.475812 450.105226
1416.649145 448.024188
1533.787649 445.967209
1657.283744 443.644959
1787.737956 441.291944
1107.888798 543.914709
1205.985133 544.245020
1308.790649 544.683493
1416.837396 545.143314
1530.399402 545.498328
1649.846797 545.942361
1775.809813 546.382477
1116.456055 629.045931
1212.004576 631.390908
1312.081079 633.835943
1416.980167 636.361167
1527.197960 639.093357
1642.939277 641.924847
1764.732953 644.874753
1124.451295 709.796746
1217.644181 713.934451
1315.048328 718.164163
1417.067769 722.609410
1524.020486 727.363094
1636.371636 732.264357
1754.279571 737.445851
1132.116464 786.401464
1222.941165 791.998442
1317.857754 797.877641
1417.204598 804.126096
1521.123987 810.639358
1630.139690 817.381905
1744.515938 824.556205
1140.828630 88.121901
1249.454827 80.411377
1362.030213 72.530367
1479.101845 64.335633
1600.092692 55.795104
1726.210349 46.970566
1857.362258 37.069547
1141.559008 195.315492
1249.251206 189.709273
1360.839351 183.786986
1476.658086 177.734330
1596.637166 171.401829
1721.337096 164.873155
1850.668166 158.065598
1142.203218 300.901102
1249.007426 297.080849
1359.708046 293.181093
1474.364500 289.088539
1593.208554 285.005076
1716.635821 280.554097
1844.979066 276.140945
1142.865493 404.539359
1248.767908 402.570438
1358.431977 400.625602
1472.069083 398.603024
1589.819927 396.441387
1712.062817 394.239632
1838.860184 391.922160
1143.618239 506.471739
1248.604390 506.327959
1357.290611 506.180422
1469.854712 506.023825
1586.539459 505.960685
1707.620544 505.776272
1833.171601 505.612911
1144.232966 606.777495
1248.302017 608.378533
1356.094541 609.967356
1467.603884 611.697083
1583.179097 613.556583
1703.159343 615.358722
1827.556170 617.291919
1144.883195 705.359800
1248.068771 708.539697
1354.881375 711.893941
1465.513227 715.469990
1579.990962 719.142501
1698.726130 722.825767
1821.962645 726.826851
