504.938404 401.764703
584.557391 397.703815
669.406373 393.562504
760.223825 389.079420
857.348210 384.324517
961.777042 379.145533
1074.151116 373.567714
527.095572 496.819151
605.760528 495.961339
689.402875 495.076104
778.771267 494.129180
874.270391 492.951486
976.780621 491.834862
1086.874622 490.679448
548.458373 588.153076
626.060151 590.035912
708.594524 592.118177
796.522598 594.285434
890.503331 596.689174
991.072365 599.117923
1098.958201 601.876809
568.904688 675.689824
645.552735 680.210985
726.910390 685.078594
813.544218 690.314489
905.975824 695.722405
1004.739413 701.547675
1110.432067 707.817761
588.613281 759.874212
664.315953 766.830441
744.617564 774.208143
829.929259 782.008067
920.804300 790.356475
1017.787901 799.226683
1121.411417 808.768930
607.524916 840.930970
682.271079 850.090530
761.475149 859.789574
845.496312 870.012050
934.952061 880.957532
1030.236515 892.637484
1131.881301 905.128072
625.757972 918.884716
699.572044 930.012956
777.631052 941.825905
860.529936 954.375621
948.514854 967.709898
1042.120596 981.886513
1141.920135 997.086849
631.926793 159.803202
706.423580 149.539301
785.274956 138.778330
868.987938 127.405877
957.893789 115.229523
1052.760570 102.287455
1153.779777 88.533360
614.044023 239.336747
689.361565 231.318124
769.150291 222.795655
853.941721 213.770348
944.303777 204.090216
1040.621233 193.915396
1143.386313 183.011922
595.490568 321.913818
671.708848 316.112324
752.493493 310.052764
838.456424 303.573693
930.071689 296.714464
1027.884877 289.326420
1132.530782 281.576926
576.331103 407.393006
653.369780 404.065170
735.182228 400.692040
822.275159 397.037005
915.255025 393.095981
1014.692337 388.983361
1121.153527 384.473502
556.504338 496.180430
634.377643 495.539346
717.107450 495.036156
805.542961 494.299340
899.801634 493.628372
1000.896466 492.842079
1109.173309 492.178062
535.830990 588.316209
614.455548 590.573695
698.442106 593.126910
787.910623 595.697770
883.695861 598.619600
986.395602 601.584277
1096.672286 604.844128
514.360471 683.985870
593.998393 689.380381
678.981398 695.172010
769.744606 701.461197
866.847873 708.107733
971.339690 715.215003
1083.577005 722.918605
916.514502 307.111011
1026.936228 314.684070
1130.150064 321.749759
1226.994843 328.490978
1317.974336 334.841826
1403.708877 340.659001
1484.500436 346.309673
906.967407 427.170701
1015.858715 430.679951
1117.757952 434.086885
1213.435621 437.215452
1303.378442 440.204343
1388.217783 442.986750
1468.215609 445.623606
897.871031 543.093048
1005.097370 542.901633
1105.715107 542.681829
1200.220104 542.563018
1289.218706 542.450406
1373.195796 542.170406
1452.471044 542.121054
888.935654 655.127950
994.778735 651.345632
1093.990431 647.850508
1187.427865 644.602728
1275.442590 641.541273
1358.536340 638.561612
1437.143487 635.873491
880.392741 763.316110
984.719885 756.288250
1082.695417 749.718396
1174.917789 743.614007
1262.117081 737.717707
1344.323052 732.253147
1422.203377 726.964633
872.160636 868.082447
975.037405 858.011061
1071.705769 848.550142
1162.961545 839.652276
1249.131462 831.145638
1330.612788 823.188719
1407.783795 815.674503
864.132607 969.404381
965.479780 956.455363
1061.111246 944.208235
1151.284080 932.808957
1236.566203 921.883226
1317.209685 911.551487
1393.700582 901.888832
857.659415 86.748291
956.778500 100.048481
1050.196167 112.454536
1138.567863 124.354691
1222.133591 135.602638
1301.444313 146.204288
1376.694023 156.298264
868.137148 180.538457
969.081594 191.266577
1064.227416 201.404044
1153.946939 210.971487
1238.758788 220.082831
1319.007501 228.666857
1395.111456 236.717399
879.084419 278.570032
981.886420 286.554069
1078.666886 294.078202
1169.882681 301.255969
1255.913582 308.026223
1337.250397 314.266544
1414.383847 320.353409
890.587407 381.175373
995.400666 386.097431
1093.820275 390.788822
1186.412632 395.190586
1273.712067 399.433937
1356.210320 403.376842
1434.297182 407.153359
902.626095 488.567480
1009.367825 490.162107
1109.452048 491.813531
1203.574464 493.384122
1292.321096 494.712222
1375.944784 496.108020
1454.964997 497.356641
915.344443 601.170368
1024.044035 599.212237
1126.012066 597.487152
1221.647428 595.812773
1311.675106 594.196708
1396.551206 592.670624
1476.613030 591.301407
928.537917 719.337923
1039.327364 713.481313
1143.258345 707.884791
1240.534669 702.843425
1331.922008 697.926876
1417.898668 693.338698
1498.987264 689.093063
686.202616 68.503659
794.629113 71.856805
901.629307 75.110378
1007.366137 78.466968
1111.775468 81.682782
1214.979039 84.894486
1316.886763 88.115296
683.428391 167.249116
793.530094 170.034317
902.203589 172.720560
1009.647532 175.476610
1115.649250 178.147876
1220.333454 180.854914
1323.640572 183.503067
680.558101 269.211764
792.380198 271.330461
902.771697 273.443458
1011.915135 275.566154
1119.564076 277.666814
1225.771257 279.696865
1330.663773 281.815096
677.601209 374.404489
791.284729 375.820387
903.446256 377.304249
1014.218099 378.756059
1123.534168 380.225715
1231.378381 381.701466
1337.857866 383.132541
674.601869 483.092139
790.126081 483.776176
904.015968 484.602958
1016.589153 485.349490
1127.664923 486.096942
1237.174803 486.896784
1345.198946 487.671157
671.517623 595.357476
788.816742 595.368627
904.767942 595.427110
1019.077050 595.441767
1131.885425 595.497700
1243.210438 595.531013
1352.951246 595.616112
668.273242 711.472433
787.560193 710.629653
905.450827 709.842623
1021.699625 709.147209
1136.292961 708.427562
1249.291841 707.707925
1360.802810 707.040246
588.034123 378.128121
698.192662 376.734700
810.613986 375.396251
925.713018 373.963661
1043.310923 372.549443
1163.508181 371.090102
1286.270141 369.545243
597.061972 488.709208
705.405428 488.540122
815.967600 488.437872
928.971556 488.261537
1044.389977 487.978488
1162.389027 487.809830
1282.816757 487.635821
605.905770 595.566503
712.425747 596.452210
821.094241 597.362761
932.113024 598.319661
1045.542071 599.252239
1161.357546 600.209968
1279.577018 601.274331
614.395558 698.650057
719.230226 700.543231
826.015821 702.543530
935.158635 704.589684
1046.586646 706.574967
1160.292015 708.650023
1276.375018 710.795610
622.674342 798.310687
725.790213 801.161687
830.886005 804.118176
938.116625 807.081445
1047.601425 810.139831
1159.304472 813.311439
1273.253562 816.499253
630.640791 894.796750
732.102226 898.536136
835.495012 902.348484
940.959189 906.239585
1048.564105 910.240091
1158.392957 914.358286
1270.356743 918.559825
638.385861 988.073576
738.206231 992.613646
839.973995 997.217977
943.765291 1002.065234
1049.507883 1006.936602
1157.431635 1011.880873
1267.510352 1017.050110
295.645805 375.468207
427.583575 380.805387
550.893677 385.704030
666.508938 390.442217
775.122797 394.906226
877.360343 398.943467
973.813595 402.836663
297.620257 492.261600
426.297194 493.635794
546.699561 495.007536
659.748665 496.218421
766.092671 497.399318
866.390632 498.406410
961.029023 499.453701
299.722666 603.216397
425.053428 601.082401
542.684573 599.006510
653.323712 597.136069
757.520042 595.364391
855.887500 593.572353
948.837637 591.977744
301.542900 708.821865
423.995585 703.409373
538.837326 698.307418
647.123966 693.596158
749.271548 689.124488
845.757693 684.792847
937.105400 680.824956
303.412212 809.264972
422.841745 801.050782
535.263762 793.186189
641.170066 785.869880
741.434367 778.869804
836.064112 772.363881
925.799698 766.066562
305.153111 905.290504
421.894806 894.379989
531.754268 884.034441
635.639210 874.303419
733.830561 864.998581
826.856714 856.271064
915.077395 848.018160
306.840061 996.872280
420.775108 983.541357
528.469858 970.835895
630.205546 958.953826
726.589368 947.635727
817.884944 936.898838
904.677028 926.786793
305.778662 154.847507
427.302358 166.863179
541.437672 178.018502
649.025460 188.716611
750.544151 198.789607
846.536126 208.232200
937.412055 217.215002
305.014837 264.674227
427.461921 273.336859
542.417355 281.486374
650.674152 289.163558
752.803064 296.443449
849.305607 303.275077
940.629024 309.755191
304.312097 376.110687
427.544579 381.382722
543.318195 386.311997
652.332895 391.052247
755.061572 395.439131
852.105241 399.510611
943.953737 403.448735
303.486587 489.348459
427.742959 491.021837
544.278740 492.632288
653.963910 494.194841
757.332040 495.702639
854.920198 497.004119
947.267266 498.345872
302.749366 604.141722
427.859192 602.221312
545.179316 600.475481
655.563095 598.865632
759.627298 597.252861
857.764082 595.837253
950.563260 594.394152
302.041762 720.790125
428.012417 715.183352
546.185796 709.909021
657.357953 704.986052
761.975291 700.262843
860.723546 695.879090
954.026310 691.711804
301.326286 839.166114
428.153817 829.776002
547.272166 820.766249
659.070600 812.512317
764.430398 804.604868
863.613561 797.200486
957.420389 790.245566
312.272450 93.869457
426.924083 106.962757
534.964428 119.157247
637.182046 130.908594
733.891906 141.981664
825.643419 152.408765
912.700582 162.347064
310.794280 187.473188
427.872482 197.995622
538.192792 207.939516
642.312516 217.339135
740.783166 226.258726
834.029079 234.687498
922.440315 242.669620
309.185191 285.226116
428.808078 293.069579
541.400462 300.423507
647.699648 307.409537
747.930017 314.004718
842.771938 320.132167
932.677724 326.073026
307.420680 387.590706
429.900643 392.377303
544.882900 396.885104
653.190790 401.154640
755.332718 405.271167
851.862775 409.075008
943.301494 412.714171
305.657560 494.751880
430.902569 496.251956
548.341363 497.729909
658.891003 499.123413
763.052935 500.378245
861.309159 501.631511
954.192253 502.756427
303.909659 607.090785
431.979531 605.004822
552.180508 603.135668
664.978106 601.352032
771.116233 599.580199
871.258592 597.992743
965.718334 596.467010
301.964829 724.969727
433.112717 718.975015
556.123842 713.227950
671.317697 708.058597
779.553696 703.079427
881.413760 698.411126
977.553073 694.025180
90.990314 24.078037
229.250042 33.847471
360.703099 41.654422
489.284243 50.311105
613.298283 58.192172
733.557144 65.889798
849.825936 73.197211
97.579718 153.199241
233.073419 159.745559
364.027586 166.135659
490.816975 172.250646
613.671286 178.169105
732.734427 183.910768
848.084171 189.540576
103.597405 279.193745
237.412974 283.620274
367.009512 287.902586
492.609553 292.068161
614.268532 296.100322
732.171556 299.913602
846.466717 303.711291
109.145762 402.671715
241.785051 405.013452
369.984961 407.308078
494.291206 409.540545
614.786950 411.732341
731.544431 413.770993
844.864111 415.851426
114.795145 523.581625
245.937455 524.041654
372.937701 524.465909
495.933171 524.869227
615.325773 525.194220
730.969989 525.622672
843.210734 525.936552
120.368601 642.260492
250.089955 640.804331
375.810538 639.419688
497.643732 638.054992
615.845725 636.630357
730.489094 635.324736
841.701238 634.081217
125.854213 758.536511
254.175646 755.240149
378.678082 752.007188
499.300606 749.026262
616.377233 745.949811
729.930113 743.025850
840.140081 740.308504
135.922221 207.891106
284.024220 216.851208
424.123988 225.285657
557.154926 233.355372
683.389987 241.070198
803.351793 248.233149
917.593012 255.108187
150.840187 337.082573
293.283412 342.337440
428.273435 347.413981
556.473155 352.066903
678.426296 356.545072
794.602942 360.745867
905.307998 364.804250
164.996015 457.066503
301.873662 459.101848
432.021732 460.965774
555.858232 462.771512
673.858612 464.502934
786.430310 466.052675
893.834820 467.556799
177.975819 568.684131
309.989816 567.853162
435.453482 567.041527
555.279108 566.321350
669.567482 565.608399
778.680691 564.795428
883.060020 564.198235
190.149230 672.601214
317.483606 669.437913
438.883230 666.231997
554.636004 663.297481
665.557070 660.411585
771.379485 657.733245
872.851668 655.093266
201.614267 769.954862
324.592905 764.582701
441.902167 759.403308
554.215321 754.475395
661.685661 749.654177
764.668395 745.169353
863.343329 740.877583
212.409189 861.075644
331.138245 853.802650
444.875148 846.806905
553.731410 840.228691
658.134315 833.789205
758.167396 827.629087
854.282271 821.830362
116.636927 278.255299
241.137664 280.509748
363.660219 282.671863
484.623417 284.965895
603.928066 287.121661
721.666240 289.241954
837.704614 291.374779
110.172358 394.918498
235.763746 396.326822
359.386658 397.774270
481.347887 399.247103
601.704847 400.622966
720.338025 402.001859
837.248567 403.367877
103.719811 513.561314
230.258043 514.160039
354.991353 514.804644
478.098820 515.434067
599.377690 515.992411
718.918876 516.492109
836.810428 517.121066
97.042685 634.228974
224.896360 633.924421
350.677018 633.660617
474.705267 633.436335
596.971561 633.162451
717.499864 632.890745
836.376031 632.714053
90.326125 756.844600
219.241328 755.654303
346.116278 754.586507
471.223285 753.447940
594.527430 752.270381
716.077278 751.211112
835.808422 750.186938
83.644983 881.677298
213.587352 879.504260
341.585073 877.529828
467.719879 875.517015
592.105976 873.455361
714.682303 871.481201
835.431398 869.556068
76.577713 1008.557105
207.793580 1005.385263
337.028305 1002.380764
464.250924 999.592652
589.592833 996.608360
713.196855 993.711540
834.943200 990.907445
242.091211 168.897875
363.591434 177.559466
479.550860 185.673366
590.484402 193.657459
696.689277 201.194885
798.562641 208.416172
896.231520 215.329342
232.469839 262.410857
357.893559 269.057728
477.586502 275.439222
591.868558 281.552723
701.205512 287.437952
805.792473 292.993884
905.963434 298.305112
222.094832 362.025816
351.813307 366.537313
475.367070 370.812181
593.378329 374.934733
705.887921 378.853060
813.437863 382.508857
916.389629 386.142628
210.986566 468.609755
345.466773 470.534857
473.209243 472.404835
594.839768 474.145537
710.811648 475.943291
821.528895 477.539581
927.383835 479.151824
199.166153 582.710596
338.455382 581.678582
470.600601 580.882158
596.413552 580.054422
716.109775 579.214480
830.136954 578.512767
938.927946 577.824952
186.555505 705.130834
330.973871 700.815171
468.158928 696.887586
598.142335 693.071535
721.787105 689.409282
839.346347 686.028818
951.398882 682.758526
172.837277 836.865452
323.047772 828.835319
465.419981 821.130500
600.030493 813.951237
727.788544 807.054214
849.086426 800.606238
964.497642 794.473466
997.001354 412.045598
1089.974439 408.420473
1188.846023 404.786276
1294.528031 400.744187
1407.327551 396.553970
1528.243612 391.922985
1658.097184 386.948395
1008.684674 504.519280
1100.126020 503.941723
1197.179826 503.350944
1300.740616 502.659262
1411.135531 501.876586
1529.348622 501.096713
1656.067148 500.301683
1019.945215 593.567968
1109.825365 595.562079
1205.227437 597.728000
1306.661739 600.039360
1414.902424 602.579593
1530.441915 605.145782
1654.233118 608.055758
1030.757075 678.941122
1119.145691 683.421925
1212.851575 688.279339
1312.457243 693.411576
1418.478715 698.763938
1531.495360 704.620236
1652.345223 710.801819
1041.226698 761.141804
1128.186448 767.956386
1220.274202 775.190013
1317.995692 782.775025
1421.878027 790.956173
1532.534255 799.643265
1650.605979 808.945489
1051.219260 840.315360
1136.762879 849.257122
1227.298217 858.684075
1323.222841 868.642543
1425.094346 879.306501
1533.441063 890.627078
1648.882352 902.706622
1060.900260 916.571688
1145.073049 927.347218
1234.049420 938.830145
1328.329455 951.039154
1428.153504 963.972000
1534.270348 977.638055
1647.270571 992.310649
1039.331968 235.822675
1127.756160 227.461630
1221.450316 218.715838
1321.115785 209.422702
1427.048477 199.513482
1540.138711 188.978482
1660.959819 177.674854
1035.545631 325.232071
1124.363252 319.577986
1218.497056 313.518466
1318.632009 307.155655
1425.195016 300.284962
1538.940704 293.056371
1660.496153 285.362680
1031.725748 415.852796
1120.930374 412.740870
1215.556718 409.535247
1316.168722 406.088775
1423.369816 402.507906
1537.709038 398.538224
1660.129258 394.510332
1027.853160 507.318570
1117.471146 506.929002
1212.548578 506.664930
1313.666396 506.351244
1421.438676 505.924698
1536.500616 505.572853
1659.693114 505.110322
1024.020785 599.882677
1114.028464 602.291220
1209.499500 604.970645
1311.191700 607.697498
1419.497683 610.698045
1535.296182 613.827454
1659.256452 617.303946
1020.061716 693.523208
1110.380518 698.836049
1206.433231 704.499694
1308.520022 710.407604
1417.529392 716.873264
1534.043415 723.729996
1658.797973 731.118951
1016.088538 788.206526
1106.826910 796.324936
1203.316971 805.073368
1306.044826 814.428068
1415.566290 824.355872
1532.814702 835.012999
1658.369836 846.499080
1069.196205 182.802208
1154.254914 173.477478
1244.134816 163.725141
1339.457484 153.417552
1440.462706 142.456890
1547.966253 130.810659
1662.365478 118.405287
1059.282418 260.955402
1145.533079 253.817587
1236.823420 246.167779
1333.672896 238.159979
1436.553137 229.537348
1546.005032 220.481265
1662.645520 210.860486
1048.973815 341.992263
1136.514545 336.981596
1229.261288 331.759914
1327.725975 326.155352
1432.442098 320.262534
1543.945209 313.849839
1663.102946 307.237046
1038.335399 425.861505
1127.189326 423.183284
1221.424490 420.532020
1321.522164 417.613080
1428.120380 414.496581
1541.857917 411.295910
1663.468062 407.721239
1027.353997 512.845235
1117.544710 512.758655
1213.165731 512.817189
1315.132377 512.719135
1423.654920 512.744566
1539.745430 512.701455
1663.903340 512.791532
1015.916656 603.009382
1107.334576 605.742407
1204.738689 608.731299
1308.296879 611.768838
1418.975947 615.189607
1537.394588 618.711977
1664.272766 622.571535
1004.049574 696.585209
1096.969373 702.277469
1195.864149 708.387213
1301.403719 714.931840
1414.085311 721.882932
1535.018452 729.360121
1664.747016 737.413931
1148.408123 257.700318
1239.242856 252.153631
1334.029995 246.399035
1433.280979 240.458405
1537.019491 234.197628
1645.993759 227.629585
1760.222611 220.724912
1140.722200 334.070743
1233.639318 330.167366
1330.774156 326.032718
1432.573019 321.800639
1539.211084 317.283310
1651.130116 312.637672
1768.704697 307.718641
1132.574807 414.423598
1227.773234 412.191267
1327.383921 409.953837
1431.867832 407.581447
1541.441565 405.145838
1656.580311 402.461157
1777.833945 399.830362
1124.108851 498.913950
1221.608790 498.592600
1323.805985 498.430353
1431.064760 498.148328
1543.723732 497.921106
1662.373995 497.742991
1787.360083 497.414205
1115.172088 587.926950
1215.140579 589.732126
1319.884778 591.880272
1430.279073 593.948627
1546.183835 596.251579
1668.649518 598.603162
1797.542922 601.172138
1105.744481 681.799633
1208.111622 686.098906
1315.925351 690.719266
1429.258959 695.439398
1548.776360 700.612882
1675.126469 705.966901
1808.458213 711.591769
1095.712500 780.959448
1200.842808 787.927845
1311.575371 795.310027
1428.452652 803.161819
1551.537902 811.457400
1681.985656 820.175134
1820.040820 829.454699
1151.668454 377.979322
1257.011739 375.629600
1365.970188 373.322037
1478.968517 370.923320
1596.001321 368.478048
1717.506399 365.862349
1843.566534 363.198236
1151.227971 479.562848
1256.407995 479.097185
1365.361062 478.554248
1478.203414 478.067827
1595.053971 477.508916
1716.427912 476.968427
1842.420712 476.500420
1150.750666 581.111061
1255.802967 582.361321
1364.698935 583.664558
1477.360531 584.991811
1594.169424 586.478200
1715.378511 587.824940
1841.360079 589.447166
1150.314984 682.360530
1255.321314 685.323636
1363.991668 688.491652
1476.565378 691.730864
1593.260938 695.067910
1714.278952 698.543403
1839.862007 702.100880
1149.928627 783.455045
1254.777191 788.166186
1363.305137 793.111225
1475.771686 798.210340
1592.316411 803.564697
1713.279413 809.033384
1838.659655 814.787627
1149.486109 884.365349
1254.212557 890.867074
1362.690471 897.592595
1474.928019 904.599106
1591.303964 911.888556
1712.154412 919.381563
1837.420266 927.183454
1149.072454 984.998098
1253.634536 993.217472
1361.958196 1001.766728
1474.191380 1010.707256
1590.299922 1019.662404
1710.976702 1029.247105
1836.445455 1039.563756
1079.435792 257.500438
1185.872802 250.325090
1297.941814 242.955248
1416.430177 235.061229
1541.429443 226.807349
1673.662925 217.978914
1813.882851 208.625244
1089.411698 358.479263
1192.976420 354.254009
1301.757795 349.755786
1416.500186 344.983880
1537.369178 339.901831
1665.133928 334.613640
1800.247313 329.025442
1098.959525 453.941111
1199.678055 452.079155
1305.450860 450.120079
1416.603207 448.037390
1533.723941 445.975757
1657.195957 443.651774
1787.618322 441.291697
1107.887978 543.924010
1205.974781 544.253890
1308.767084 544.690885
1416.792980 545.145576
1530.336927 545.494204
1649.763265 545.933925
1775.697801 546.364662
1116.456474 629.049770
1211.995941 631.393464
1312.059096 633.835324
1416.937868 636.353628
1527.137111 639.077142
1642.860396 641.900940
1764.624122 644.840266
1124.453390 709.795398
1217.637375 713.931072
1315.027735 718.156317
1417.025508 722.592409
1523.961333 727.333698
1636.294503 732.226140
1754.174571 737.397181
1132.119702 786.389048
1222.934584 791.984304
1317.837563 797.858929
1417.165223 804.096887
1521.069903 810.603021
1630.069830 817.342151
1744.429623 824.515536
1140.831952 88.136452
1249.462533 80.428433
1362.027670 72.567317
1479.041708 64.431242
1599.974129 55.917879
1725.971825 47.159803
1856.974650 37.258314
1141.548637 195.337023
1249.232521 189.733448
1360.803628 183.819451
1476.601100 177.776720
1596.553974 171.452281
1721.210107 164.934945
1850.416965 158.157291
1142.192133 300.921669
1248.986415 297.104234
1359.671487 293.206790
1474.306460 289.115435
1593.133265 285.035746
1716.529012 280.587154
1844.807420 276.177032
1142.858046 404.557022
1248.750148 402.590260
1358.397880 400.643802
1472.012618 398.618649
1589.748012 396.457164
1711.962840 394.252894
1838.725555 391.926100
1143.612778 506.482180
1248.588622 506.339493
1357.257168 506.189983
1469.799438 506.027077
1586.468538 505.960344
1707.522763 505.772045
1833.043861 505.597545
1144.229559 606.782437
1248.288045 608.382473
1356.065086 609.966907
1467.550706 611.688246
1583.110199 613.539919
1703.065202 615.335934
1827.429615 617.253147
1144.882396 705.358621
1248.057174 708.535668
1354.852738 711.884563
1465.463133 715.448569
1579.923595 719.110499
1698.634542 722.784923
1821.839822 726.766007
