504.912469 401.800709
584.532053 397.738638
669.391914 393.596022
760.223307 389.112814
857.363778 384.358653
961.799741 379.182947
1074.169574 373.609160
527.072475 496.849484
605.742654 495.990503
689.396146 495.103744
778.778020 494.156414
874.290802 492.977617
976.807812 491.864321
1086.904646 490.706254
548.439376 588.176079
626.049215 590.058080
708.594576 592.138842
796.535684 594.305250
890.529640 596.707068
991.106083 599.137561
1099.001967 601.888516
568.893125 675.706452
645.549213 680.226267
726.917235 685.091624
813.563228 690.323994
906.005497 695.730128
1004.779380 701.554913
1110.487886 707.813259
588.607581 759.883893
664.319869 766.837555
744.630588 774.210234
829.953871 782.003591
920.839922 790.349218
1017.836590 799.213966
1121.476803 808.740528
607.530553 840.924285
682.285362 850.078754
761.495614 859.771487
845.527984 869.982910
934.990207 880.912857
1030.289101 892.580278
1131.948309 905.064128
625.776988 918.853246
699.599168 929.973104
777.664374 941.774209
860.570482 954.312510
948.557435 967.624779
1042.175513 981.787670
1141.988060 996.984813
631.903075 159.823969
706.408229 149.561842
785.271348 138.805339
868.991149 127.445320
957.902820 115.272696
1052.767940 102.353407
1153.780499 88.616343
614.023945 239.360468
689.351691 231.342672
769.152647 222.823182
853.959413 213.803050
944.329379 204.123994
1040.628430 193.967498
1143.390514 183.068726
595.463739 321.948373
671.692859 316.144399
752.490245 310.085660
838.469460 303.609242
930.098384 296.750363
1027.903207 289.371016
1132.544935 281.621978
576.305124 407.427003
653.353004 404.097487
735.177899 400.724688
822.284988 397.069711
915.276351 393.129506
1014.713006 389.021056
1121.172998 384.512849
556.480924 496.211556
634.362034 495.568140
717.104823 495.063505
805.553663 494.327067
899.825235 493.655178
1000.924704 492.871224
1109.204403 492.205192
535.812271 588.340667
614.442740 590.596452
698.441287 593.148047
787.922396 595.717762
883.721416 598.637075
986.429072 601.603731
1096.715935 604.856199
514.346853 684.001461
593.990164 689.395707
678.983240 695.184954
769.758228 701.471258
866.873760 708.113925
971.377088 715.221274
1083.630780 722.914802
916.538254 307.147410
1026.954955 314.728141
1130.167370 321.793423
1227.013898 328.528896
1318.000821 334.874795
1403.745548 340.688384
1484.547480 346.333355
906.988466 427.202392
1015.880997 430.714723
1117.782093 434.120813
1213.463223 437.244306
1303.413583 440.228301
1388.262959 443.008224
1468.275383 445.643099
897.896200 543.116066
1005.128869 542.926334
1105.752373 542.701523
1200.260436 542.578776
1289.264922 542.463472
1373.252637 542.182190
1452.539768 542.134916
888.962677 655.140116
994.815036 651.360016
1094.039142 647.855802
1187.479900 644.605656
1275.500862 641.542416
1358.602899 638.564046
1437.220921 635.880158
880.422619 763.314766
984.761390 756.287835
1082.752527 749.709785
1174.980291 743.602253
1262.186164 737.706126
1344.399250 732.244210
1422.290964 726.960616
872.194217 868.052145
975.078462 857.976105
1071.764861 848.513339
1163.032013 839.612941
1249.209376 831.110499
1330.697822 823.157414
1407.882100 815.652105
864.175774 969.336829
965.524399 956.371500
1061.170606 944.125836
1151.353175 932.735622
1236.641198 921.814418
1317.291120 911.491002
1393.796369 901.842887
857.657536 86.805625
956.784356 100.099709
1050.204666 112.516980
1138.575161 124.425371
1222.140916 135.667842
1301.449119 146.260738
1376.706735 156.340251
868.152745 180.570262
969.101053 191.304759
1064.231673 201.456792
1153.951373 211.020753
1238.767922 220.127101
1319.021429 228.707017
1395.137398 236.752402
879.105487 278.605787
981.911699 286.594261
1078.681339 294.124583
1169.899323 301.300092
1255.933034 308.063935
1337.277488 314.300289
1414.421067 320.383802
890.606831 381.209509
995.421804 386.134010
1093.839176 390.828923
1186.434795 395.226718
1273.739088 399.462830
1356.247262 403.401871
1434.347405 407.177257
902.649628 488.595022
1009.396004 490.191939
1109.483822 491.840479
1203.609831 493.406418
1292.361662 494.730782
1375.995161 496.125187
1455.028672 497.373076
915.372590 601.188224
1024.081150 599.229565
1126.057662 597.499037
1221.696375 595.821513
1311.730233 594.203917
1396.616988 592.678817
1476.690806 591.311114
928.570831 719.342918
1039.374510 713.482865
1143.317061 707.879477
1240.597750 702.836873
1331.992739 697.921682
1417.979971 693.338697
1499.081497 689.097640
686.177523 68.560722
794.615275 71.918142
901.629511 75.174338
1007.366116 78.534818
1111.774936 81.765399
1214.971446 84.980358
1316.862582 88.204140
683.412482 167.271707
793.532255 170.061850
902.223167 172.752237
1009.659339 175.521773
1115.652265 178.206992
1220.337800 180.907926
1323.648854 183.548366
680.545019 269.238956
792.386151 271.362103
902.797130 273.479637
1011.936183 275.610426
1119.577574 277.713732
1225.786966 279.737700
1330.687677 281.851412
677.586646 374.437798
791.288820 375.854607
903.466613 377.338719
1014.238093 378.795708
1123.552610 380.266045
1231.400454 381.735082
1337.889400 383.160833
674.591790 483.121436
790.133496 483.803915
904.038713 484.631029
1016.617520 485.379123
1127.696217 486.123513
1237.210890 486.918066
1345.244807 487.689424
671.513170 595.379643
788.827439 595.388296
904.795164 595.444987
1019.113466 595.459610
1131.930419 595.509719
1243.260259 595.539658
1353.011870 595.622491
668.273082 711.484040
787.576519 710.637595
905.480695 709.848457
1021.743917 709.152237
1136.351126 708.421702
1249.355917 707.700632
1360.878581 707.034914
588.007527 378.163945
698.181268 376.768416
810.621883 375.430472
925.734881 373.999548
1043.330182 372.590476
1163.527151 371.129663
1286.295357 369.576830
597.042251 488.739502
705.400145 488.568493
815.980035 488.465827
928.996849 488.289625
1044.418269 488.007899
1162.421044 487.835851
1282.855369 487.655213
605.893487 595.589382
712.426661 596.472904
821.110523 597.381365
932.142070 598.338189
1045.581396 599.268306
1161.403406 600.220192
1279.630409 601.281074
614.389953 698.663178
719.237519 700.555449
826.037099 702.552064
935.191354 704.597064
1046.634258 706.577690
1160.351158 708.644291
1276.442163 710.788482
622.675479 798.311656
725.802679 801.159831
830.911943 804.110106
938.154334 807.069122
1047.655400 810.120709
1159.372486 813.281016
1273.331715 816.467543
630.658029 894.773226
732.126189 898.506381
835.529196 902.306406
941.000343 906.183291
1048.621257 910.174084
1158.462338 914.291718
1270.435331 918.493215
638.431767 988.021798
738.252626 992.554262
840.020325 997.145785
943.816236 1001.969204
1049.565103 1006.824289
1157.500734 1011.772827
1267.591359 1016.942122
295.611109 375.506593
427.559106 380.841857
550.867284 385.740672
666.492370 390.475352
775.124735 394.939219
877.379019 398.976862
973.835304 402.872861
297.590919 492.294382
426.276226 493.667031
546.677917 495.037794
659.737871 496.247700
766.097523 497.426319
866.411244 498.432792
961.056379 499.482078
299.697561 603.242886
425.035415 601.106890
542.667226 599.029761
653.316728 597.157918
757.527109 595.384443
855.909382 593.590761
948.868266 591.997284
301.521767 708.839461
423.980290 703.425617
538.824842 698.321887
647.121047 693.610551
749.281810 689.137004
845.780970 684.801638
937.137996 680.833998
303.395278 809.271725
422.830830 801.056866
535.258271 793.191553
641.171621 785.873271
741.447517 778.871553
836.089578 772.362257
925.835610 766.064630
305.151720 905.281916
421.894808 894.373581
531.761435 884.026597
635.652427 874.287203
733.850895 864.980570
826.884726 856.247524
915.112466 847.993351
306.867668 996.841488
420.797912 983.513285
528.497482 970.807598
630.240692 958.910202
726.623207 947.589364
817.921104 936.845060
904.718149 926.727958
305.748822 154.876407
427.285459 166.892407
541.428913 178.047517
649.008463 188.739750
750.542176 198.817279
846.551981 208.263829
937.438302 217.249570
304.979646 264.708110
427.438781 273.370368
542.396907 281.519514
650.655699 289.192150
752.800750 296.475461
849.321556 303.310482
940.655132 309.792872
304.278474 376.148031
427.519522 381.418854
543.291843 386.348473
652.314940 391.085342
755.059656 395.471837
852.120828 399.543065
943.976662 403.482925
303.456870 489.381512
427.722134 491.053111
544.256947 492.663138
653.952887 494.223727
757.334916 495.730347
854.939145 497.030198
947.294295 498.373731
302.724621 604.168096
427.842503 602.244715
545.162456 600.498821
655.557099 598.887146
759.634685 597.272597
857.786229 595.855009
950.594092 594.412671
302.022147 720.806213
427.998262 715.198154
546.174697 709.923130
657.357029 704.998898
761.988308 700.272965
860.749306 695.886531
954.060841 691.719839
301.312921 839.167864
428.145485 829.778124
547.271302 820.767481
659.077522 812.509009
764.448037 804.599903
863.642717 797.192860
957.459986 790.237536
312.244729 93.893238
426.909327 106.987339
534.959982 119.181493
637.164481 130.929452
733.881171 142.004852
825.648245 152.438029
912.718673 162.377320
310.763149 187.502525
427.853786 198.025363
538.181201 207.968056
642.295309 217.361976
740.781375 226.284614
834.044338 234.719687
922.467379 242.704077
309.150131 285.262107
428.784688 293.105038
541.377935 300.458479
647.679630 307.440418
747.925416 314.037411
842.785590 320.168591
932.701599 326.110597
307.387555 387.628116
429.876033 392.413359
544.855772 396.921637
653.173242 401.186998
755.332053 405.304079
851.877478 409.107240
943.324646 412.748197
305.628679 494.784577
430.882285 496.282869
548.318781 497.760508
658.879231 499.151331
763.057101 500.405380
861.328579 501.657491
954.219326 502.783492
303.885893 607.116543
431.962128 605.028932
552.164384 603.157081
664.973343 601.372652
771.126200 599.600031
871.282948 598.010394
965.749521 596.486303
301.946198 724.985084
433.097668 718.990318
556.113014 713.240562
671.318744 708.070129
779.568856 703.089533
881.441172 698.418032
977.589581 694.034186
90.999611 24.203231
229.215338 33.891876
360.681930 41.695710
489.273262 50.381346
613.277996 58.260059
733.538698 65.951812
849.822774 73.260889
97.536583 153.258701
233.035496 159.781635
364.002748 166.165797
490.805700 172.280381
613.657075 178.193855
732.727399 183.936569
848.097044 189.572171
103.539771 279.239862
237.370002 283.658517
366.980455 287.938672
492.589300 292.104936
614.247166 296.132021
732.166617 299.945432
846.481850 303.746100
109.091979 402.711455
241.746494 405.051721
369.958154 407.344478
494.268247 409.576677
614.766128 411.765852
731.540465 413.803276
844.878441 415.883046
114.747374 523.614753
245.905656 524.072879
372.914644 524.496360
495.913510 524.898769
615.310491 525.222410
730.970604 525.648463
843.227443 525.960596
120.325146 642.284488
250.062590 640.826701
375.791883 639.442395
497.628116 638.075597
615.836595 636.649557
730.494400 635.343038
841.721663 634.096346
125.815452 758.552803
254.153696 755.253487
378.662793 752.019203
499.290128 749.037255
616.374478 745.958922
729.939902 743.033486
840.164525 740.310901
135.873937 207.938689
283.988850 216.883061
424.103926 225.317894
557.138960 233.384328
683.377916 241.095806
803.360010 248.264693
917.619130 255.144134
150.788583 337.123637
293.248134 342.375667
428.248323 347.450783
556.446231 352.104445
678.411305 356.578896
794.607221 360.780415
905.328823 364.839598
164.951412 457.101688
301.842417 459.136198
432.000385 460.997553
555.834537 462.804226
673.847422 464.533020
786.436967 466.082174
893.857581 467.584168
177.937523 568.713404
309.964053 567.881573
435.435047 567.067798
555.261288 566.346984
669.561645 565.632137
778.690356 564.818135
883.084563 564.218906
190.117598 672.622374
317.463185 669.458335
438.867507 666.251358
554.623612 663.314863
665.555389 660.428111
771.392641 657.747914
872.877527 655.105151
201.586985 769.969057
324.575999 764.594859
441.889213 759.414465
554.207528 754.484777
661.687235 749.662557
764.683228 745.175272
863.370709 740.879824
212.390516 861.077433
331.126486 853.802158
444.868876 846.807286
553.732781 840.226455
658.143629 833.781885
758.185995 827.619643
854.312271 821.816592
116.580302 278.300763
241.093907 280.547458
363.631613 282.706938
484.602837 285.000629
603.906607 287.152058
721.659260 289.272360
837.719719 291.408789
110.119669 394.958216
235.725370 396.365038
359.358784 397.810832
481.323532 399.283803
601.681797 400.656496
720.331400 402.034750
837.261030 403.400583
103.669876 513.595212
230.224350 514.192247
354.966820 514.835251
478.078209 515.463725
599.360196 516.020701
718.917480 516.519218
836.827060 517.146085
96.993876 634.256816
224.867371 633.948807
350.656956 633.683956
474.688947 633.457113
596.959434 633.182312
717.503490 632.908765
836.396436 632.729201
90.284117 756.864336
219.215804 755.669054
346.099460 754.598712
471.211347 753.458747
594.523379 752.279249
716.086721 751.217748
835.833312 750.188809
83.630105 881.681286
213.573648 879.502463
341.579167 877.526161
467.720798 875.512519
592.116928 873.441897
714.702206 871.461301
835.462360 869.526913
76.613927 1008.534800
207.821024 1005.361134
337.053179 1002.348819
464.277218 999.565233
589.635180 996.566549
713.244874 993.652903
834.988983 990.838212
242.053615 168.930862
363.567366 177.589043
479.538821 185.702656
590.470403 193.682714
696.679491 201.219322
798.569618 208.445294
896.255296 215.362453
232.425309 262.447889
357.863427 269.092210
477.567408 275.473155
591.847466 281.583151
701.194898 287.467203
805.799427 293.026910
905.986721 298.340742
222.053325 362.064486
351.783710 366.574869
475.342989 370.850026
593.352762 374.970719
705.877191 378.886613
813.445632 382.542436
916.410137 386.176497
210.947814 468.644208
345.439315 470.570052
473.188296 472.437523
594.819781 474.176155
710.807298 475.972232
821.541564 477.567293
927.408526 479.180170
199.130349 582.739177
338.431529 581.705633
470.582575 580.907027
596.399526 580.078049
716.110951 579.235867
830.154356 578.533081
938.957117 577.845680
186.523264 705.151153
330.954877 700.833684
468.145238 696.904131
598.135863 693.086416
721.794626 689.422408
839.368981 686.038358
951.432624 682.768233
172.813406 836.872623
323.034341 828.838237
465.413879 821.133627
600.032042 813.951088
727.802240 807.050569
849.113810 800.597264
964.537435 794.463333
997.023224 412.082085
1089.995236 408.458542
1188.869521 404.820207
1294.557845 400.772707
1407.371495 396.578741
1528.304541 391.940094
1658.190258 386.955926
1008.713742 504.548061
1100.158590 503.965756
1197.216450 503.373853
1300.784140 502.677007
1411.193039 501.893367
1529.425294 501.110002
1656.176530 500.309379
1019.981192 593.587064
1109.869334 595.573935
1205.275398 597.737053
1306.716660 600.045565
1414.972568 602.586905
1530.533667 605.153770
1654.357520 608.062367
1030.799560 678.949589
1119.199439 683.420281
1212.910802 688.275166
1312.524331 693.406303
1418.561668 698.762383
1531.602084 704.623711
1652.484358 710.805622
1041.278862 761.137581
1128.251566 767.939518
1220.345840 775.169818
1318.076567 782.753427
1421.973300 790.940797
1532.653551 799.631638
1650.754059 808.935331
1051.273295 840.284819
1136.829803 849.216306
1227.370920 858.639129
1323.305488 868.597943
1425.197997 879.269360
1533.570621 890.587330
1649.035224 902.664544
1060.964412 916.503272
1145.142141 927.272501
1234.125804 938.754763
1328.417526 950.962370
1428.270179 963.907883
1534.412022 977.572790
1647.439749 992.244633
1039.341534 235.872146
1127.762852 227.511391
1221.457543 218.762217
1321.126680 209.463805
1427.070633 199.541237
1540.182123 188.991401
1661.038791 177.675596
1035.563505 325.277125
1124.379390 319.623183
1218.514768 313.558018
1318.657737 307.191730
1425.232634 300.314074
1538.993346 293.075542
1660.578735 285.373367
1031.748448 415.889402
1120.952196 412.777624
1215.581072 409.566392
1316.201332 406.116199
1423.417193 402.532257
1537.773584 398.553920
1660.224208 394.517456
1027.883607 507.346794
1117.503593 506.953654
1212.586094 506.685484
1313.711183 506.368802
1421.497731 505.941146
1536.580047 505.584472
1659.804548 505.117559
1024.058209 599.901735
1114.072965 602.302545
1209.549221 604.978272
1311.249969 607.702150
1419.569639 610.705057
1535.390977 613.835948
1659.383950 617.309978
1020.104326 693.531202
1110.435082 698.832255
1206.494223 704.493872
1308.590877 710.401026
1417.613876 716.870128
1534.151629 723.732375
1658.941583 731.121727
1016.136968 788.198172
1106.890734 796.302777
1203.388696 805.045586
1306.127480 814.397591
1415.666451 824.331733
1532.940641 834.991357
1658.521231 846.477045
1069.198684 182.860237
1154.258567 173.537054
1244.138313 163.781020
1339.464663 153.467679
1440.481155 142.476796
1548.007743 130.810146
1662.445910 118.384590
1059.294802 261.003917
1145.544646 253.862582
1236.836327 246.210665
1333.691395 238.199576
1436.582263 229.565665
1546.051582 220.500482
1662.723696 210.872849
1048.990256 342.037228
1136.530814 337.025678
1229.280065 331.797762
1327.753748 326.189320
1432.482798 320.290070
1544.000933 313.868334
1663.188620 307.246838
1038.358540 425.896865
1127.212860 423.219231
1221.450827 420.562177
1321.556500 417.639232
1428.169069 414.519492
1541.924352 411.311173
1663.566494 407.729443
1027.385050 512.872756
1117.578068 512.782163
1213.203250 512.836598
1315.177919 512.735567
1423.715243 512.760027
1539.825774 512.713329
1664.016987 512.799006
1015.953415 603.028240
1107.379651 605.752477
1204.787393 608.739092
1308.354800 611.773931
1419.048922 615.196590
1537.489587 618.719578
1664.401843 622.577490
1004.089780 696.593735
1097.023214 702.275206
1195.924723 708.381363
1301.473499 714.924032
1414.171283 721.879148
1535.127980 729.361138
1664.891605 737.415914
1148.420727 257.744061
1239.257081 252.194791
1334.049658 246.438318
1433.312024 240.487243
1537.066071 234.219540
1646.067314 227.646854
1760.341098 220.745687
1140.738672 334.114282
1233.657666 330.205743
1330.800914 326.065551
1432.613392 321.828097
1539.265648 317.301244
1651.211654 312.646391
1768.831247 307.726440
1132.597367 414.460034
1227.798457 412.221327
1327.418307 409.979680
1431.916451 407.603427
1541.507650 405.161261
1656.676106 402.468529
1777.979085 399.840040
1124.141273 498.939578
1221.645369 498.613242
1323.850764 498.448148
1431.123852 498.165085
1543.803329 497.933343
1662.483814 497.751065
1787.525136 497.428970
1115.215292 587.940694
1215.188322 589.742181
1319.941040 591.887393
1430.349869 593.957958
1546.278740 596.259741
1668.776691 598.609537
1797.729761 601.193304
1105.796925 681.799149
1208.171314 686.095566
1315.994087 690.713926
1429.342847 695.438995
1548.885470 700.615917
1675.271713 705.971008
1808.663474 711.617642
1095.772944 780.942257
1200.913305 787.904473
1311.656433 795.284916
1428.552513 803.143813
1551.663211 811.442549
1682.142471 820.164278
1820.234605 829.451523
1151.687782 378.019052
1257.035238 375.663116
1366.004779 373.350920
1479.019893 370.944873
1596.074033 368.488902
1717.618862 365.867074
1843.755189 363.200730
1151.259340 479.590699
1256.444826 479.118720
1365.408986 478.573359
1478.268755 478.084859
1595.143078 477.518449
1716.555180 476.975379
1842.618674 476.523412
1150.793305 581.124686
1255.851770 582.369743
1364.759436 583.672395
1477.438924 585.002045
1594.273192 586.484975
1715.520883 587.833763
1841.565437 589.471610
1150.369697 682.359457
1255.383274 685.319452
1364.065957 688.488325
1476.656399 691.733977
1593.380186 695.070515
1714.435783 698.550351
1840.074426 702.129844
1149.996073 783.432359
1254.852274 788.142401
1363.393098 793.091133
1475.879816 798.196489
1592.449438 803.553123
1713.446460 809.028837
1838.863366 814.796475
1149.553282 884.310067
1254.288295 890.811552
1362.779237 897.542383
1475.045923 904.554683
1591.447412 911.844024
1712.324568 919.337370
1837.620501 927.144253
1149.140180 984.902154
1253.712513 993.118183
1362.059205 1001.683228
1474.321571 1010.639023
1590.458274 1019.593374
1711.170930 1029.183962
1836.696382 1039.525425
1079.447385 257.549199
1185.884582 250.370166
1297.956881 242.996207
1416.457502 235.092434
1541.476402 226.826310
1673.745349 217.989211
1814.061432 208.619901
1089.429561 358.521884
1192.995288 354.292920
1301.783370 349.788913
1416.539313 345.011439
1537.426738 339.919110
1665.224331 334.621526
1800.402710 329.029218
1098.985047 453.972931
1199.707230 452.107591
1305.488035 450.142771
1416.654465 448.057856
1533.794448 445.990018
1657.298862 443.660124
1787.775435 441.304505
1107.925268 543.943397
1206.016461 544.269425
1308.816879 544.703919
1416.856683 545.158546
1530.420984 545.504867
1649.878154 545.940836
1775.862785 546.379758
1116.503925 629.057095
1212.047624 631.397713
1312.119485 633.837650
1417.012301 636.358605
1527.232380 639.083695
1642.985870 641.906806
1764.801605 644.859111
1124.510542 709.789642
1217.698820 713.922882
1315.099100 718.148180
1417.110928 722.588644
1524.067849 727.335591
1636.431016 732.228015
1754.359364 737.414386
1132.187546 786.366910
1223.008495 791.959759
1317.919994 797.833334
1417.263418 804.077586
1521.190323 810.587783
1630.212464 817.328294
1744.609075 824.514335
1140.831888 88.219878
1249.446596 80.521481
1362.003365 72.641713
1479.061314 64.431874
1600.041664 55.882638
1726.121112 47.067561
1857.226936 37.166579
1141.553665 195.392746
1249.237819 189.784868
1360.816885 183.859665
1476.630128 177.793724
1596.611514 171.455497
1721.312815 164.926154
1850.657165 158.112008
1142.208141 300.966369
1249.004615 297.142404
1359.697844 293.240225
1474.348812 289.141847
1593.197082 285.051438
1716.630415 280.597152
1845.001641 276.173468
1142.880083 404.593287
1248.774758 402.619758
1358.434467 400.669566
1472.066135 398.639550
1589.822374 396.468084
1712.077053 394.259217
1838.904362 391.932730
1143.647002 506.506529
1248.626127 506.358045
1357.308009 506.205615
1469.866991 506.042085
1586.559207 505.969119
1707.651555 505.779750
1833.232973 505.617324
1144.275397 606.792644
1248.338748 608.387625
1356.126946 609.972455
1467.631127 611.696665
1583.216782 613.547048
1703.206236 615.343547
1827.632263 617.278184
1144.940224 705.353561
1248.120859 708.528652
1354.928407 711.878448
1465.555899 715.449033
1580.042782 719.112800
1698.788781 722.791228
1822.054674 726.795055
