-1.96935385449583 -1.97639248955648 0.43166293855765 
2.00512832524515 2.01148189124180 0.41347569385821 
2.15258200472997 2.19069513762786 -0.35637500154893 
-1.99534548097714 -2.03317174313474 -0.52508804198040 
2.01226676916853 2.07687685082438 -0.55336437396132 
-2.12800358703363 -2.15233424192344 -0.32689131290902 
1.95448933170881 1.88631487880798 -0.21843904526866 
-2.00900080185391 -2.09346082763741 -0.63964442933776 
2.03682145738453 2.12884605386045 0.65002667795503 
2.16068165015477 2.18755094773907 0.32805119259162 
2.04659678540428 2.18286998328835 0.77212635588363 
2.13296125919043 2.13235459324219 -0.01361011396981 
1.93009441049110 1.81814473975333 0.08893337298857 
-1.93381964432971 -1.84405469910071 -0.19326982909371 
2.02281029309302 2.13581246249237 -0.66985430624697 
2.03204466765028 2.24678476593653 -0.91718065537079 
-1.99896425621519 -2.15822506855078 0.78077436925265 
-2.09000693829671 -2.09820734099793 0.22906431365499 
-1.90486160060567 -1.77770867706656 0.11038665101787 
-2.10449675224370 -2.09544132796791 0.01056047056372
