-30.04417094881912 -23.80100875086353 88.60456611802442
-8.25896980777129 -23.86251220636529 68.31585681283400
-25.32063563468340 -32.43654389805537 82.81172140998784
-19.89559262058501 -13.53323600456959 64.66320328725962
-22.63474926118527 -30.29597623717268 88.50026548361404
-18.56252886870984 -14.42055852494082 66.95595511878213
-47.91735390363861 -32.77877955103706 83.57352199358245
-43.38980579103560 -14.78274257584089 64.08266343494581
-35.89249472405583 -21.65934201003867 63.86414448403453
-46.38168988482226 -30.54429128186313 63.51769960663837
-37.29048705083429 -23.81039017684109 57.19162271215751
-47.77672663397605 -19.17785242564704 69.24934556645553
-40.44613826510691 -23.68127368612327 69.32963552550031
1.22290888418456 -9.78146866866922 76.77566190637455
6.39303088333130 -32.38044414814161 95.71379036212960
5.30980972273451 -27.38560947904783 102.79228672519528
6.28915542621536 -22.81385640071860 96.57711592367411
5.91552753094095 -15.51488254389613 81.86013997523509
-1.10023592081730 -25.15002534164098 82.43746186085028
7.19163835187803 -31.70228266066936 75.64006286984399
