555.485446 256.863743
633.011986 248.644785
715.419931 240.078581
803.295639 230.938938
897.063140 221.136140
997.602443 210.610306
1105.334197 199.349763
555.696370 351.992947
633.182819 346.818121
715.496726 341.317970
803.282089 335.548249
897.012239 329.245257
997.412881 322.549280
1105.040274 315.441705
555.932056 447.194266
633.338718 444.872389
715.613023 442.525299
803.312215 439.964846
896.999402 437.274695
997.228555 434.276787
1104.756833 431.210347
556.157656 542.086504
633.507408 542.667540
715.696121 543.458148
803.345986 544.271350
896.937436 545.024547
997.050231 545.906744
1104.404949 546.778348
556.432672 636.877903
633.715669 640.384009
715.853630 644.232059
803.436658 648.248412
896.868212 652.604037
996.905226 657.171381
1104.083127 662.182033
556.648517 731.505442
633.797708 737.939876
716.009357 744.840018
803.373048 752.176861
896.784798 760.031060
996.730337 768.353455
1103.748463 777.339603
556.906636 825.996982
634.046569 835.256777
716.080360 845.196469
803.501348 855.842228
896.732391 867.143562
996.583703 879.236683
1103.479674 892.271291
896.472435 193.726905
1002.942794 204.662042
1102.796876 214.897952
1196.712170 224.684357
1285.206338 233.893796
1368.758471 242.504455
1447.652755 250.683240
895.926286 309.701047
1002.360350 316.952000
1102.192750 323.840009
1196.041963 330.320590
1284.477199 336.446867
1367.933955 342.210181
1446.768415 347.659294
895.461473 425.516329
1001.725507 429.128330
1101.519587 432.512999
1195.330662 435.830413
1283.721781 438.916016
1367.126908 441.690510
1445.977895 444.491294
894.927036 541.180468
1001.194569 541.111869
1100.857622 541.105206
1194.627245 541.146105
1282.974508 541.200840
1366.320220 541.165579
1445.164433 541.264116
894.410347 656.600411
1000.546260 652.901910
1100.127563 649.519995
1193.809092 646.382915
1282.228256 643.325793
1365.519426 640.546601
1444.245623 637.806940
893.950984 771.911903
999.977180 764.656806
1099.462821 757.917045
1193.139907 751.554320
1281.403455 745.420378
1364.790562 739.701783
1443.518108 734.379716
893.430061 887.022522
999.276574 876.183385
1098.859554 865.917920
1192.439546 856.461793
1280.681863 847.333709
1363.947858 838.779925
1442.706970 830.822188
616.462373 90.664374
715.810686 86.823423
817.027973 82.872375
920.370060 78.839186
1025.726413 74.660155
1133.307137 70.412591
1242.959670 66.189675
608.438416 184.724176
709.179934 181.752216
811.897177 178.656084
916.704156 175.555732
1023.697748 172.325171
1132.883970 169.087888
1244.207770 165.820869
600.194206 281.742557
702.362566 279.649456
806.567592 277.545295
912.965031 275.368085
1021.576548 273.145347
1132.419927 270.838612
1245.552616 268.623533
591.722365 381.644305
695.393252 380.467528
801.099671 379.408808
909.065369 378.257171
1019.339405 377.055079
1131.925719 375.918426
1246.829559 374.729161
583.032289 484.676130
688.203841 484.525155
795.427750 484.550158
905.094128 484.436999
1017.051001 484.340451
1131.447393 484.276372
1248.136647 484.298088
574.025567 590.905921
680.653406 591.915713
789.660505 593.047349
900.900471 594.090499
1014.666067 595.193805
1130.900680 596.318948
1249.548020 597.566150
564.715511 700.485872
673.029472 702.667231
783.603940 704.951229
896.683329 707.331570
1012.181745 709.673197
1130.373734 712.102055
1251.051724 714.661042
662.179173 375.551892
785.266444 376.718208
906.577204 377.927587
1026.381371 379.143753
1144.371018 380.391040
1260.684336 381.471339
1375.340265 382.642151
668.137526 487.286949
786.966620 487.718445
904.034385 488.178420
1019.636691 488.542003
1133.524773 488.880937
1245.970706 489.239650
1356.771984 489.706699
673.886770 591.510049
788.505612 591.203373
901.664599 590.849914
1013.295261 590.511703
1123.515948 590.275351
1232.256563 589.839651
1339.491886 589.578071
679.136676 688.714189
789.985913 687.795184
899.374987 686.804681
1007.434987 685.957339
1114.106620 685.022389
1219.372446 684.046645
1323.290348 683.189660
684.129116 779.570147
791.410382 778.146168
897.334884 776.634019
1001.892045 775.210479
1105.314307 773.773604
1207.295066 772.434003
1308.078084 770.989446
688.782054 864.921338
792.781029 862.976777
895.357746 861.027696
996.809678 859.121117
1096.994727 857.180278
1196.034116 855.355871
1293.845853 853.559465
693.204037 945.137091
793.927121 942.705148
893.562729 940.286674
991.973657 938.047641
1089.200359 935.696817
1185.382748 933.396403
1280.417565 931.302654
674.976527 142.632104
769.591453 139.459667
865.839558 136.193412
964.031079 132.947640
1064.028277 129.569859
1166.082981 126.146857
1269.935171 122.712765
661.715326 221.896082
758.843628 219.399787
857.812443 216.797384
958.775029 214.203325
1061.778201 211.524256
1166.718761 208.861242
1273.651009 206.164198
647.581148 305.853752
747.462459 304.057137
849.258822 302.279709
953.233934 300.423466
1059.282119 298.582054
1167.359459 296.634258
1277.663612 294.837345
632.630941 394.857130
735.454596 393.867084
840.296369 392.979877
947.290451 391.954578
1056.573407 390.968679
1168.058964 390.057159
1281.837460 389.098826
616.825823 489.460295
722.659411 489.388915
830.569775 489.528521
941.030862 489.479815
1053.680240 489.445785
1168.792033 489.517243
1286.257948 489.637516
599.999213 590.080652
708.911406 591.128418
820.466051 592.316858
934.266747 593.426720
1050.593177 594.621329
1169.602201 595.808068
1291.136832 597.072228
581.987285 697.329311
694.481799 699.600019
809.479634 701.988755
927.127359 704.440862
1047.297446 706.898034
1170.419228 709.452582
1296.215700 712.078977
695.382385 368.821160
816.318700 370.246611
935.506673 371.642830
1053.193669 372.980242
1169.139240 374.439064
1283.500881 375.743682
1396.239120 377.085877
697.679439 485.896707
816.434408 486.508858
933.451194 487.123653
1048.980929 487.635880
1162.794408 488.213568
1275.165551 488.730903
1385.880203 489.357195
700.053054 598.779324
816.492376 598.563873
931.455126 598.323858
1044.876645 598.085043
1156.744817 597.973177
1267.132046 597.734477
1375.980363 597.607727
702.207372 707.534188
816.614555 706.546969
929.465660 705.623966
1040.911075 704.722465
1150.854452 703.864717
1259.297502 702.967923
1366.359221 702.109221
704.374984 812.393462
816.751040 810.766164
927.644673 809.156269
1037.059876 807.629860
1145.196964 806.090508
1251.802649 804.612258
1357.036227 803.081648
706.435579 913.733150
816.859956 911.509555
925.771990 909.263393
1033.385542 907.119046
1139.660810 904.929605
1244.558626 902.827376
1348.093053 900.741463
708.463069 1011.590645
816.957352 1008.701052
924.124425 1005.850601
1029.866016 1003.181016
1134.373562 1000.443149
1237.511365 997.775083
1339.393111 995.265264
252.993238 86.722886
359.827915 93.031591
463.697819 99.004934
564.997208 105.008129
663.728289 110.745639
760.084630 116.353462
853.931315 121.878302
239.954211 167.416407
349.968572 172.718190
456.994586 177.891444
561.245979 182.984712
662.811259 187.870848
761.707000 192.700545
858.036660 197.328055
226.098486 253.001225
339.497662 257.280329
449.806326 261.489138
557.273977 265.534378
661.717662 269.474846
763.366498 273.264965
862.404664 277.073080
211.254288 343.944792
328.482330 347.003652
442.304635 350.060979
552.930405 352.912088
660.501007 355.795753
765.135315 358.594149
866.992445 361.352461
195.570320 440.767019
316.677755 442.448850
434.116584 444.242006
548.339912 445.882373
659.245222 447.454053
767.023826 449.066618
871.791482 450.615861
178.860049 543.992579
304.013114 544.184957
425.648366 544.523465
543.477653 544.732369
657.950975 544.933468
769.106121 545.125606
877.013433 545.343353
160.941228 654.253242
290.617967 652.820835
416.547475 651.321517
538.391080 649.946298
656.562366 648.548511
771.172567 647.261586
882.397214 645.965555
175.919020 350.368245
306.782644 353.423929
433.378952 356.405110
556.141168 359.305268
675.090404 362.128362
790.368465 364.792596
902.246965 367.395090
193.670444 463.029596
319.895600 464.286234
442.072968 465.550987
560.526324 466.661430
675.442941 467.732310
787.064151 468.779415
895.374336 469.843540
210.520501 568.208750
332.087876 567.819758
450.073676 567.413276
564.626726 566.989361
675.872214 566.639254
783.959363 566.184580
888.970263 565.850852
226.056677 666.492885
343.586065 664.646671
457.539669 662.826798
568.429037 661.123096
676.247316 659.424797
780.975605 657.719665
882.906248 656.163601
240.735844 758.420369
354.329201 755.438607
464.715364 752.366162
571.993936 749.470519
676.617418 746.598289
778.180999 743.942056
877.179978 741.225424
254.459896 844.885296
364.453766 840.769976
471.317044 836.694668
575.493641 832.759455
676.892642 828.840039
775.660830 825.098174
871.893236 821.476829
267.468110 926.145717
373.922986 921.056742
477.646391 916.039147
578.717030 911.229332
677.225695 906.412947
773.173888 901.761757
866.827443 897.322561
318.333215 218.380768
448.896764 229.020002
570.992576 238.792466
685.478486 248.122747
793.128173 256.936941
894.426470 265.049829
990.023227 272.747542
319.224656 340.379725
447.643651 346.804922
567.787343 352.864299
680.536400 358.469805
786.580859 363.811860
886.608639 368.756462
980.963878 373.473166
320.300796 458.216620
446.366909 460.780443
564.574669 463.099206
675.687439 465.357197
780.295488 467.494360
879.014747 469.367484
972.204166 471.250311
321.203388 572.067473
445.220700 570.939745
561.477383 569.862715
671.009909 568.926930
774.174559 568.029805
871.558935 567.062508
963.670527 566.324884
322.115423 681.977597
444.024678 677.498710
558.543901 673.228982
666.372802 669.327707
768.221442 665.542995
864.311047 662.037043
955.298945 658.646429
323.041899 788.427885
442.959096 780.785082
555.670107 773.528014
662.044775 766.765829
762.455985 760.277798
857.402256 754.240825
947.296162 748.495955
323.897365 891.368186
441.784989 880.758601
552.977060 870.645948
657.771107 861.274725
756.866351 852.275927
850.533757 843.813261
939.438478 835.867875
91.391659 24.465339
229.395736 33.986806
360.806039 41.886963
489.384614 50.571628
613.343317 58.370705
733.537807 66.055792
849.767432 73.333230
97.831302 153.490267
233.200089 159.863636
364.095463 166.248112
490.846527 172.352986
613.690760 178.245107
732.723959 183.967201
848.058483 189.573282
103.790842 279.338578
237.541161 283.723818
367.090861 287.997036
492.659896 292.157877
614.296704 296.136582
732.176673 299.937244
846.461307 303.733557
109.346835 402.760742
241.918521 405.093255
370.086153 407.377675
494.349747 409.606076
614.809916 411.753097
731.540329 413.782593
844.855945 415.870130
114.992131 523.641793
246.101142 524.080506
373.053905 524.499763
495.998751 524.895103
615.347814 525.205889
730.977539 525.631496
843.205239 525.959608
120.566844 642.275168
250.260479 640.806856
375.918545 639.441365
497.701802 638.073277
615.877792 636.632073
730.501973 635.333316
841.699025 634.093687
126.071083 758.506415
254.344718 755.222746
378.794341 751.997178
499.370413 748.999865
616.414799 745.931937
729.935979 743.020473
840.136509 740.310044
218.653934 134.643519
365.336804 149.127562
501.704555 162.599671
628.886885 175.233585
747.721784 187.061822
858.920890 198.014072
963.424633 208.306012
222.962254 268.929343
365.748691 278.302459
498.536163 287.140435
622.551967 295.277194
738.657469 302.914877
847.567781 310.024644
949.928273 316.787131
227.355950 396.020615
366.018012 400.822046
495.453517 405.206890
616.555739 409.383740
730.066148 413.293176
836.745703 416.879912
937.110654 420.280978
231.324349 516.398161
366.382393 516.989428
492.481264 517.528199
610.786511 518.052300
721.832365 518.555489
826.303218 518.864080
924.845552 519.363726
235.137568 630.433259
366.610093 627.351236
489.752934 624.308973
605.211768 621.600911
714.060311 618.925465
816.358437 616.499823
913.027905 614.143364
238.839417 738.918274
366.989350 732.401438
487.072479 726.190875
600.125003 720.438637
706.584479 714.901812
806.957949 709.832826
901.863477 704.974134
242.329057 841.974555
367.177243 832.344065
484.656530 823.215583
595.128660 814.810916
699.431899 806.736407
797.806434 799.154984
891.008772 792.041860
116.806536 278.386374
241.262886 280.610219
363.743507 282.766164
484.674300 285.055738
603.958406 287.161036
721.674436 289.267043
837.699228 291.397476
110.370610 395.009635
235.896761 396.408892
359.492170 397.847150
481.407911 399.318827
601.728637 400.651123
720.334801 402.013742
837.237370 403.385820
103.923990 513.627174
230.425777 514.203371
355.114572 514.842122
478.172316 515.461529
599.403503 516.007275
718.927170 516.501644
836.805397 517.143320
97.256425 634.252752
225.078902 633.922578
350.797262 633.680057
474.773926 633.457040
597.005138 633.166068
717.515606 632.898026
836.374481 632.725820
90.566363 756.811500
219.414122 755.628457
346.242432 754.574884
471.302951 753.424296
594.569651 752.246773
716.087840 751.202596
835.806076 750.184538
83.874697 881.668971
213.696445 879.432453
341.712876 877.458809
467.796759 875.467995
592.145771 873.420413
714.684732 871.441843
835.424121 869.539380
76.797237 1008.484220
207.997014 1005.253349
337.206960 1002.358461
464.341231 999.590447
589.659916 996.604078
713.215537 993.646060
834.975053 990.897415
275.374675 188.470341
402.738113 199.845881
522.066869 210.324575
634.260708 220.394166
739.956028 229.827265
839.677647 238.684814
933.934198 247.058522
272.793358 294.356642
403.190786 302.454886
525.331358 310.042664
639.871738 317.181802
747.653661 323.973472
849.182470 330.290482
945.013740 336.239310
270.068713 405.454224
403.647916 410.087162
528.591111 414.372055
645.751950 418.469406
755.631927 422.258692
859.085628 425.762388
956.634523 429.172046
267.159473 522.355758
404.297725 523.003712
532.116737 523.622005
651.697181 524.208010
763.874756 524.895878
869.348052 525.406904
968.682686 525.979925
264.203768 645.256550
404.757935 641.559717
535.584550 638.280436
657.998351 635.161514
772.575039 632.195339
880.079288 629.519314
981.124191 626.924494
261.147115 774.783874
405.307310 766.375787
539.547306 758.682218
664.746025 751.437352
781.727794 744.617371
891.395878 738.287427
994.328602 732.348555
257.948865 911.478107
405.891152 897.908853
543.703448 885.136526
671.738863 873.456317
791.325741 862.365175
903.116821 852.086214
1008.004950 842.502737
1085.589973 463.017396
1193.438163 461.861383
1305.242888 460.824160
1421.398236 459.663634
1541.770727 458.576280
1666.873173 457.313638
1796.993331 456.027375
1090.937643 557.936766
1195.635145 558.610206
1303.985392 559.303527
1416.350205 559.982306
1532.680475 560.646381
1653.517528 561.404266
1778.842860 562.238215
1096.091467 647.435491
1197.677463 649.537126
1302.822650 651.720697
1411.563264 653.947720
1524.228348 656.391355
1641.016028 658.755047
1762.074146 661.365550
1100.872587 731.720017
1199.644588 735.147312
1301.648417 738.737199
1407.175505 742.455688
1516.304764 746.240516
1629.174741 750.194265
1746.272188 754.234147
1105.497337 811.298322
1201.520894 815.943690
1300.648387 820.708483
1403.026881 825.612772
1508.884813 830.796512
1618.239491 836.092438
1731.423059 841.537096
1109.778960 886.665632
1203.240129 892.368837
1299.580324 898.189033
1399.057420 904.211617
1501.743551 910.500172
1607.864779 916.997406
1717.380729 923.693152
1113.919005 958.020231
1204.856209 964.581805
1298.613512 971.365359
1395.359963 978.462321
1495.061627 985.753622
1598.062225 993.197115
1704.397993 1001.002855
1125.010530 140.292081
1216.721868 134.690998
1311.183861 129.001947
1408.703937 123.246185
1509.107002 117.218864
1612.934355 111.038949
1720.132032 104.638014
1120.658056 213.812463
1214.639352 209.285462
1311.606529 204.571475
1411.713494 199.850180
1515.035184 194.902481
1621.734293 189.869024
1732.091078 184.650029
1115.956140 291.342252
1212.417481 287.893983
1311.976055 284.421954
1414.877131 280.815143
1521.136845 277.159451
1631.052492 273.239525
1744.904888 269.380659
1111.061815 372.994323
1210.099035 370.778292
1312.459818 368.656121
1418.227685 366.339977
1527.629922 364.025729
1640.924482 361.675197
1758.292948 359.123325
1105.921429 459.260408
1207.660064 458.450819
1312.802709 457.792736
1421.801464 456.976258
1534.541729 456.208878
1651.432501 455.364560
1772.544167 454.574377
1100.507414 550.462676
1204.925537 551.300809
1313.400080 552.260746
1425.496235 553.101023
1541.820675 554.142876
1662.558350 555.118513
1787.813144 556.151429
1094.646567 647.085156
1202.224592 649.640434
1313.831148 652.347208
1429.599348 655.212658
1549.595779 658.192310
1674.407673 661.261588
1804.097836 664.451498
1086.468378 234.674070
1168.602081 227.105977
1255.195659 219.208998
1346.791918 210.936947
1443.634608 202.118493
1546.378789 192.818339
1655.372336 182.924345
1074.395915 306.219395
1158.040724 300.533992
1246.338238 294.488267
1339.937745 288.184860
1439.014557 281.434678
1544.155470 274.360378
1655.968698 266.834149
1061.709867 381.146825
1146.983344 377.370430
1237.121176 373.481392
1332.725212 369.272085
1434.089059 364.910524
1541.808629 360.194053
1656.689138 355.320389
1048.471249 459.488055
1135.412884 457.853010
1227.473547 456.277643
1325.078210 454.517154
1428.890475 452.657301
1539.419455 450.810150
1657.299065 448.671480
1034.641426 541.640266
1123.303254 542.367686
1217.168451 543.320808
1317.167872 544.215148
1423.434279 545.196645
1536.920210 546.246073
1658.003509 547.464174
1020.107456 627.722896
1110.392789 631.132229
1206.527897 634.851606
1308.641324 638.689791
1417.645349 642.928236
1534.127001 647.343780
1658.755086 652.150324
1004.794480 718.134950
1097.019747 724.391733
1195.180555 731.153636
1299.867287 738.385333
1411.514973 746.057199
1531.297229 754.343520
1659.630356 763.230684
1113.121189 286.682211
1201.212688 280.167423
1294.418604 273.314115
1393.344572 266.143448
1498.345948 258.442782
1610.220479 250.304376
1729.556297 241.601157
1103.761315 368.275290
1193.130132 364.122208
1287.853441 359.604035
1388.482479 354.950224
1495.428319 349.892488
1609.440931 344.612704
1731.206275 338.977890
1094.049990 452.950863
1184.786028 451.131300
1281.061465 449.263373
1383.428873 447.247165
1492.380205 445.164816
1608.654592 442.863968
1733.092831 440.567240
1083.959122 540.620694
1176.148480 541.364458
1274.060888 542.319862
1378.162256 543.259043
1489.216920 544.240298
1607.869034 545.443749
1734.975553 546.568433
1073.597309 631.576116
1167.199408 635.115455
1266.597344 639.078441
1372.740789 643.140346
1485.845847 647.586990
1607.115954 652.319072
1736.978760 657.476457
1062.771963 725.960326
1157.711490 732.619109
1259.016827 739.802703
1366.904959 747.260030
1482.382231 755.481680
1606.235251 764.187021
1739.069809 773.533384
1051.521687 823.951510
1148.071264 833.833717
1250.999761 844.448145
1361.092003 855.832643
1478.727724 867.986225
1605.258516 881.109991
1741.349324 895.202430
1151.691184 377.919616
1257.062130 375.560847
1366.066969 373.257481
1479.103304 370.850071
1596.169490 368.403562
1717.721548 365.786036
1843.844291 363.159375
1151.253690 479.518605
1256.468692 479.047270
1365.457852 478.501443
1478.336859 478.015659
1595.213156 477.464273
1716.612838 476.930610
1842.674330 476.483187
1150.765841 581.098193
1255.861829 582.352255
1364.796593 583.635131
1477.478762 584.966412
1594.327147 586.457018
1715.553785 587.816090
1841.613139 589.440667
1150.340116 682.362901
1255.386327 685.334693
1364.090558 688.502111
1476.678387 691.749221
1593.404792 695.091924
1714.454284 698.571434
1840.051356 702.137187
1149.957626 783.475385
1254.830591 788.188607
1363.413551 793.127889
1475.911087 798.243445
1592.463293 803.627800
1713.449016 809.099009
1838.901559 814.860423
1149.522625 884.396639
1254.248418 890.913053
1362.749586 897.651981
1475.045798 904.678894
1591.457397 912.005737
1712.305353 919.508049
1837.727291 927.288924
1149.102080 985.049702
1253.666688 993.292445
1362.016015 1001.817434
1474.291880 1010.814330
1590.451654 1019.843926
1711.173116 1029.471721
1836.744614 1039.768378
1036.943235 213.403331
1134.535568 203.161875
1238.665613 192.391446
1350.231497 180.765447
1469.562598 168.450968
1597.939232 155.136414
1736.167216 140.745698
1048.213673 313.192107
1144.112243 306.508307
1246.211201 299.321593
1355.398126 291.695443
1472.063562 283.355649
1597.388182 274.593568
1732.020033 265.155373
1059.086902 409.162456
1153.317571 405.489826
1253.522895 401.612334
1360.366203 397.423337
1474.609955 393.089835
1596.897350 388.320544
1728.211298 383.312600
1069.485999 501.155993
1162.117026 500.327695
1260.452530 499.590126
1365.210346 498.764684
1477.030011 497.755352
1596.476593 496.827488
1724.455249 495.731198
1079.589649 589.516283
1170.606243 591.407991
1267.172012 593.438726
1369.855117 595.525018
1479.321917 597.807389
1596.103979 600.240640
1721.037577 602.897787
1089.187170 674.551702
1178.654584 678.936838
1273.530017 683.518649
1374.211685 688.374102
1481.392776 693.595608
1595.699743 699.147784
1717.743507 705.078581
1098.478576 756.404582
1186.444424 762.912670
1279.620415 769.877270
1378.531032 777.342120
1483.489084 785.238847
1595.345762 793.642007
1714.659078 802.694903
1191.874753 73.578235
1304.235209 69.109140
1418.780744 64.768548
1535.882185 60.336740
1655.077689 55.536141
1777.093947 50.949100
1903.241655 45.848971
1190.934608 184.403782
1302.279495 181.232173
1415.763872 177.953593
1531.631459 174.641202
1649.769064 171.175990
1770.543744 167.741126
1892.952281 164.193637
1190.033513 293.445885
1300.295269 291.301609
1412.780864 289.146942
1527.487959 286.968832
1644.545666 284.819164
1764.102707 282.406481
1886.993091 280.629066
1189.100444 400.433435
1298.390335 399.359172
1409.784331 398.299988
1523.440641 397.298154
1639.380670 396.200495
1757.733739 395.087397
1877.921065 393.910443
1188.230932 505.504748
1296.495685 505.465229
1406.841999 505.516549
1519.423271 505.535672
1634.365064 505.613908
1751.563934 505.619624
1871.329052 505.427787
1187.288927 608.826309
1294.595795 609.860138
1403.970510 610.922232
1515.470724 611.977318
1629.285474 613.105518
1745.490890 614.190808
1864.094094 615.425704
1186.410761 710.292787
1292.682615 712.251074
1401.150399 714.265226
1511.687126 716.449879
1624.391561 718.605285
1739.403198 720.682601
1856.954068 723.045354
