-30.05225149210610 -23.79473788896613 88.57788169824434
-8.26608659005331 -23.85826400643938 68.29274500066778
-19.90170121594417 -13.53020960104489 64.64105948044792
-20.76364085538610 -32.35631750184464 77.53900626136787
-25.22146617838145 -14.42640964154645 72.25410095594452
-22.64266482466671 -30.29089910651351 88.47482264963872
-47.92550707622104 -32.77286465108824 83.54471910324979
-43.39476990871361 -14.77859777789640 64.05522270326681
-35.89720268908496 -21.65507839361550 63.83647841939032
-46.38861310044639 -30.53969667170900 63.49585273910476
-41.59861554116002 -23.82912073034968 58.32298038930310
-47.78336713786724 -19.17182528179886 69.22484036911978
-43.31687901236918 -23.68963515578945 70.98929300508421
1.21511647421580 -9.77722294932886 76.74987631643350
6.38495889982096 -32.37375440894920 95.68320130970005
5.30091630931073 -27.37907830400550 102.76100353831102
7.17099512687874 -23.00193121115585 93.43671777871337
5.90972533174894 -15.50920662795045 81.83825226494950
1.24814963095688 -25.12652136896558 78.62908403123005
7.18592830816807 -31.69816943504767 75.62020283568201
