-1.96946820319097 -1.97647122933635 0.43168444187644 
2.00507025656235 2.01146878510353 0.41332091905055 
-1.99545089753747 -2.03333362940580 -0.52494747417539 
2.08433384541803 2.07547447729490 -0.12259858282917 
-2.05821655100703 -2.03597306511833 -0.09655156898367 
2.01227124956679 2.07683196234813 -0.55329570647204 
1.95448514268160 1.88623119020234 -0.21835054295250 
-2.00917690248295 -2.09369457387123 -0.63972776513062 
2.03663688937251 2.12869123574816 0.65003019148761 
2.16057668837905 2.18739047280094 0.32788535017201 
-2.10157857693478 -2.20508108160932 -0.66943044781061 
2.13287714141389 2.13219332552232 -0.01375495093501 
1.96725629616476 1.88531005683385 -0.01329783425571 
-1.93383232346084 -1.84406875922819 -0.19295750133644 
2.02272878628662 2.13576837723686 -0.66991760941534 
2.03198582019632 2.24672078345642 -0.91715929213814 
2.11744848474252 2.24628149187757 -0.70181768065247 
-2.08999748285231 -2.09825468811652 0.22951914595005 
-1.94365435922657 -1.84506983037702 0.00930329585817 
-2.10446498058404 -2.09550801422827 0.01094849342533
