-1.96922433226551 -1.97640004444385 0.43139568653316 
-1.94186384654317 -1.84474212957253 0.01042704392599 
-2.08551837289889 -2.21127819364269 0.69178408631523 
-2.10044911656761 -2.20409878351343 -0.66939111332593 
1.96801754596989 1.88562672014624 -0.01330256339803 
2.00538708995236 2.01159671657675 0.41356191204936 
2.08337937548214 2.13478127307892 -0.45686702374243 
-1.99527721022338 -2.03306160259610 -0.52512738479818 
2.01246788908941 2.07713207774371 -0.55309692301964 
-2.09523078106363 -2.09562668234073 -0.20857799576778 
1.95465765075764 1.88646666725151 -0.21805498824220 
-2.10128974432828 -2.20599882899767 -0.66826159792273 
2.03610630879904 2.01266565181186 0.20013218434114 
1.96691017285674 1.88484327588842 -0.01283034373127 
-2.00894679098221 -2.09345258733853 -0.63991240047070 
2.03683345200669 2.12880474172325 0.65029423419854 
2.16072662655031 2.18758309306523 0.32816537527747 
-2.10138179397633 -2.20484220844618 -0.66957256751120 
2.13301549304697 2.13242902895483 -0.01344673048506 
1.96742333066021 1.88547756623496 -0.01304561964072 
-1.94279633365859 -1.84517398472141 0.00935468135753 
-2.05311237467503 -2.09894238362737 0.45036879987565 
2.11790005742973 2.24672712853644 -0.70125774653006 
-1.93367508385143 -1.84381179825083 -0.19319374102787 
2.02299567239734 2.13608574396406 -0.66982302439622 
2.03215302427861 2.24704763878850 -0.91710212937096 
2.11767549256404 2.24656906942776 -0.70174381303970 
-2.08985967098221 -2.09804423977595 0.22917311506580 
-1.94351319607871 -1.84489897202870 0.00904305732533 
-2.10427169667556 -2.09517568030455 0.01060526977642
