-30.04310686253302 -23.82474539225911 88.56346426103879
-30.55112835846962 -13.94418763482545 79.39509711402225
-25.10321706460796 -31.44896055606447 93.10860885696769
-10.26386096253563 -13.85176963043498 63.78764680768307
-14.16221683019549 -31.25636811138745 78.06226036122618
-8.25960251582830 -23.88077167010896 68.27771482252658
-24.74428477776284 -34.81253775028525 85.88142032977852
-19.89498422279791 -13.55194898752497 64.62965649006109
-22.63321966904211 -30.32091415962998 88.45843281304145
-22.13543924742659 -14.45506323326224 69.38859191594604
-47.91530431181351 -32.80328865765679 83.52632555617872
-40.85237159963444 -13.81879429292840 64.21524352660758
-43.15752224743144 -26.46730965976852 72.53177372835945
-44.78693414127267 -30.93644474114003 78.25359716196850
-43.38669624549883 -14.80197583278359 64.04306751720860
-35.88975949375636 -21.67801965767841 63.82350023157578
-46.38011936132113 -30.56333084216313 63.48060227223911
-41.59147680282749 -23.85104760434247 58.31079755206108
-47.77463514892730 -19.19733511421514 69.21181554480442
-43.30810335768884 -23.71513592385509 70.97478518568283
-1.03422081271844 -13.47531401553204 81.47643150299274
2.09825473238254 -26.08929942177728 89.65792286577002
4.34503462180219 -30.43664102937094 95.20232932834664
1.22208085054820 -9.80226034031130 76.73563059544585
6.39517384389974 -32.40602426474395 95.66538120762097
5.31193052795236 -27.41292292203470 102.74320427290293
7.18073596983662 -23.03290295782046 93.42173879815567
5.91665665595434 -15.53644348300616 81.82098889060893
1.25553018465415 -25.15242969125656 78.61155698793152
7.19189778877620 -31.72283422902330 75.59819996158645
