559.060174 260.987546
635.338499 252.214661
716.802237 243.152439
803.898117 233.717651
896.961176 223.900088
996.595281 213.807695
1103.023888 203.395010
558.342463 354.350963
634.718353 348.658913
716.246551 342.691145
803.446707 336.577488
896.791199 330.158291
996.672413 323.651688
1103.435037 317.051929
557.897926 448.401559
634.302624 445.689805
715.861398 442.966828
803.178703 440.107845
896.645720 437.292114
996.630035 434.377461
1103.604838 431.601478
557.678346 542.617781
634.091199 542.952614
715.651834 543.522081
802.981190 544.149943
896.489253 544.823060
996.544348 545.725184
1103.527073 546.713928
557.735859 636.969308
634.143906 640.409319
715.708431 644.169187
803.006637 648.147006
896.341920 652.518374
996.343834 657.071234
1103.203838 662.028499
557.965994 731.265375
634.260532 737.776131
715.922308 744.751256
802.981298 752.154198
896.217662 760.019488
996.026596 768.246923
1102.641035 776.997624
558.469306 825.259199
634.731263 834.753977
716.154847 844.834630
803.198222 855.591271
896.145156 866.893200
995.688651 878.784297
1101.925639 891.381652
530.296473 399.110791
619.289901 395.223368
713.446808 391.404712
813.244486 387.460666
918.750189 383.607408
1030.252745 379.773909
1147.811853 376.084681
549.107076 496.804521
636.789805 495.779396
729.386145 494.817854
827.372976 493.885316
930.885357 492.944142
1040.137785 492.217914
1155.135102 491.680181
567.523581 590.818376
653.831265 592.267703
744.888268 593.894930
841.013055 595.612556
942.516634 597.564046
1049.402106 599.544727
1161.758322 601.759389
585.332033 680.930474
670.326802 684.664342
759.751091 688.743291
854.109000 693.004661
953.562910 697.333985
1058.092400 701.860193
1167.774337 706.577589
602.662074 767.325025
686.302549 773.220213
774.251450 779.348266
866.737322 785.689728
964.054306 792.324240
1066.215169 799.103724
1173.300034 806.115049
619.360568 850.154704
701.608475 857.915192
787.990917 865.911937
878.700506 874.195158
973.981881 882.772213
1073.856556 891.576129
1178.379649 900.634576
635.545352 929.431382
716.389089 938.774800
801.160696 948.438534
890.183807 958.508079
983.414028 968.815703
1081.048381 979.371683
1183.079187 990.286464
643.833180 153.185766
724.905652 144.394315
809.958153 135.471934
899.172927 126.515303
992.642548 117.382752
1090.616467 108.310673
1193.004693 99.269364
627.484870 232.521232
709.937394 225.380334
796.544735 218.115579
887.522233 210.857969
983.130983 203.512796
1083.304957 196.235243
1188.178902 189.040546
610.553819 315.755149
694.374412 310.402663
782.531664 305.095021
875.405532 299.678485
973.015620 294.354295
1075.468382 289.017280
1182.894875 283.947413
593.101945 402.713631
678.253839 399.470188
768.009465 396.324945
862.612234 393.113546
962.301442 389.979731
1067.169333 387.031659
1177.139997 384.150488
575.164696 493.735181
661.665156 492.806723
752.853247 492.094815
849.397689 491.306387
951.024485 490.742339
1058.249787 490.206368
1170.805402 489.995192
556.663925 588.737515
644.382506 590.413434
737.336915 592.339387
835.431373 594.328152
939.170411 596.636786
1048.686053 598.952516
1163.854120 601.442612
537.611038 687.816733
626.823143 692.276714
721.248584 697.065936
821.122312 702.218188
926.745249 707.505052
1038.531077 712.993435
1156.176645 718.710366
846.329949 374.051653
963.368042 377.984748
1074.543779 382.035217
1179.999693 386.231528
1279.894525 390.470374
1374.433337 394.548156
1463.838099 398.697451
837.885489 489.816589
952.373899 490.870965
1061.287927 492.143858
1164.716114 493.420739
1262.795342 494.789355
1355.851114 496.155544
1443.880838 497.646647
830.048237 600.190360
941.829769 598.699947
1048.437513 597.214508
1149.837206 595.936949
1246.142853 594.754194
1337.616861 593.576276
1424.357033 592.650777
822.583248 705.166819
931.836492 701.240647
1036.014014 697.477644
1135.385022 693.887851
1229.937892 690.368673
1319.803994 686.915993
1405.233159 683.803056
815.724896 804.678890
922.267872 798.745280
1024.179249 792.856284
1121.356927 787.224341
1214.202332 781.661702
1302.456326 776.320874
1386.558633 771.099951
809.110386 899.290646
913.205692 891.481109
1012.711722 883.768362
1107.980973 876.264450
1198.948210 868.817118
1285.772361 861.644651
1368.471858 854.739903
802.915609 989.020475
904.416607 979.469530
1001.869406 970.053226
1095.081525 961.001632
1184.289063 951.983702
1269.471975 943.182165
1350.822615 934.690977
811.499032 99.497965
912.689573 108.689714
1009.638785 117.774464
1102.425695 127.033634
1191.192096 136.193566
1276.072367 145.258470
1357.048163 154.256400
817.006328 188.845620
920.653572 196.331499
1019.889560 203.874641
1114.718198 211.509430
1205.323990 219.116930
1291.724103 226.647149
1374.062941 234.081490
822.757539 283.286016
928.973246 288.956215
1030.519490 294.680897
1127.538385 300.542754
1219.862492 306.373952
1307.865228 312.066715
1391.655198 317.859291
828.909986 383.170348
937.779331 386.701193
1041.685519 390.389291
1140.678412 394.120902
1234.851230 397.978913
1324.463131 401.750913
1409.665812 405.552408
835.509752 488.697007
946.942961 489.853304
1053.128028 491.276972
1154.245272 492.735164
1250.300575 494.196040
1341.497337 495.811247
1427.993977 497.387145
842.583650 599.915015
956.550669 598.579555
1065.168953 597.407500
1168.329534 596.266058
1266.183761 595.176226
1359.027547 594.260658
1446.930023 593.450767
850.008705 717.031765
966.569661 712.791086
1077.583935 708.608984
1182.761664 704.739153
1282.480261 700.847836
1376.808387 697.182232
1466.079122 693.754935
896.347962 197.120809
1001.883945 207.971239
1100.735184 218.438953
1193.339300 228.731796
1280.128347 238.646307
1361.471060 248.106665
1437.707743 257.254788
895.716080 310.849111
1001.594173 318.084168
1100.764832 325.243297
1193.583704 332.202441
1280.541138 338.977000
1362.001385 345.438014
1438.327311 351.704448
895.109046 425.573531
1001.147160 429.233173
1100.505411 432.839645
1193.530418 436.483122
1280.581175 440.001506
1362.128706 443.297604
1438.560792 446.686783
894.459471 540.981934
1000.655094 540.922147
1100.074621 541.003837
1193.154745 541.161064
1280.273993 541.446071
1361.852610 541.681641
1438.372400 542.103085
893.863067 656.520765
1000.000766 652.807223
1099.376079 649.355581
1192.409844 646.128292
1279.663637 643.029038
1361.213824 640.283179
1437.693743 637.587775
893.349827 771.900188
999.302719 764.578117
1098.503917 757.645934
1191.533714 751.062297
1278.632123 744.645220
1360.305517 738.684623
1436.794984 733.131037
892.832058 886.704776
998.418717 875.777097
1097.550218 865.258042
1190.364406 855.452158
1277.424740 845.867522
1358.939910 836.870524
1435.423960 828.400134
639.095866 72.370682
733.801798 67.617058
830.568553 63.127480
929.311493 59.139715
1029.852434 55.392719
1132.045180 52.140947
1235.541315 49.368529
627.166588 154.746914
724.130459 150.685921
823.283210 146.889398
924.530488 143.481174
1027.766945 140.393067
1132.636901 137.752180
1238.940476 135.583865
614.717750 241.687104
713.996461 238.395366
815.617530 235.397179
919.519489 232.691463
1025.425411 230.379837
1133.096371 228.355548
1242.304551 226.870723
601.873921 333.294055
703.483109 330.915669
807.619237 328.855540
914.113923 326.993381
1022.831244 325.515518
1133.445946 324.358666
1245.560774 323.524894
588.651097 429.831488
692.590511 428.578992
799.129705 427.623992
908.507918 426.747738
1020.004220 426.181705
1133.557221 425.838309
1248.642586 425.823129
574.992223 531.499681
681.188842 531.561715
790.520365 531.834752
902.444447 532.129671
1016.880309 532.656331
1133.445473 533.218029
1251.619024 534.027621
560.907906 638.371304
669.692788 639.805488
781.462077 641.371588
896.190470 643.135163
1013.452522 644.793085
1133.011847 646.493647
1254.301324 648.194164
663.174542 376.831484
785.363688 377.375187
906.276513 378.305225
1025.608734 379.670482
1142.781121 381.340791
1257.457418 383.101761
1369.464879 385.241947
668.576532 487.677650
786.736186 487.711061
903.649016 488.005135
1019.052329 488.453363
1132.455073 489.016108
1243.632681 489.724383
1352.257714 490.703075
674.031914 591.555010
788.131082 591.095841
901.192794 590.684496
1012.820232 590.349195
1122.662567 590.127234
1230.376574 589.765664
1335.706264 589.670926
679.234625 688.654043
789.583711 687.749039
898.864739 686.775315
1006.914071 685.887737
1113.261779 684.839257
1217.642480 683.689026
1319.853821 682.697064
684.326482 779.390377
791.090699 778.113857
896.819373 776.630029
1001.272609 775.123008
1104.324318 773.472822
1205.437641 771.827781
1304.672161 769.996746
689.103065 864.434726
792.540177 862.705714
894.813317 860.829512
996.043829 858.815118
1095.775450 856.601014
1193.958046 854.333498
1290.302250 851.974357
693.750627 944.108142
793.800657 941.944385
892.990740 939.617032
991.042269 937.232086
1087.732976 934.589439
1182.970045 931.808471
1276.529287 928.982363
677.704091 148.526156
771.017745 144.743502
866.206101 141.210017
963.265986 138.133865
1061.979464 135.316009
1162.285374 132.878336
1263.706075 130.884415
663.914056 225.737702
759.926019 222.572481
858.071977 219.632166
958.207781 217.112890
1060.199823 214.889968
1163.694081 213.017953
1268.475374 211.538744
649.263726 308.154605
748.182920 305.702873
849.330041 303.556927
952.799907 301.682881
1058.090525 300.152383
1164.991283 298.867955
1273.359219 298.054481
633.905008 396.083827
735.792772 394.530870
840.173472 393.286131
946.878009 392.190535
1055.688992 391.431320
1166.274479 390.992652
1278.287453 390.773944
617.774525 490.028900
722.711747 489.549311
830.264910 489.405805
940.623598 489.277219
1053.011837 489.383063
1167.390333 489.701273
1283.220863 490.274461
600.820576 590.246677
708.828403 591.095428
820.025230 592.152950
933.786497 593.240143
1050.003033 594.437800
1168.347548 595.640202
1288.267788 596.992316
582.960026 697.211396
694.475068 699.516334
809.049900 701.919163
926.576626 704.395412
1046.637910 706.756924
1169.026359 709.106567
1293.094384 711.383961
636.493047 374.430663
752.297451 373.685511
869.007521 373.249709
986.546738 373.239132
1104.221575 373.561773
1221.594594 374.138735
1338.401778 375.052308
641.770002 487.563185
755.736057 487.313040
870.627048 487.300006
986.183603 487.495500
1101.942140 487.788947
1217.446773 488.259635
1332.336927 489.000085
647.254640 597.262503
759.278899 597.449963
872.222923 597.740272
985.822984 598.074067
1099.598106 598.466906
1213.097608 598.793041
1326.065808 599.372237
652.778654 703.206125
762.872692 703.815014
873.744624 704.435123
985.326395 705.007667
1097.079856 705.408034
1208.587861 705.706053
1319.596493 706.048871
658.342247 805.446976
766.480008 806.373335
875.368815 807.199882
984.818437 807.856801
1094.491950 808.397429
1203.951110 808.749124
1312.964013 808.904433
663.818351 903.971006
770.011870 905.160707
876.844315 906.190926
984.283997 907.011023
1091.872169 907.544114
1199.335427 907.872409
1306.349090 908.005388
669.265790 998.585802
773.466701 999.995694
878.365233 1001.181527
983.773679 1002.200647
1089.277558 1002.788550
1194.632644 1003.105908
1299.647437 1003.159449
271.016972 102.280892
372.257641 105.739789
472.075674 109.348295
570.351800 113.489533
666.958417 117.821263
761.772730 122.445963
854.448191 127.390956
256.624523 179.621364
361.106412 182.374938
464.152926 185.433328
565.567359 188.903443
665.284921 192.592626
762.896796 196.521486
858.327784 200.659261
241.649245 262.246865
349.494583 264.341304
455.876217 266.748558
560.711185 269.419922
663.477416 272.308743
764.081806 275.340164
862.429507 278.732252
226.030097 350.625673
337.534987 351.890947
447.465285 353.492336
555.593572 355.249207
661.660557 357.288929
765.450574 359.469337
866.823066 361.896504
209.862702 445.220477
325.089757 445.580945
438.587574 446.311051
550.422222 447.128604
659.903325 448.099403
766.965492 449.254366
871.473040 450.576639
193.139668 546.400086
312.126258 545.836200
429.721789 545.544091
545.131433 545.276916
658.274446 545.117915
768.792531 545.054217
876.566838 545.140084
175.762443 654.622792
298.966522 653.064678
420.561958 651.450947
539.905425 650.018311
656.773371 648.532953
770.792825 647.186452
881.857024 645.863454
238.014402 380.825845
364.126947 383.205437
485.962424 385.719633
603.566717 388.530873
716.571300 391.422696
825.053643 394.279490
929.037531 397.341068
244.294821 493.942912
367.423662 494.178756
486.434833 494.667498
601.316616 495.198540
711.793346 495.802147
818.054256 496.467598
919.973317 497.307803
251.084035 601.885418
371.048051 600.186905
487.196668 598.559153
599.455483 597.077768
707.518735 595.680385
811.446847 594.293498
911.280863 593.130812
257.862339 704.627463
374.930120 701.115222
488.210298 697.676570
597.892521 694.340576
703.577432 691.084893
805.200271 687.889530
902.949301 684.930691
264.891952 802.254372
378.953688 797.204525
489.559225 792.058658
596.520309 787.072271
699.905380 782.119319
799.287477 777.388063
894.983455 772.610112
271.908325 895.192185
383.158698 888.657306
490.963805 882.121674
595.547239 875.601585
696.444556 869.036184
793.784474 862.655503
887.426926 856.434222
279.021454 983.375760
387.378238 975.461321
492.668650 967.576534
594.678810 959.818056
693.291329 951.944902
788.401547 944.129661
880.127590 936.509789
269.140750 172.058047
384.263140 178.029258
495.781329 184.157944
603.717338 190.637579
707.895971 197.170765
808.249125 203.792458
904.747950 210.540203
264.508131 276.601001
380.976810 280.751195
493.800899 285.148003
602.856984 289.760205
708.114641 294.482886
809.413465 299.239388
906.805153 304.129615
260.441650 383.699081
378.040847 386.019467
492.005272 388.538506
602.280395 391.239710
708.429462 394.020129
810.619949 396.808493
908.885743 399.843348
256.829211 493.261973
375.644571 493.585624
490.646969 494.087846
601.825346 494.764918
708.907652 495.592995
811.972054 496.441281
911.043926 497.494871
253.775196 604.891520
373.569878 603.198042
489.517172 601.681052
601.702257 600.276283
709.637846 598.990638
813.412845 597.848158
913.150490 596.827017
251.269760 718.481358
371.912108 714.722731
488.865145 711.129890
601.853685 707.618457
710.577484 704.096432
815.047941 700.834192
915.410191 697.635144
249.397878 833.651818
370.848938 827.802243
488.581875 821.863367
602.263864 816.252641
711.706756 810.537981
816.752387 805.019343
917.587422 799.641714
287.582066 114.094475
395.690418 120.740642
500.645562 127.468429
602.372620 134.555517
700.801993 141.721818
795.811012 149.009812
887.361775 156.353481
279.514208 202.416819
390.484977 207.656142
498.180488 213.142517
602.409956 218.842924
703.222205 224.634909
800.341702 230.499457
893.888834 236.457144
271.380059 295.640603
385.292472 299.410396
495.736830 303.416544
602.696052 307.592723
705.824558 311.837221
805.169540 316.090442
900.747885 320.613315
263.322892 394.023425
380.314631 396.101545
493.558978 398.430045
603.040683 400.843046
708.597489 403.453819
810.237522 406.097693
907.978801 408.928216
255.418340 497.760290
375.376514 497.997675
491.444831 498.509903
603.687332 499.071186
711.687349 499.752666
815.582197 500.598569
915.432962 501.515686
247.692956 606.988622
370.577359 605.228893
489.732775 603.685186
604.617403 602.214240
715.158446 600.826671
821.406083 599.594554
923.346844 598.510015
240.027606 721.865082
366.134629 717.954360
488.239473 713.990163
605.904913 710.327578
719.022521 706.668378
827.406481 703.241056
931.410841 699.859523
192.639807 357.453779
316.676657 358.477109
438.758800 359.837054
558.714579 361.531054
676.081276 363.477651
790.505520 365.523062
901.960424 367.879910
207.870312 467.012303
327.996000 467.019284
446.205379 467.296790
562.286217 467.671534
675.900240 468.199122
786.894231 468.836160
895.033497 469.728201
222.942889 570.005618
339.044173 569.020978
453.478963 568.125975
565.948175 567.354004
676.046233 566.728478
783.619636 566.086989
888.524478 565.659153
237.385838 666.609674
349.898546 664.699597
460.586429 662.857278
569.572091 661.120251
676.357567 659.376075
780.607297 657.638463
882.441160 656.105699
251.469751 757.129531
360.390641 754.569818
467.712748 751.831415
573.182833 749.181204
676.805203 746.473208
777.886046 743.924526
876.702441 741.259626
265.014593 842.245883
370.537212 838.957767
474.455129 835.505695
576.843494 832.063567
677.233082 828.492108
775.478640 824.944744
871.429372 821.414780
278.179339 922.087009
380.319338 918.148631
481.126317 914.055172
580.371044 909.951803
677.797488 905.643475
773.111154 901.266869
866.381464 896.953537
329.929368 227.097700
455.457097 235.218250
574.443854 243.200544
687.113146 251.243192
793.695242 259.196222
894.289724 266.911451
989.282253 274.581153
328.776513 345.607515
452.679956 350.287449
570.202711 355.103940
681.466288 359.852325
786.753885 364.591199
886.368712 369.232012
980.443196 373.932879
328.417946 461.099833
450.379914 462.589792
566.288394 464.141856
676.153292 465.837392
780.147284 467.581404
878.658345 469.281114
971.738108 471.157990
328.524785 573.276057
448.676959 571.648620
562.796925 570.231890
671.189615 569.015256
773.851336 567.938058
871.127931 566.886779
963.220567 566.146411
329.191745 681.859112
447.333135 677.442365
559.785694 673.194614
666.543861 669.271434
767.871837 665.478046
863.823433 661.985902
954.826734 658.598783
330.289292 787.039710
446.458090 779.965274
557.052049 773.097766
662.331948 766.582000
762.202003 760.235241
856.911268 754.258082
946.762117 748.497821
331.783968 888.500592
445.838866 878.939257
554.747148 869.572680
658.308852 860.718105
756.767808 852.002242
850.101828 843.677798
938.815798 835.739407
123.079271 48.474660
249.669056 52.679560
374.529623 57.070032
497.506656 62.264472
617.981125 67.895270
735.728165 73.997437
850.385109 80.559996
124.226868 169.761014
250.437160 172.572121
374.801243 175.872257
497.075803 179.601604
617.057409 183.756550
734.280381 188.243590
848.413515 193.148919
126.583096 290.083670
251.892764 291.754987
375.526560 293.795092
497.224531 296.185080
616.476634 298.906287
732.976121 301.778086
846.478694 305.027049
129.545001 409.269796
254.147800 409.773537
376.875519 410.578197
497.688958 411.634550
616.150295 412.927100
731.823324 414.325890
844.616529 416.032366
133.404990 526.928188
256.973108 526.405543
378.782643 525.995287
498.602048 525.742801
616.143624 525.599764
730.864328 525.666000
842.805636 525.798286
137.929189 642.895877
260.395865 641.261236
381.146787 639.690878
499.930372 638.195557
616.451701 636.655898
730.282692 635.258607
841.207604 633.964390
143.163984 756.677997
264.395156 753.979718
384.003546 751.181654
501.646814 748.535080
617.053826 745.690986
729.775863 742.924424
839.631921 740.275204
162.762020 154.459812
300.220763 161.209355
432.813511 168.221081
560.708159 175.656529
683.584234 183.310731
801.106484 190.998714
913.437410 198.906575
170.025792 281.662075
304.250406 285.808994
433.837712 290.337431
558.771953 295.005023
678.846015 299.888868
793.953153 304.795191
904.059449 309.937310
178.018393 403.346228
308.735840 405.119447
435.217521 407.075923
557.308062 409.283368
674.635051 411.642501
787.227392 414.010974
895.064789 416.599424
186.203488 519.367604
313.723836 518.912818
436.973286 518.624631
556.159892 518.568653
670.799983 518.613874
780.872277 518.652791
886.499915 519.029002
194.721394 629.705931
318.927587 627.333322
439.208614 624.949165
555.338045 622.809398
667.406576 620.717472
774.925921 618.831256
878.293878 617.036171
203.402710 734.726785
324.423830 730.497365
441.551356 726.305945
554.968301 722.275091
664.348895 718.201493
769.552079 714.435402
870.598986 710.774028
212.209030 834.379009
329.957994 828.470117
444.224129 822.545751
554.798556 816.852956
661.607406 811.116225
764.356619 805.532884
863.194902 800.177708
138.686452 288.901736
255.438463 288.685533
372.360978 288.738408
489.490100 289.323805
606.363350 290.158686
722.625014 291.339000
837.801914 292.900710
130.576804 401.746865
248.532885 401.398323
366.740618 401.314181
485.100477 401.587361
603.297182 402.033758
720.689802 402.707082
837.049894 403.651326
123.148215 517.248647
242.141549 516.803288
361.497530 516.578787
481.144109 516.482374
600.397559 516.507868
718.877842 516.603283
836.380375 516.999824
116.222065 635.066203
236.450571 634.518906
356.852286 634.052986
477.452044 633.625769
597.776637 633.204141
717.340857 632.815157
835.842525 632.598800
110.132620 754.846648
231.171783 754.246711
352.569586 753.632068
474.149700 752.830506
595.421017 751.951344
715.981525 751.061469
835.303456 750.163952
104.607380 876.434795
226.443012 875.713219
348.807379 874.893435
471.207073 873.822101
593.377569 872.462448
714.797153 870.922267
834.988157 869.221263
100.218383 999.021702
222.346822 998.619075
345.725982 997.278881
468.832028 996.055830
591.619021 994.212101
713.678691 992.028583
834.539522 989.609238
246.600944 204.659041
366.446410 210.213201
482.444326 215.858508
594.585827 221.942966
702.714663 228.035841
806.814949 234.240218
906.724988 240.550119
237.062166 305.400588
360.280813 309.139423
479.547436 313.149242
594.617883 317.413710
705.530793 321.774047
812.095078 326.171713
914.330563 330.747082
227.486567 412.011499
354.156724 413.880870
476.652186 415.978931
594.979590 418.269110
708.578346 420.634162
817.677322 423.057763
922.314193 425.741383
217.978266 524.948817
348.314663 524.620521
474.182125 524.511091
595.452455 524.515827
711.910407 524.775021
823.646676 525.074326
930.706192 525.597659
208.707189 644.217170
342.602128 641.462674
471.763047 639.019173
596.305083 636.638482
715.711525 634.361853
830.010261 632.315997
939.390809 630.407617
199.731580 770.059820
337.115563 764.727298
469.920555 759.604689
597.546497 754.535436
719.938546 749.537865
836.870022 744.814744
948.607494 740.196961
190.894043 902.567570
332.175911 894.392473
468.398203 886.162352
599.225554 878.206676
724.510970 870.245371
844.020494 862.515014
958.059437 854.947228
1038.584780 408.960249
1138.651060 406.375531
1243.137911 404.015178
1352.287119 401.722395
1465.773475 399.630233
1583.652916 397.613583
1705.912353 395.794925
1046.835663 504.602735
1145.018763 504.318865
1247.408461 504.179229
1354.214183 504.164325
1465.186749 504.218977
1580.417477 504.493403
1699.825070 504.967318
1054.680468 596.644883
1150.926738 598.349517
1251.256874 600.193473
1355.691742 602.179046
1464.232406 604.397515
1576.797708 606.633840
1693.350824 609.192636
1062.074449 684.807567
1156.392732 688.376579
1254.615834 692.147732
1356.796666 696.090784
1462.921373 700.093597
1572.879432 704.239513
1686.521384 708.593826
1069.130846 769.285418
1161.514126 774.640467
1257.684006 780.076713
1357.596683 785.652602
1461.298297 791.443290
1568.632015 797.342623
1679.545940 803.387396
1075.708425 850.227039
1166.250282 857.159444
1260.323364 864.140272
1358.053796 871.320348
1459.320956 878.622862
1564.176242 886.076357
1672.419032 893.697819
1082.093282 927.722637
1170.654940 935.946743
1262.708827 944.351398
1358.293237 953.002404
1457.243875 961.714019
1559.564386 970.513964
1665.167567 979.572007
1067.967806 227.485295
1161.314318 221.463708
1258.390241 215.577891
1359.383050 209.845317
1464.108439 204.187705
1572.665133 198.735901
1684.856882 193.493147
1065.668709 317.883810
1159.805810 313.836073
1257.788549 309.838166
1359.743312 306.012830
1465.549018 302.229254
1575.195807 298.690258
1688.560748 295.354698
1063.191557 410.297976
1158.073798 408.124350
1256.905056 406.128002
1359.789212 404.225884
1466.539631 402.520790
1577.210992 400.864999
1691.775518 399.544844
1060.540562 504.283618
1156.122427 504.126535
1255.684229 504.213130
1359.367810 504.426431
1467.060584 504.731463
1578.703634 505.288826
1694.247926 505.915674
1057.772781 599.852463
1153.944930 601.790347
1254.158975 603.996114
1358.595811 606.308708
1467.098576 608.803062
1579.699002 611.434499
1696.057791 614.320483
1054.779143 696.708468
1151.406719 700.932954
1252.291654 705.325348
1357.295636 709.818238
1466.585886 714.582343
1579.997013 719.401296
1697.212224 724.440940
1051.677155 794.643274
1148.767167 801.017147
1250.101570 807.625675
1355.790678 814.528218
1465.640505 821.544205
1579.656635 828.628876
1697.662514 835.986662
1089.337990 175.724568
1178.314998 169.176993
1270.598231 162.704446
1366.360660 156.392375
1465.445340 150.181297
1567.994259 144.153225
1673.762678 138.295125
1082.937981 253.743627
1173.693594 248.695045
1268.019104 243.641040
1365.942632 238.813464
1467.444545 234.046305
1572.416415 229.514832
1680.820807 225.143272
1076.080752 335.563151
1168.748736 332.060519
1265.097563 328.663902
1365.295816 325.380453
1469.123400 322.284722
1576.625975 319.260551
1687.820451 316.573523
1068.869471 421.072985
1163.406972 419.251767
1261.845680 417.707467
1364.216131 416.203685
1470.503002 414.873599
1580.639244 413.728768
1694.576895 412.678989
1061.244922 510.554882
1157.662490 510.663995
1258.062712 511.051708
1362.829625 511.437081
1471.482526 512.101932
1584.293102 512.914437
1700.937825 513.925538
1053.121123 603.894407
1151.294125 606.157505
1253.971443 608.682319
1360.836148 611.245710
1472.050390 614.122111
1587.543409 617.070666
1707.078396 620.228584
1044.523092 701.220778
1144.624675 705.781120
1249.278495 710.550396
1358.510443 715.579256
1472.138243 720.779450
1590.273374 726.175534
1712.688699 731.739621
1084.690503 463.136772
1191.644315 462.339579
1301.666784 461.839181
1414.713051 461.460003
1530.259121 461.338917
1648.230538 461.298246
1768.434440 461.482052
1090.208707 557.820840
1194.113160 558.577685
1300.830469 559.512648
1410.362466 560.516360
1522.286057 561.598222
1636.609038 562.854881
1752.897041 564.256359
1095.351151 647.276437
1196.196339 649.291389
1299.787573 651.382961
1405.907431 653.560457
1514.419401 655.915102
1625.133510 658.182408
1737.769152 660.647580
1100.002020 731.509266
1197.974623 734.684693
1298.446836 737.924386
1401.421817 741.257815
1506.654014 744.545703
1613.857958 747.842520
1722.960208 751.168506
1104.385537 810.886584
1199.537420 815.131774
1297.123335 819.342543
1396.968019 823.563906
1499.020748 827.836654
1602.911377 832.067103
1708.577990 836.222719
1108.332452 885.847148
1200.834210 891.017785
1295.544333 896.091781
1392.489741 901.169550
1491.432516 906.201171
1592.271835 911.216837
1694.684778 916.203678
1112.126979 956.575761
1201.929713 962.463619
1293.956435 968.301622
1388.110055 974.201596
1484.153738 979.966284
1581.939316 985.586614
1681.341569 991.243952
1122.100915 146.134667
1211.988362 141.717847
1303.924289 137.522506
1397.887108 133.676069
1493.639667 130.047443
1591.241283 126.743388
1690.375437 123.702134
1118.387184 217.478907
1210.790559 213.900466
1305.454041 210.488855
1402.214764 207.438143
1500.977132 204.594629
1601.500828 202.076132
1703.660595 199.807983
1114.234805 293.320594
1209.353217 290.645056
1306.795993 288.235588
1406.601198 286.044288
1508.343435 284.118642
1612.026675 282.312033
1717.489951 280.955220
1109.809297 373.841888
1207.690464 372.174996
1308.134356 370.851559
1410.898857 369.635400
1515.855768 368.671083
1622.849979 367.953303
1731.660987 367.394766
1104.986519 459.445563
1205.735572 458.975002
1309.109346 458.833456
1415.179681 458.768319
1523.412600 458.913922
1633.888701 459.221679
1746.155802 459.765781
1099.743829 550.343337
1203.314389 551.308196
1310.035852 552.514666
1419.249784 553.719235
1531.011474 555.163380
1645.095741 556.692437
1761.105329 558.350224
1093.907421 646.938480
1200.667053 649.382235
1310.576540 651.984428
1423.333333 654.783178
1538.632519 657.624342
1656.408014 660.569606
1776.250265 663.545074
1084.763231 237.598740
1165.752926 230.833684
1250.651290 224.006086
1339.696073 217.159365
1432.947706 210.194166
1530.614984 203.224175
1632.634667 196.267534
1073.177547 307.748033
1155.915888 302.622074
1242.785843 297.406490
1334.070054 292.260262
1429.845464 287.023891
1530.136964 281.821022
1635.157258 276.661475
1060.841334 381.721837
1145.434256 378.345619
1234.344455 375.036477
1327.955967 371.660732
1426.195065 368.439397
1529.268148 365.140247
1637.411335 362.074090
1047.869458 459.523548
1134.283529 458.117160
1225.306529 456.901769
1321.124923 455.671842
1422.015549 454.584243
1528.017593 453.671977
1639.294883 452.789584
1034.152297 541.479458
1122.430036 542.309476
1215.439793 543.377357
1313.784372 544.540192
1417.234133 545.891440
1526.270115 547.418983
1640.762989 549.235285
1019.635779 627.583698
1109.613004 630.967941
1204.968845 634.613327
1305.539919 638.416524
1411.793668 642.603079
1523.874250 646.960727
1641.777325 651.659434
1004.261914 718.084973
1096.191715 724.200411
1193.570590 730.701073
1296.692112 737.583412
1405.613468 744.794978
1520.843987 752.415053
1642.201213 760.377615
1135.880746 278.750547
1227.763045 274.299813
1323.114050 269.983901
1422.007779 265.878982
1524.254537 261.827118
1630.053887 257.948390
1739.134163 254.242437
1130.199902 361.125857
1223.940619 358.312704
1321.391640 355.571634
1422.498345 353.060216
1527.206074 350.649490
1635.457996 348.325151
1747.183590 346.292098
1124.054185 447.419766
1219.749156 446.284540
1319.291436 445.333823
1422.688237 444.508297
1529.787693 443.970435
1640.662369 443.362225
1755.208287 443.113074
1117.529107 537.490418
1215.120689 538.197256
1316.801858 539.242359
1422.420962 540.346854
1531.996789 541.667372
1645.552752 543.207631
1762.885478 544.813551
1110.545116 631.490558
1210.101827 634.269876
1313.742206 637.425215
1421.805134 640.644339
1533.791820 644.124480
1650.119736 647.744253
1770.113197 651.589020
1103.084264 729.374520
1204.390222 734.592602
1310.334098 740.021489
1420.545233 745.530982
1535.143228 751.391186
1654.103849 757.343834
1777.038659 763.495294
1095.178004 831.190198
1198.448338 838.844652
1306.374175 846.733045
1418.995694 854.942363
1536.021611 863.326238
1657.571662 871.829694
1783.449273 880.575787
1149.992945 378.937684
1253.845922 377.278082
1360.375747 375.932233
1469.438558 374.807740
1580.782232 373.895714
1694.240103 373.176028
1809.572305 372.722570
1149.971611 479.756206
1253.870514 479.638459
1360.576685 479.676899
1469.744210 479.952338
1581.163711 480.326409
1694.783098 480.891519
1810.195833 481.657348
1149.686794 580.990571
1253.595156 582.328660
1360.322128 583.809190
1469.491520 585.380683
1580.964740 587.168328
1694.567406 588.885911
1810.098198 590.907768
1149.207872 682.119582
1253.060499 684.882567
1359.627721 687.855666
1468.734677 690.870553
1580.174417 693.891173
1693.649135 696.967284
1809.031899 700.102189
1148.562594 782.976418
1252.185241 787.267391
1358.556089 791.622315
1467.526233 796.000051
1578.748339 800.428602
1692.110414 804.799396
1807.274898 809.156107
1147.663814 883.378104
1251.021202 889.203101
1357.128655 894.988293
1465.772194 900.766370
1576.707128 906.496091
1689.846019 912.135366
1804.804598 917.708413
1146.670700 983.039975
1249.590094 990.295963
1355.344413 997.474399
1463.687185 1004.719714
1574.239315 1011.712271
1686.851082 1018.376448
1801.570734 1025.612732
1080.949488 204.491215
1184.961122 197.073297
1293.557166 189.875960
1406.959918 182.749052
1524.893130 175.831985
1647.296351 169.043828
1774.144520 162.489992
1088.901849 306.523486
1191.056908 301.763039
1297.615021 297.051117
1408.753106 292.477843
1524.176737 287.982269
1644.025963 283.727864
1768.028336 279.713812
1096.468773 405.155153
1196.673910 402.635544
1301.197625 400.207856
1409.984804 397.903980
1522.981602 395.851183
1640.144339 393.815762
1761.379333 392.076641
1103.535207 499.973038
1201.832997 499.552138
1304.216306 499.354709
1410.746892 499.305270
1521.272413 499.288073
1635.789496 499.456208
1754.205190 499.737216
1110.237067 591.138427
1206.587265 592.731268
1306.889501 594.460822
1411.079152 596.288596
1519.177984 598.325653
1631.094962 600.486327
1746.658300 602.765541
1116.387508 678.707938
1210.851668 682.126456
1309.025842 685.631053
1410.959682 689.274438
1516.654950 693.106290
1626.051816 697.045073
1738.860419 701.159092
1122.247433 762.644276
1214.730618 767.624964
1310.846331 772.745097
1410.623507 778.153685
1513.908061 783.627919
1620.654147 789.161435
1730.845305 794.940300
1186.863648 82.809517
1296.027098 80.200820
1406.206539 78.185546
1517.243857 76.716649
1628.716398 75.687056
1740.450700 75.052358
1852.188069 75.124727
1187.198214 189.580149
1295.914387 187.820385
1405.641976 186.434817
1516.148598 185.532294
1627.073912 184.992679
1738.291771 184.851070
1849.431551 185.088274
1187.299067 295.938594
1295.387075 294.881261
1404.560977 294.174352
1514.455719 293.789517
1624.785864 293.787272
1735.326035 293.893285
1845.922408 294.460599
1187.078031 401.392083
1294.523649 401.009045
1402.964031 400.941453
1512.176367 401.149235
1621.831979 401.498455
1731.685883 402.070685
1841.516216 402.862956
1186.635959 505.687158
1293.277231 506.039336
1400.945373 506.591894
1509.335942 507.277336
1618.294697 508.130644
1727.391593 509.085984
1836.388883 510.139254
1185.857305 608.646507
1291.664873 609.743973
1398.457482 610.907980
1506.011328 612.110895
1614.060745 613.382144
1722.418983 614.657842
1830.646865 616.061343
1184.874110 709.941951
1289.681327 711.636268
1395.629098 713.341807
1502.276135 715.174155
1609.419353 716.878695
1716.723226 718.482753
1824.154814 720.217330
