-1.90398547359447 -1.77749771951907 0.11034840739615 
-1.99964263704648 -2.15754920581687 0.78054250783050 
2.03728459660820 2.12929125016921 0.64940117544859 
1.93042619913348 1.81785202624684 0.08874551762409 
2.08455870095076 2.07566033430598 -0.12225330025953 
-2.05819994682644 -2.03599226839156 -0.09678547977864 
2.04594575737204 2.18315619451532 0.77200536387466 
1.98285952569932 1.94910052861043 0.30129773148184 
1.92977471703992 1.81776885940074 0.08904101386411 
2.16067568447425 2.18757096415145 0.32807020111381 
2.04641066749786 2.18274843447860 0.77221131903537 
2.13296983611512 2.13240915462006 -0.01318859292357 
1.93013489732551 1.81808606273662 0.08938546082607 
-1.90427134856925 -1.77801742269693 0.11022721214644 
-1.98365063550503 -2.03979996747305 0.54486164831411 
-1.99908385509686 -2.15791004888413 0.77996724014058 
-1.99885317352130 -2.15814803283242 0.78056044974688 
-2.09007296513203 -2.09824210277030 0.22882278220225 
-1.90488156566652 -1.77772407680694 0.11040108883495 
-2.10445954311092 -2.09536030577564 0.01046600661411
