507.919916 403.983279
586.222230 399.521304
670.122875 394.749419
760.110501 389.896739
856.916438 384.851189
960.963669 379.604726
1072.760971 374.385683
529.106488 498.021608
606.639203 496.613014
689.491933 495.412265
778.288967 494.283616
873.713832 493.012003
975.974084 491.904845
1085.667656 490.856168
549.811794 588.522847
626.477038 590.305372
708.340336 592.244800
795.996056 594.297644
889.786708 596.655246
990.318525 599.074405
1097.901608 601.937637
569.917216 675.719205
645.728930 680.240399
726.576136 685.120815
812.886358 690.440421
905.237164 695.840238
1003.882496 701.607489
1109.267482 707.794955
589.461273 759.694925
664.437997 766.692343
744.243236 774.176019
829.281585 782.138913
920.068688 790.489883
1016.813919 799.228619
1119.876224 808.473088
608.455365 840.417985
682.431042 849.662767
761.191796 859.555127
844.906986 869.881510
934.085530 880.770402
1028.993306 892.157682
1129.954893 904.194240
626.728322 917.827531
699.821230 929.169456
777.478221 941.036096
859.934529 953.693100
947.504405 966.842470
1040.556615 980.668753
1139.295406 995.122786
635.016498 165.572324
708.430311 154.984903
786.345220 144.005548
869.121294 132.682296
956.997237 120.900928
1050.541947 108.672710
1149.611929 96.249738
616.617692 243.182105
691.003521 234.584373
769.964239 225.770733
853.986612 216.616367
943.644579 207.092215
1038.943299 197.383778
1140.294102 187.507068
597.635547 324.229579
672.864292 317.977685
752.963346 311.511075
838.435225 304.713889
929.525417 297.844450
1026.710039 290.751493
1130.285745 283.571272
578.175858 408.719333
654.186925 404.968826
735.275981 401.140721
822.028045 397.276934
914.717458 393.150355
1013.711620 389.089544
1119.550507 385.049500
558.064404 496.842449
634.897100 495.902977
717.025863 495.019541
805.037175 494.101029
899.262948 493.363601
1000.116785 492.508195
1107.929858 491.991981
537.346949 588.535885
614.978111 590.549682
698.208494 592.964305
787.380491 595.443488
883.007892 598.297456
985.583084 601.232226
1095.704909 604.474691
516.168435 683.822466
594.571910 689.151014
678.957690 694.859068
769.198544 701.272349
866.131416 707.862534
970.507262 714.912687
1082.458861 722.497267
916.524575 308.477929
1026.221076 316.027150
1128.734966 323.435012
1224.244083 330.707455
1313.611552 337.752846
1396.964513 344.413272
1474.856253 350.891098
906.867265 427.424304
1015.449282 430.923828
1116.952452 434.486288
1211.593662 438.005791
1300.141591 441.474870
1382.994232 444.808314
1460.270644 448.073058
897.642995 543.136779
1004.788894 542.877481
1105.150133 542.763871
1198.938098 542.674583
1286.686224 542.753510
1368.849939 542.774278
1445.715911 543.080504
888.712220 655.220394
994.434030 651.410745
1093.500420 647.874460
1186.383110 644.574328
1273.323434 641.336998
1354.725989 638.446642
1431.118606 635.724307
880.131718 763.503831
984.328417 756.427522
1082.088754 749.749515
1173.812290 743.346398
1259.994883 737.225853
1340.669027 731.484304
1416.504447 726.004814
871.849720 867.956144
974.414941 857.830834
1070.904885 848.257464
1161.572786 839.010219
1246.742760 830.212265
1326.771849 821.749534
1402.073513 813.783642
863.827283 968.614685
964.817957 955.662251
1059.967732 943.184107
1149.513900 931.554687
1233.759742 920.206917
1312.966034 909.422908
1387.608269 899.094476
858.364133 93.393555
956.116642 106.151347
1048.504020 118.501805
1135.513590 130.587641
1217.586463 142.268845
1295.090390 153.586189
1368.084032 164.468675
868.487509 184.109265
968.505235 194.498912
1062.710868 204.720646
1151.406621 214.704519
1234.775568 224.279671
1313.338327 233.665389
1387.240436 242.691022
879.275578 280.065006
981.398502 287.866793
1077.535677 295.603458
1167.754284 303.106847
1252.495897 310.443729
1332.127477 317.476436
1407.013055 324.285682
890.564759 381.284276
994.967390 386.215920
1092.880198 391.146742
1184.738052 396.006968
1270.796358 400.603603
1351.429926 405.213266
1427.235731 409.627785
902.515246 488.149590
1009.026367 489.838438
1108.874723 491.634680
1202.153572 493.394043
1289.606767 495.142681
1371.332318 496.875753
1447.891160 498.616968
914.981662 600.746362
1023.709397 598.768407
1125.312633 597.105737
1220.157101 595.425462
1308.818357 594.010644
1391.661607 592.589613
1469.080386 591.395750
928.218103 719.172664
1038.937246 713.089941
1142.299006 707.319023
1238.710703 702.147161
1328.554586 697.076069
1412.390938 692.367712
1490.648799 688.009058
689.439120 76.916451
796.029964 79.295351
901.614309 82.194334
1005.874845 85.543152
1108.751123 89.311873
1209.767658 93.511912
1308.880736 98.002398
685.730641 172.273308
794.530449 174.150673
902.156060 176.516300
1008.442371 179.293506
1113.215099 182.455630
1216.159150 186.035913
1316.979465 189.993033
682.163353 271.817678
792.914784 273.169428
902.655032 275.020855
1011.074932 277.117479
1117.732376 279.674818
1222.504680 282.471897
1325.127476 285.592481
678.615423 375.401433
791.347501 376.277771
903.159166 377.506232
1013.631645 379.078161
1122.247844 380.806334
1228.761677 382.887194
1333.217377 385.103447
675.049480 483.278150
789.895741 483.650219
903.793087 484.279679
1016.136981 485.048117
1126.779592 486.086546
1235.096728 487.115004
1341.126497 488.384300
671.633923 595.238349
788.500306 595.048211
904.303646 595.122111
1018.670118 595.116700
1131.060330 595.201932
1241.270321 595.217654
1349.006538 595.463550
668.474591 711.265307
787.114510 710.465174
904.886899 709.629871
1021.173286 708.951805
1135.341527 708.039000
1247.265610 707.071568
1356.654000 706.104228
589.731448 380.016081
698.664870 378.014255
810.553313 376.097132
925.140470 374.488494
1042.344559 373.228552
1161.552901 372.323689
1282.456852 371.622319
598.038226 489.579534
705.400053 488.866105
815.595499 488.469735
928.386427 488.208340
1043.670152 488.058301
1160.943943 488.141218
1279.743540 488.375482
606.521755 595.806660
712.194414 596.562045
820.493102 597.370365
931.593944 598.316407
1044.842857 599.182691
1160.104442 600.144220
1276.935955 601.332733
614.940013 698.648327
718.915896 700.608522
825.409408 702.677988
934.538693 704.722333
1045.823525 706.602782
1158.940123 708.516477
1273.702965 710.402783
623.272860 798.060373
725.595257 801.075920
830.321748 804.177992
937.395684 807.178968
1046.709240 810.071498
1157.694358 812.877384
1270.167429 815.504875
631.474710 893.984214
732.031572 897.959223
834.997121 902.032211
940.173871 905.944889
1047.374051 909.649915
1156.241179 913.236065
1266.680806 916.588526
639.601430 986.361581
738.331638 991.257823
839.490217 995.987655
942.841125 1000.829269
1047.963447 1005.343752
1154.732193 1009.680503
1262.958621 1013.769187
306.077805 380.450052
433.109868 384.104720
553.654839 387.840394
667.674164 391.702674
775.538117 395.566198
877.346698 399.338895
973.584852 403.101774
306.826420 494.992757
430.970623 495.397387
548.902606 495.981936
660.465139 496.727777
766.167551 497.575912
866.279784 498.458947
960.787136 499.415224
308.181028 604.348262
429.275186 601.809207
544.503359 599.523564
653.922497 597.325130
757.427379 595.376487
855.599939 593.545009
948.607502 592.008439
309.903025 708.510625
428.058918 703.289101
540.643775 698.356690
647.716666 693.709581
749.192470 689.189987
845.492078 684.956437
936.825011 680.913713
312.032472 807.728751
427.312464 800.083505
537.301668 792.768568
641.935717 785.692856
741.532894 778.919153
835.866396 772.478928
925.508408 766.172167
314.261850 902.106122
426.856878 892.317505
534.260013 882.868181
636.667948 873.672282
734.085186 864.753174
826.683308 856.139908
914.687603 847.928938
316.952283 991.694884
426.621268 980.080056
531.554585 968.516141
631.717902 957.513620
727.107307 946.770491
817.869904 936.354077
904.254489 926.346237
319.659681 166.117844
435.821370 175.236441
546.610691 184.361288
651.948981 193.485883
752.139826 202.491084
847.103422 211.265819
937.326286 219.844449
316.688733 272.116263
434.351303 278.577798
546.238368 285.135356
652.688684 291.639402
753.755504 298.102878
849.609683 304.467115
940.497402 310.802508
314.353434 380.772485
433.085804 384.439240
546.207701 388.303249
653.640913 392.088495
755.464453 395.900395
852.133168 399.689374
943.803754 403.532024
312.504127 491.758718
432.327191 492.494140
546.428778 493.500119
654.772855 494.614298
757.420783 495.654620
854.758712 496.828084
947.075471 498.094860
311.127534 604.941027
432.018055 602.674336
547.059736 600.690391
656.161032 598.838760
759.598028 597.137355
857.577570 595.607215
950.402692 594.124360
310.221469 720.120702
432.161096 714.724969
547.929330 709.655988
657.890840 704.795894
761.913652 700.232359
860.432727 695.784777
953.738358 691.596597
310.093802 836.881292
432.580286 828.273734
549.185543 819.834804
659.770914 812.035613
764.537440 804.400673
863.399342 797.100119
957.079872 790.116916
327.176809 107.552556
436.577807 117.572835
541.086454 127.554565
640.829102 137.490143
735.996786 147.364510
826.507944 156.983083
912.692028 166.314086
323.602685 197.231263
435.843892 205.293317
542.897187 213.353851
644.982148 221.365184
742.166482 229.239672
834.578125 237.064045
922.375858 244.809954
320.287793 291.991680
435.281284 297.755770
545.062569 303.709653
649.542474 309.501665
748.678929 315.350340
842.962305 321.049343
932.521737 326.780322
317.229082 391.704952
435.161604 395.068600
547.557165 398.591895
654.404280 402.140577
755.664977 405.575328
851.779025 409.139489
943.041341 412.673544
314.423348 496.938144
435.381555 497.588190
550.482944 498.463505
659.627989 499.302096
763.117567 500.317565
861.164801 501.294844
953.970523 502.373453
312.049683 607.679299
436.022601 605.266497
553.784377 603.194422
665.435121 601.201508
771.009822 599.344321
870.933789 597.667596
965.397869 596.121350
310.216032 724.115794
437.084589 718.343567
557.606016 712.745233
671.752524 707.720994
779.421030 702.904306
881.180507 698.184098
977.287451 693.784953
122.807903 48.751736
249.639215 52.734522
374.627016 57.244115
497.551615 62.355619
618.149013 67.930122
735.837765 73.972622
850.561976 80.456264
124.209817 169.849733
250.462399 172.545805
374.843162 175.845797
497.158747 179.591375
617.150520 183.719723
734.395895 188.239505
848.498199 193.200823
126.548155 290.179492
251.866519 291.796367
375.582701 293.912136
497.325838 296.169359
616.502910 298.938376
733.083718 301.819568
846.609214 305.058735
129.591426 409.269035
254.088785 409.816190
376.946588 410.626964
497.753274 411.718606
616.207004 412.952105
731.896490 414.408235
844.704611 416.070946
133.402401 527.042688
256.958629 526.459361
378.839750 526.092986
498.677080 525.845602
616.287802 525.668693
731.054786 525.727513
842.917111 525.817360
137.865952 643.009412
260.460761 641.346684
381.174833 639.795682
500.030989 638.284916
616.548710 636.789430
730.355490 635.306755
841.294642 633.974164
143.167683 756.811623
264.328876 754.137687
384.040382 751.171843
501.778003 748.595434
617.175471 745.783848
729.932286 743.015230
839.747743 740.391528
158.264944 221.249570
297.486312 226.654017
431.815114 232.314442
561.117596 238.360686
685.375111 244.626316
804.096831 250.909401
917.560944 257.368857
169.662209 345.466983
304.158060 348.191653
434.176545 351.326876
559.292032 354.634959
679.624489 358.218941
794.919041 361.785141
905.141345 365.528659
181.157133 461.852581
311.036493 462.406984
436.676743 463.210425
557.974122 464.082088
674.474120 465.175442
786.408276 466.341410
893.659812 467.743826
192.566198 570.857645
317.973047 569.393484
439.499979 568.112924
556.930765 567.011981
669.946530 565.888443
778.501533 564.970207
882.758486 564.233987
203.690179 672.934161
325.026054 669.683907
442.536601 666.569533
556.175759 663.527930
665.954734 660.596579
771.182719 657.863029
872.526222 655.212018
214.659582 768.497381
331.934231 763.650689
445.704918 758.944919
555.829273 754.321222
662.159221 749.748160
764.526784 745.301266
862.952530 741.062483
225.366719 857.920034
338.666857 851.771390
448.850941 845.442358
555.663746 839.484496
658.827268 833.507499
758.236586 827.622359
853.936099 821.896910
138.499083 288.724884
255.349327 288.569348
372.364816 288.623647
489.499113 289.139827
606.467403 290.031861
722.699907 291.183591
837.900673 292.673470
130.364062 401.631106
248.502213 401.278135
366.682680 401.154918
485.105656 401.442488
603.319092 401.897856
720.689838 402.583910
837.064022 403.544817
123.042034 517.149269
242.051153 516.685336
361.473205 516.528174
481.161039 516.356677
600.341838 516.426463
718.876863 516.517904
836.442043 516.905951
116.211463 634.920231
236.339753 634.444643
356.771586 633.948554
477.398172 633.571232
597.777616 633.085258
717.320308 632.731143
835.919427 632.494423
109.999682 754.832405
231.016260 754.166647
352.534236 753.584388
474.146405 752.808978
595.484303 751.925781
716.150484 750.993449
835.277759 750.102336
104.301777 876.502937
226.570998 875.627842
348.674480 874.908446
471.227274 873.794967
593.419986 872.477982
714.793420 870.860606
835.066658 869.130024
100.090886 999.178455
222.041049 998.835189
345.723745 997.151383
468.891270 995.986151
591.686796 994.200551
713.704684 992.013213
834.667333 989.577245
258.841882 180.810348
374.258380 186.571256
486.111202 192.533750
594.310943 198.751003
698.861132 205.052826
799.528348 211.495586
896.399970 217.865007
247.673425 270.990509
367.167697 275.271193
482.876643 279.825667
594.710453 284.579364
702.590060 289.369111
806.334465 294.311923
905.981661 299.376912
236.272496 367.911182
359.936673 370.511990
479.746962 373.424111
595.447013 376.386571
706.622883 379.569847
813.600642 382.765378
916.261770 386.145750
224.603792 471.964199
352.736892 472.677775
476.696432 473.614885
596.293844 474.767730
711.147947 475.896167
821.386085 477.240674
927.144041 478.738110
212.480120 583.911025
345.380430 582.419048
473.856515 581.136046
597.537610 579.982000
716.242662 579.004954
829.941040 578.115708
938.721499 577.363294
200.176966 704.180177
338.164004 700.152100
471.140994 696.412187
599.144186 692.658199
721.845836 689.103998
838.982972 685.709640
951.034017 682.395499
187.854266 833.399086
330.813839 826.524539
468.787865 819.567639
601.303195 813.025579
728.030059 806.532873
848.892746 800.165706
964.095588 794.049755
996.175989 412.318892
1088.722016 409.055018
1186.784743 405.793456
1290.573455 402.452869
1400.492064 399.283711
1516.591152 395.971668
1639.009823 392.881383
1007.971798 504.550836
1099.118583 503.954026
1195.454947 503.622601
1297.259240 503.342160
1405.050704 503.144894
1518.695965 503.157281
1638.400672 503.226964
1019.290030 593.464459
1108.886700 595.516798
1203.528119 597.695260
1303.497959 600.112571
1408.993211 602.768018
1520.259593 605.534811
1637.380495 608.677502
1030.131096 678.965082
1118.062742 683.337777
1211.036378 688.002635
1309.114374 692.967489
1412.437857 698.112913
1521.219913 703.570916
1635.691082 709.333992
1040.413484 761.142209
1126.887806 767.751461
1218.075480 774.625824
1314.172957 781.767272
1415.430455 789.374229
1521.779521 797.234738
1633.365550 805.446898
1050.203491 840.100268
1135.103893 848.581715
1224.618625 857.579832
1318.825591 866.885142
1417.870602 876.508689
1521.828856 886.464492
1630.964731 896.973329
1059.620844 915.863652
1142.990765 926.181680
1230.784846 936.895307
1323.087210 948.186068
1419.948133 959.766290
1521.635776 971.825571
1628.111141 984.192453
1037.834049 238.379216
1125.206461 230.772748
1217.403215 222.953778
1314.515636 215.103446
1416.840654 207.181761
1524.464009 199.146524
1637.489664 191.108534
1034.362781 326.259021
1122.523835 321.000240
1215.356769 315.707852
1313.298412 310.425922
1416.666175 304.992529
1525.401556 299.668742
1639.531819 294.442367
1030.855052 415.926997
1119.501386 413.123114
1213.095992 410.431884
1311.931138 407.635067
1416.044564 405.025200
1525.756758 402.396956
1641.090889 399.903870
1027.147703 507.102947
1116.316314 506.878353
1210.545956 506.779259
1310.035528 506.868235
1414.956524 506.947888
1525.416166 507.228011
1641.945036 507.714108
1023.313694 599.644593
1112.932255 602.049420
1207.716858 604.684475
1307.808842 607.522726
1413.514448 610.661906
1524.858586 613.884456
1642.002226 617.449627
1019.288869 693.345049
1109.280107 698.453452
1204.474937 704.026032
1305.189693 709.717415
1411.394244 715.795468
1523.459620 722.125774
1641.532919 728.862346
1015.201936 788.068730
1105.420176 795.873903
1201.122478 804.156563
1302.216426 813.042206
1408.963734 822.067077
1521.623490 831.695334
1640.253647 841.735368
1067.202404 186.716311
1150.999955 178.393522
1239.079310 169.784214
1331.607545 161.168276
1428.748859 152.408508
1530.634087 143.542874
1637.369481 134.680293
1057.738694 263.049473
1143.108878 256.436899
1232.812100 249.821042
1327.173046 243.168392
1426.578852 236.307686
1530.819993 229.569201
1640.078981 222.876495
1047.913561 342.716992
1134.681505 338.169175
1226.139848 333.653843
1322.567429 329.016214
1423.924433 324.478888
1530.548822 319.851337
1642.526442 315.404281
1037.567378 425.853861
1125.810177 423.485615
1218.977103 421.210543
1317.296984 419.030242
1420.840189 416.776577
1529.779655 414.739290
1644.544901 412.762814
1026.682993 512.492732
1116.416033 512.596619
1211.305609 512.775615
1311.499941 513.082678
1417.291393 513.669094
1528.675504 514.283069
1645.898603 515.121927
1015.262650 602.673401
1106.413996 605.343675
1202.964303 608.381328
1305.083499 611.517967
1412.952835 614.957447
1526.811756 618.525897
1646.852874 622.506514
1003.344342 696.487971
1095.866707 701.933491
1194.102338 707.787473
1298.135185 714.135882
1408.065536 720.620253
1524.428243 727.630433
1647.094177 734.959310
1146.012462 260.277433
1235.257386 255.699819
1327.843403 251.150059
1423.711497 246.787342
1522.733935 242.598408
1625.124820 238.459904
1730.454708 234.510411
1138.851897 335.316750
1230.526300 332.028698
1325.548845 328.941835
1424.160976 325.958566
1526.220836 323.045780
1631.712097 320.401401
1740.298277 317.888377
1131.228871 414.686439
1225.248267 412.990579
1323.053260 411.452114
1424.493367 409.998186
1529.510805 408.715066
1638.110934 407.490299
1750.276056 406.548155
1123.087657 498.713237
1219.533864 498.670296
1319.957501 498.883665
1424.385355 499.254048
1532.500497 499.678456
1644.417603 500.326490
1760.363230 501.144062
1114.279307 587.506874
1213.279094 589.419661
1316.540975 591.621580
1423.888973 593.904084
1535.391989 596.506334
1650.928611 599.077461
1770.151880 601.874928
1104.771980 681.383235
1206.349145 685.487831
1312.403197 689.905111
1422.936369 694.416184
1537.772440 699.158205
1656.916430 704.030296
1780.249329 709.104984
1094.612420 780.513722
1198.722216 787.012618
1307.795181 793.771371
1421.655761 800.973469
1539.791290 808.205288
1662.674883 815.637978
1790.088162 823.266251
1149.867469 378.913314
1253.726064 377.274155
1360.350822 375.874477
1469.334200 374.760209
1580.722437 373.871712
1694.195542 373.097645
1809.470829 372.681926
1149.827176 479.761560
1253.772655 479.579008
1360.539513 479.648212
1469.567856 479.917981
1581.069247 480.293367
1694.867045 480.907961
1810.092694 481.642245
1149.581411 580.935218
1253.494096 582.321714
1360.243020 583.815734
1469.420208 585.386623
1580.893726 587.103515
1694.516483 588.829834
1810.067655 590.857233
1149.093278 682.148699
1252.918857 684.884167
1359.513513 687.855817
1468.683637 690.880850
1580.087743 693.884330
1693.561945 696.987681
1809.023583 700.102167
1148.466273 782.987286
1252.032100 787.285957
1358.500739 791.701727
1467.402053 796.083076
1578.709962 800.541963
1692.004142 804.908374
1807.207409 809.232808
1147.568837 883.402232
1250.899349 889.128750
1357.039182 895.022748
1465.717291 900.794859
1576.689459 906.549851
1689.695839 912.125589
1804.788495 917.715190
1146.584048 983.110223
1249.448661 990.346434
1355.240739 997.424344
1463.661566 1004.747720
1574.157091 1011.800486
1686.850497 1018.766455
1801.537084 1025.503823
1077.541299 260.099185
1182.635738 253.876392
1292.549548 247.707517
1407.091027 241.816851
1526.505173 236.010294
1650.398683 230.304570
1778.792199 224.947003
1088.001627 359.638214
1190.490022 355.856148
1297.486453 352.283715
1408.752314 348.833827
1524.713088 345.553160
1644.974355 342.433852
1769.249059 339.462696
1097.839556 454.207002
1197.647245 452.753068
1301.744537 451.390850
1410.053822 450.103658
1522.484757 449.004899
1639.115735 448.032464
1759.792264 447.327750
1107.000680 544.012955
1204.179244 544.482721
1305.445325 545.131802
1410.780032 545.996541
1519.945981 546.828174
1633.000863 547.862451
1750.007299 549.023844
1115.540214 629.057752
1210.218699 631.321925
1308.790713 633.773466
1411.039824 636.333706
1517.226235 639.074308
1626.850881 641.883599
1740.065713 644.797297
1123.409087 709.740324
1215.640581 713.549585
1311.595321 717.582675
1411.056920 721.790142
1514.079043 726.088605
1620.563281 730.364576
1730.398642 734.926431
1130.839057 786.130975
1220.659317 791.362567
1314.034002 796.649713
1410.867466 802.389127
1510.872923 808.045988
1614.222789 813.914506
1720.723190 819.794900
1136.978349 96.047606
1242.999421 90.020473
1352.002754 84.282253
1463.533581 78.998982
1577.543468 74.186079
1693.818285 69.634732
1811.891547 65.646175
1138.579297 199.735146
1244.279231 195.150553
1352.817829 191.059887
1463.874484 187.249928
1577.406223 183.792078
1693.216673 180.749069
1810.674311 178.000080
1140.073326 302.902852
1245.191727 299.914990
1353.243413 297.404229
1463.782844 294.937403
1576.632204 292.912869
1691.650814 291.044486
1808.762444 289.568763
1141.354040 405.232066
1245.733841 403.846538
1353.117541 402.752833
1463.045301 401.844335
1575.163428 401.085682
1689.455616 400.607154
1805.743101 400.287603
1142.364543 506.538150
1246.107972 506.743800
1352.770577 507.066574
1461.735952 507.469331
1573.200460 508.201196
1686.635433 508.962480
1802.044065 509.825231
1143.100109 606.679993
1246.024909 608.167160
1351.875739 609.907022
1460.019055 611.815720
1570.546350 613.794960
1683.088602 615.741742
1797.671986 617.836382
1143.700142 705.209338
1245.703600 708.094432
1350.512304 711.070457
1457.896520 714.439236
1567.392165 717.623907
1678.954972 720.899329
1792.363475 724.155816
