-33.28581699016393 -10.38421794231801 81.93223118134493
-24.24161275262440 -33.21823171740093 99.44347547776107
-6.05036937915812 -13.86332891109921 62.57278897771079
-12.62046584554424 -33.07044902820905 79.30899576357500
-20.74264069446753 -32.36729802795223 77.49361717069438
-25.20436244445986 -14.43253982752592 72.22077703575972
-36.61271609454580 -13.69887708825568 62.97002410900237
-39.75659184027734 -26.46690169428793 71.01946002997815
-41.91551384406701 -30.90185670655346 76.53953716190276
-49.50061580798785 -27.14373236901845 63.48179677085508
-36.73286881306595 -20.31373193216998 56.05405919161892
-47.76368716703620 -19.18077031146139 69.19492157493713
-41.70153163015286 -25.46214055452458 72.34444728400956
-3.82425651117752 -10.00707132298056 84.00580934267856
-0.62562634248031 -23.35056454472419 90.61398828685975
5.12581074445244 -31.97574183253542 101.37095751977208
7.97830225513075 -24.58522177864341 99.52607585649824
5.92707588977601 -15.51820101180440 81.78175186791694
-1.55370925044920 -21.63629432101064 81.19412682190482
4.78972294224997 -31.71625606819535 78.60847253704392
