-1.87594119017943 -1.70747966347199 0.01055025707120 
-2.00191213108717 -2.21208507402622 0.90517614442406 
2.04648766370792 2.18429042323819 0.77147797634365 
1.89859353924829 1.75004085388278 -0.01294880609167 
2.08454428353222 2.07573570663618 -0.12274588890005 
-2.05823355650765 -2.03592662873768 -0.09620758118795 
2.04598747247645 2.18309157715666 0.77134303751087 
1.98289309693026 1.94921394343547 0.30117678748195 
1.92982893975544 1.81794247702469 0.08879476257733 
-2.12871758680767 -2.15169388045452 -0.32498295755958 
-2.10177075483495 -2.20521563296880 -0.66885001652894 
2.13307610194531 2.13240405607859 -0.01389040705449 
1.96740243472998 1.88548722538175 -0.01313130873984 
-1.90425550813052 -1.77787518511833 0.11074063946250 
-1.98360454618422 -2.03975831604451 0.54522512788175 
-1.99894963632460 -2.15787891533361 0.78050860180189 
2.11759017419364 2.24654291652095 -0.70217824802809 
-2.08997687468970 -2.09822187216011 0.22969301911600 
-1.94366442143067 -1.84501401693901 0.00967113660186 
-2.10443590932045 -2.09546110232580 0.01109712965474
