200.000000 200.000000
300.000000 200.000000
400.000000 200.000000
500.000000 200.000000
600.000000 200.000000
700.000000 200.000000
800.000000 200.000000
200.000000 300.000000
300.000000 300.000000
400.000000 300.000000
500.000000 300.000000
600.000000 300.000000
700.000000 300.000000
800.000000 300.000000
200.000000 400.000000
300.000000 400.000000
400.000000 400.000000
500.000000 400.000000
600.000000 400.000000
700.000000 400.000000
800.000000 400.000000
200.000000 500.000000
300.000000 500.000000
400.000000 500.000000
500.000000 500.000000
600.000000 500.000000
700.000000 500.000000
800.000000 500.000000
200.000000 600.000000
300.000000 600.000000
400.000000 600.000000
500.000000 600.000000
600.000000 600.000000
700.000000 600.000000
800.000000 600.000000
200.000000 700.000000
300.000000 700.000000
400.000000 700.000000
500.000000 700.000000
600.000000 700.000000
700.000000 700.000000
800.000000 700.000000
200.000000 800.000000
300.000000 800.000000
400.000000 800.000000
500.000000 800.000000
600.000000 800.000000
700.000000 800.000000
800.000000 800.000000
663.706797 146.523914
735.814939 135.724841
812.148443 124.547277
893.044771 113.092891
978.728091 101.128959
1069.696301 88.922420
1165.897049 76.352239
641.067613 216.454764
714.338149 207.380619
792.078953 197.932226
874.598976 188.245025
962.385215 178.154985
1055.508868 167.832081
1154.375282 157.258241
617.349996 290.380417
691.802532 283.171942
770.922583 275.749774
855.201135 268.003771
944.920155 260.122427
1040.359346 251.966781
1141.927972 243.789957
592.616047 368.209670
668.197234 363.191008
748.685816 358.126038
834.583802 352.770527
926.346797 347.331102
1024.217114 341.899308
1128.538714 336.277984
566.781007 450.411105
643.458418 447.870176
725.230566 445.492176
812.942975 442.813831
906.581422 440.300227
1006.917980 437.675635
1114.023955 435.212694
539.752267 537.017954
617.404722 537.365667
700.747620 537.950913
789.885571 538.433766
885.616859 539.212811
988.287269 539.991379
1098.242889 540.995473
511.537348 628.183663
590.405980 631.708004
675.012104 635.530844
765.836653 639.736197
863.368655 644.192476
968.485255 648.953349
1081.219954 653.990079
923.775664 371.696510
1034.939492 377.255105
1138.548233 382.681391
1235.036463 388.058742
1325.093538 393.286218
1409.057373 398.193791
1487.416985 403.035792
909.581417 488.636880
1018.736009 490.147568
1120.658539 491.828090
1215.742827 493.413237
1304.560271 495.064891
1387.604566 496.652641
1465.167862 498.283281
896.193389 600.274321
1003.109197 598.207789
1103.232522 596.224031
1196.941613 594.454518
1284.554176 592.894925
1366.569010 591.319692
1443.373759 590.013591
883.306240 706.615698
988.182592 701.201122
1086.411004 696.091023
1178.602285 691.278612
1265.029507 686.707995
1346.008050 682.316574
1422.039693 678.357550
871.228221 807.566379
973.847953 799.306694
1070.264706 791.336029
1160.812749 783.829590
1246.072590 776.580260
1325.964533 769.784973
1401.189950 763.227294
859.692317 903.643554
960.206256 892.753662
1054.703322 882.274668
1143.798296 872.318932
1227.624548 862.639264
1306.598506 853.499552
1380.924812 844.833039
848.797134 994.848395
947.041186 981.582682
1039.902007 968.786322
1127.349080 956.720642
1209.879597 944.974863
1287.696445 933.735395
1361.156506 923.105651
200.000000 200.000000
300.000000 200.000000
400.000000 200.000000
500.000000 200.000000
600.000000 200.000000
700.000000 200.000000
800.000000 200.000000
200.000000 300.000000
300.000000 300.000000
400.000000 300.000000
500.000000 300.000000
600.000000 300.000000
700.000000 300.000000
800.000000 300.000000
200.000000 400.000000
300.000000 400.000000
400.000000 400.000000
500.000000 400.000000
600.000000 400.000000
700.000000 400.000000
800.000000 400.000000
200.000000 500.000000
300.000000 500.000000
400.000000 500.000000
669.008410 988.048718
600.000000 500.000000
700.000000 500.000000
800.000000 500.000000
200.000000 600.000000
300.000000 600.000000
400.000000 600.000000
500.000000 600.000000
600.000000 600.000000
700.000000 600.000000
800.000000 600.000000
200.000000 700.000000
300.000000 700.000000
400.000000 700.000000
500.000000 700.000000
600.000000 700.000000
700.000000 700.000000
800.000000 700.000000
200.000000 800.000000
300.000000 800.000000
400.000000 800.000000
500.000000 800.000000
600.000000 800.000000
700.000000 800.000000
800.000000 800.000000
689.383881 77.089322
796.006750 79.499479
901.528496 82.331090
1005.815579 85.715792
1108.595805 89.468809
1209.681650 93.667111
1308.792398 98.259291
685.771473 172.445117
794.461674 174.355166
902.085459 176.674221
1008.404777 179.478177
1113.158575 182.665861
1216.064645 186.210276
1316.909288 190.094527
682.121825 271.955839
792.892603 273.337346
902.588412 275.131578
1011.023771 277.320575
1117.687807 279.862603
1222.416505 282.622874
1325.040671 285.799095
678.514134 375.608981
791.361773 376.441674
903.141024 377.669083
1013.526206 379.167240
1122.161263 380.994436
1228.750444 383.025957
1333.122529 385.275286
675.013240 483.472279
789.876268 483.793827
903.616599 484.448993
1016.047852 485.214318
1126.612322 486.151045
1234.986594 487.288774
1341.015729 488.576102
671.671948 595.405813
788.395302 595.250372
904.265136 595.263329
1018.560872 595.275073
1130.954172 595.314871
1241.202446 595.395306
1348.922181 595.628628
668.453403 711.369087
787.143338 710.602622
904.884049 709.811291
1021.063662 709.051104
1135.232125 708.165261
1247.093176 707.205991
1356.465453 706.258766
589.939238 379.916500
698.832772 377.817568
810.587383 375.982581
925.278732 374.380528
1042.361985 373.129160
1161.550623 372.184868
1282.421196 371.509749
598.237014 489.400251
705.526840 488.786010
815.642333 488.385205
928.493910 488.112063
1043.705724 487.912768
1160.985472 487.962176
1279.833304 488.229660
606.671468 595.732017
712.315260 596.429984
820.641932 597.228464
931.632725 598.163716
1044.919737 599.088513
1160.145204 600.046959
1276.928645 601.166543
615.053605 698.537878
719.075647 700.458909
825.515349 702.517650
934.608088 704.553702
1045.901292 706.447131
1159.014558 708.328390
1273.694120 710.232891
623.410822 797.903563
725.738525 800.953958
830.442380 804.015886
937.496373 806.975414
1046.724487 809.880573
1157.723894 812.691859
1270.227379 815.341451
631.583500 893.849598
732.186946 897.891900
835.087893 901.865705
940.223245 905.757422
1047.404029 909.484882
1156.329138 913.100810
1266.696535 916.488705
639.685473 986.208485
738.500522 991.111948
839.594267 995.918862
942.861408 1000.695978
1048.001032 1005.191596
1154.772004 1009.466196
1262.998886 1013.592856
305.863615 380.256597
432.909360 383.947643
553.388407 387.675301
667.434795 391.546046
775.244521 395.417399
877.115017 399.181212
973.320286 403.028787
306.556101 494.775803
430.731689 495.204165
548.589765 495.891943
660.244172 496.602213
765.958401 497.440783
866.049274 498.272827
960.630639 499.280561
307.966480 604.107348
429.061122 601.630962
544.282387 599.289043
653.678551 597.205557
757.259500 595.278877
855.455491 593.433517
948.399590 591.831368
309.620840 708.349348
427.930665 703.139507
540.422774 698.167652
647.506730 693.496569
749.037517 689.071509
845.312269 684.761282
936.642772 680.799616
311.741706 807.476031
427.080712 799.929143
537.112862 792.535255
641.726360 785.538874
741.321647 778.753752
835.651746 772.352426
925.301767 766.083884
314.080345 901.907574
426.666333 892.187822
534.015803 882.693248
636.488657 873.539299
733.900398 864.574800
826.524160 856.047761
914.530569 847.859882
316.773173 991.532535
426.446062 979.909899
531.387693 968.445212
631.490852 957.427486
726.911161 946.624224
817.676533 936.201310
904.105288 926.230540
319.431448 166.218444
435.655420 175.412329
546.356095 184.441144
651.726625 193.596864
751.861393 202.559987
846.892419 211.338836
937.056793 220.008946
316.515279 272.214125
434.096432 278.699788
546.063330 285.241477
652.470399 291.768390
753.548169 298.238895
849.393515 304.560225
940.308368 310.848233
314.144306 380.785526
432.882927 384.514360
545.958343 388.319837
653.438836 392.218755
755.310327 396.022985
851.955439 399.768732
943.580303 403.619127
312.219929 491.884997
432.191224 492.622952
546.241683 493.548852
654.543571 494.596668
757.232457 495.748408
854.620153 496.855856
946.889019 498.173345
310.888055 605.016744
431.812610 602.760709
546.747641 600.739204
655.902967 598.903367
759.359652 597.162363
857.333898 595.681606
950.158208 594.246170
310.106084 720.167931
431.872663 714.810283
547.680003 709.714841
657.661689 704.879141
761.691834 700.223030
860.253938 695.859927
953.562798 691.679599
309.913533 836.873042
432.373743 828.357096
549.011923 819.970265
659.518646 812.124061
764.257818 804.449404
863.148609 797.161331
956.838576 790.186369
326.977204 107.760118
436.388245 117.798857
540.885582 127.662914
640.640821 137.672335
735.735494 147.489969
826.319952 157.093553
912.490706 166.566615
323.455110 197.461980
435.616474 205.471748
542.738064 213.517169
644.800816 221.534869
742.005568 229.456600
834.392544 237.231637
922.192594 244.906774
320.069274 292.091143
435.093965 297.933791
544.810858 303.825020
649.375537 309.722739
748.569956 315.529815
842.808867 321.193182
932.322006 326.959318
316.942159 391.953651
435.010211 395.284094
547.368993 398.748771
654.162175 402.217183
755.479682 405.775797
851.665343 409.262312
942.878862 412.830648
314.191883 497.184290
435.174368 497.759890
550.150597 498.594411
659.385827 499.478750
762.881672 500.409195
860.933723 501.490213
953.760609 502.593137
311.911701 607.915283
435.744752 605.495574
553.586208 603.369032
665.198925 601.389675
770.769142 599.486222
870.778985 597.841693
965.263185 596.306155
309.979366 724.302707
436.834561 718.598727
557.443695 713.028481
671.475657 707.954906
779.186965 703.049781
880.909007 698.398445
977.006688 693.967981
62.124521 115.675421
184.038938 115.036897
306.343651 114.956334
428.999205 115.478368
551.493973 116.537665
673.510605 118.133258
794.527832 120.402411
72.474117 237.015217
192.788275 236.438308
313.419284 236.227152
434.246689 236.511885
555.021364 237.174828
675.276136 238.266471
794.526487 239.849878
83.829671 355.434895
202.075517 354.792432
320.875290 354.448817
439.974410 354.438912
558.887080 354.757946
677.222776 355.279572
794.545464 356.137559
95.297550 470.475447
211.827628 469.765918
328.703469 469.292310
445.909716 469.072550
562.947907 468.994153
679.329133 469.018323
794.823084 469.318245
107.295074 581.901220
221.912566 581.289189
336.958308 580.642678
452.143126 580.111614
567.228288 579.665763
681.612704 579.325235
795.128042 579.079847
119.552497 689.806641
232.235804 689.115085
345.340037 688.358778
458.587735 687.611644
571.653507 686.743468
684.175826 685.919012
795.650927 685.194669
132.007296 793.930852
242.806194 793.158882
353.918737 792.176454
465.169396 791.223432
576.231129 790.055502
686.677262 788.784545
796.217748 787.570833
162.762020 154.459812
300.220763 161.209355
432.813511 168.221081
560.708159 175.656529
683.584234 183.310731
801.106484 190.998714
913.437410 198.906575
170.025792 281.662075
304.250406 285.808994
433.837712 290.337431
558.771953 295.005023
678.846015 299.888868
793.953153 304.795191
904.059449 309.937310
178.018393 403.346228
308.735840 405.119447
435.217521 407.075923
557.308062 409.283368
674.635051 411.642501
787.227392 414.010974
895.064789 416.599424
186.203488 519.367604
313.723836 518.912818
436.973286 518.624631
556.159892 518.568653
670.799983 518.613874
780.872277 518.652791
886.499915 519.029002
194.721394 629.705931
318.927587 627.333322
439.208614 624.949165
555.338045 622.809398
667.406576 620.717472
774.925921 618.831256
878.293878 617.036171
203.402710 734.726785
324.423830 730.497365
441.551356 726.305945
554.968301 722.275091
664.348895 718.201493
769.552079 714.435402
870.598986 710.774028
212.209030 834.379009
329.957994 828.470117
444.224129 822.545751
554.798556 816.852956
661.607406 811.116225
764.356619 805.532884
863.194902 800.177708
138.686452 288.901736
255.438463 288.685533
372.360978 288.738408
489.490100 289.323805
606.363350 290.158686
722.625014 291.339000
837.801914 292.900710
130.576804 401.746865
248.532885 401.398323
366.740618 401.314181
485.100477 401.587361
603.297182 402.033758
720.689802 402.707082
837.049894 403.651326
123.148215 517.248647
242.141549 516.803288
361.497530 516.578787
481.144109 516.482374
600.397559 516.507868
718.877842 516.603283
836.380375 516.999824
116.222065 635.066203
236.450571 634.518906
356.852286 634.052986
477.452044 633.625769
597.776637 633.204141
717.340857 632.815157
835.842525 632.598800
110.132620 754.846648
231.171783 754.246711
352.569586 753.632068
474.149700 752.830506
595.421017 751.951344
715.981525 751.061469
835.303456 750.163952
104.607380 876.434795
226.443012 875.713219
348.807379 874.893435
471.207073 873.822101
593.377569 872.462448
714.797153 870.922267
834.988157 869.221263
100.218383 999.021702
222.346822 998.619075
345.725982 997.278881
468.832028 996.055830
591.619021 994.212101
713.678691 992.028583
834.539522 989.609238
246.600944 204.659041
366.446410 210.213201
482.444326 215.858508
594.585827 221.942966
702.714663 228.035841
806.814949 234.240218
906.724988 240.550119
237.062166 305.400588
360.280813 309.139423
479.547436 313.149242
594.617883 317.413710
705.530793 321.774047
812.095078 326.171713
914.330563 330.747082
227.486567 412.011499
354.156724 413.880870
476.652186 415.978931
594.979590 418.269110
708.578346 420.634162
817.677322 423.057763
922.314193 425.741383
217.978266 524.948817
348.314663 524.620521
474.182125 524.511091
595.452455 524.515827
711.910407 524.775021
823.646676 525.074326
930.706192 525.597659
208.707189 644.217170
342.602128 641.462674
471.763047 639.019173
596.305083 636.638482
715.711525 634.361853
830.010261 632.315997
939.390809 630.407617
199.731580 770.059820
337.115563 764.727298
469.920555 759.604689
597.546497 754.535436
719.938546 749.537865
836.870022 744.814744
948.607494 740.196961
190.894043 902.567570
332.175911 894.392473
468.398203 886.162352
599.225554 878.206676
724.510970 870.245371
844.020494 862.515014
958.059437 854.947228
996.439829 412.186572
1088.975546 408.824716
1186.946692 405.635350
1290.865099 402.294721
1400.686405 399.125660
1516.746918 395.880310
1639.241788 392.715886
1008.199133 504.360281
1099.313237 503.869744
1195.597277 503.513627
1297.551469 503.206777
1405.216225 502.979858
1518.874048 502.931925
1638.701328 503.064825
1019.500586 593.397232
1109.090397 595.393122
1203.729282 597.569501
1303.664861 599.961505
1409.190979 602.627768
1520.406304 605.375314
1637.552282 608.463710
1030.261243 678.839132
1118.287332 683.202811
1211.202128 687.897908
1309.276940 692.825269
1412.643312 697.946274
1521.439584 703.425279
1635.819958 709.150960
1040.579973 761.010949
1127.080581 767.617556
1218.295452 774.490610
1314.402728 781.606206
1415.575245 789.168748
1521.960931 797.033352
1633.652856 805.246408
1050.331278 839.965100
1135.316756 848.556779
1224.806787 857.460231
1318.985762 866.708070
1418.031439 876.365912
1522.047339 886.376002
1631.106887 896.816171
1059.748493 915.762115
1143.174246 926.080204
1230.911759 936.834836
1323.240018 948.050817
1420.139311 959.632801
1521.799715 971.569756
1628.306843 984.016170
1038.021979 238.441263
1125.425593 230.780746
1217.555995 223.038993
1314.749687 215.208489
1417.005493 207.267566
1524.643950 199.294037
1637.716608 191.274110
1034.618335 326.300478
1122.668731 321.115684
1215.546285 315.783183
1313.575965 310.492099
1416.851611 305.103320
1525.544481 299.766468
1639.772688 294.497349
1031.039148 416.038180
1119.722579 413.218156
1213.303030 410.478478
1312.115570 407.724235
1416.269525 405.136203
1525.895458 402.465361
1641.264719 400.053981
1027.314351 507.171959
1116.548355 506.891638
1210.756494 506.857027
1310.233526 506.890123
1415.182446 507.010974
1525.724706 507.352676
1642.085016 507.801769
1023.506266 599.725861
1113.202907 602.120278
1207.909327 604.783071
1308.050360 607.564307
1413.608886 610.656770
1524.995896 613.908645
1642.215508 617.526659
1019.488351 693.422450
1109.474139 698.603430
1204.746437 704.072171
1305.334469 709.738192
1411.586595 715.847383
1523.686551 722.221508
1641.690147 728.966583
1015.377137 788.072570
1105.721085 795.942029
1201.326812 804.263922
1302.428939 813.058989
1409.164046 822.183066
1521.840480 831.735925
1640.423356 841.766427
1067.353993 186.852740
1151.158249 178.446723
1239.206957 169.905864
1331.790565 161.317472
1428.882014 152.558644
1530.811870 143.771358
1637.548400 134.931466
1057.980602 263.136344
1143.236985 256.637174
1232.993256 249.940593
1327.431280 243.297722
1426.761225 236.497359
1530.964955 229.742784
1640.278944 223.006283
1048.065924 342.874567
1134.872656 338.328882
1226.326312 333.786119
1322.748039 329.191554
1424.149451 324.671014
1530.721989 320.033669
1642.705417 315.647155
1037.707390 425.994229
1126.024907 423.590111
1219.204673 421.377262
1317.473010 419.128814
1421.037591 416.963338
1530.055750 414.970137
1644.682243 412.964856
1026.858468 512.699344
1116.671765 512.722930
1211.442514 512.967731
1311.755497 513.232644
1417.396380 513.760380
1528.894571 514.418632
1646.138875 515.338981
1015.456767 602.852822
1106.583247 605.575005
1203.233032 608.557275
1305.262905 611.645057
1413.141960 615.124381
1527.057276 618.746016
1647.014053 622.699223
1003.530478 696.549675
1096.165898 702.101706
1194.330076 707.995588
1298.340131 714.260042
1408.283400 720.850201
1524.629029 727.815488
1647.271310 735.133078
1135.880746 278.750547
1227.763045 274.299813
1323.114050 269.983901
1422.007779 265.878982
1524.254537 261.827118
1630.053887 257.948390
1739.134163 254.242437
1130.199902 361.125857
1223.940619 358.312704
1321.391640 355.571634
1422.498345 353.060216
1527.206074 350.649490
1635.457996 348.325151
1747.183590 346.292098
1124.054185 447.419766
1219.749156 446.284540
1319.291436 445.333823
1422.688237 444.508297
1529.787693 443.970435
1640.662369 443.362225
1755.208287 443.113074
1117.529107 537.490418
1215.120689 538.197256
1316.801858 539.242359
1422.420962 540.346854
1531.996789 541.667372
1645.552752 543.207631
1762.885478 544.813551
1110.545116 631.490558
1210.101827 634.269876
1313.742206 637.425215
1421.805134 640.644339
1533.791820 644.124480
1650.119736 647.744253
1770.113197 651.589020
1103.084264 729.374520
1204.390222 734.592602
1310.334098 740.021489
1420.545233 745.530982
1535.143228 751.391186
1654.103849 757.343834
1777.038659 763.495294
1095.178004 831.190198
1198.448338 838.844652
1306.374175 846.733045
1418.995694 854.942363
1536.021611 863.326238
1657.571662 871.829694
1783.449273 880.575787
1149.992945 378.937684
1253.845922 377.278082
1360.375747 375.932233
1469.438558 374.807740
1580.782232 373.895714
1694.240103 373.176028
1809.572305 372.722570
1149.971611 479.756206
1253.870514 479.638459
1360.576685 479.676899
1469.744210 479.952338
1581.163711 480.326409
1694.783098 480.891519
1810.195833 481.657348
1149.686794 580.990571
1253.595156 582.328660
1360.322128 583.809190
1469.491520 585.380683
1580.964740 587.168328
1694.567406 588.885911
1810.098198 590.907768
1149.207872 682.119582
1253.060499 684.882567
1359.627721 687.855666
1468.734677 690.870553
1580.174417 693.891173
1693.649135 696.967284
1809.031899 700.102189
1148.562594 782.976418
1252.185241 787.267391
1358.556089 791.622315
1467.526233 796.000051
1578.748339 800.428602
1692.110414 804.799396
1807.274898 809.156107
1147.663814 883.378104
1251.021202 889.203101
1357.128655 894.988293
1465.772194 900.766370
1576.707128 906.496091
1689.846019 912.135366
1804.804598 917.708413
1146.670700 983.039975
1249.590094 990.295963
1355.344413 997.474399
1463.687185 1004.719714
1574.239315 1011.712271
1686.851082 1018.376448
1801.570734 1025.612732
1080.949488 204.491215
1184.961122 197.073297
1293.557166 189.875960
1406.959918 182.749052
1524.893130 175.831985
1647.296351 169.043828
1774.144520 162.489992
1088.901849 306.523486
1191.056908 301.763039
1297.615021 297.051117
1408.753106 292.477843
1524.176737 287.982269
1644.025963 283.727864
1768.028336 279.713812
1096.468773 405.155153
1196.673910 402.635544
1301.197625 400.207856
1409.984804 397.903980
1522.981602 395.851183
1640.144339 393.815762
1761.379333 392.076641
1103.535207 499.973038
1201.832997 499.552138
1304.216306 499.354709
1410.746892 499.305270
1521.272413 499.288073
1635.789496 499.456208
1754.205190 499.737216
1110.237067 591.138427
1206.587265 592.731268
1306.889501 594.460822
1411.079152 596.288596
1519.177984 598.325653
1631.094962 600.486327
1746.658300 602.765541
1116.387508 678.707938
1210.851668 682.126456
1309.025842 685.631053
1410.959682 689.274438
1516.654950 693.106290
1626.051816 697.045073
1738.860419 701.159092
1122.247433 762.644276
1214.730618 767.624964
1310.846331 772.745097
1410.623507 778.153685
1513.908061 783.627919
1620.654147 789.161435
1730.845305 794.940300
1186.863648 82.809517
1296.027098 80.200820
1406.206539 78.185546
1517.243857 76.716649
1628.716398 75.687056
1740.450700 75.052358
1852.188069 75.124727
1187.198214 189.580149
1295.914387 187.820385
1405.641976 186.434817
1516.148598 185.532294
1627.073912 184.992679
1738.291771 184.851070
1849.431551 185.088274
1187.299067 295.938594
1295.387075 294.881261
1404.560977 294.174352
1514.455719 293.789517
1624.785864 293.787272
1735.326035 293.893285
1845.922408 294.460599
1187.078031 401.392083
1294.523649 401.009045
1402.964031 400.941453
1512.176367 401.149235
1621.831979 401.498455
1731.685883 402.070685
1841.516216 402.862956
1186.635959 505.687158
1293.277231 506.039336
1400.945373 506.591894
1509.335942 507.277336
1618.294697 508.130644
1727.391593 509.085984
1836.388883 510.139254
1185.857305 608.646507
1291.664873 609.743973
1398.457482 610.907980
1506.011328 612.110895
1614.060745 613.382144
1722.418983 614.657842
1830.646865 616.061343
1184.874110 709.941951
1289.681327 711.636268
1395.629098 713.341807
1502.276135 715.174155
1609.419353 716.878695
1716.723226 718.482753
1824.154814 720.217330
