497.091958 456.577999
577.127226 454.181353
662.488716 451.777784
753.824353 449.156263
851.679508 446.345866
956.915962 443.275880
1070.208476 439.949901
526.438458 547.360524
605.236805 547.986464
689.052843 548.666587
778.556655 549.387315
874.237535 550.054160
976.938504 550.858629
1087.245277 551.714162
554.418863 633.527533
631.868138 636.731322
714.160887 640.099377
801.835260 643.736140
895.508365 647.693044
995.717083 651.730801
1103.193651 656.282517
580.826206 715.119209
657.043449 720.668206
737.847059 726.588777
823.861809 732.992148
915.558802 739.652212
1013.400298 746.742663
1118.095386 754.409854
605.968519 792.676307
680.970290 800.384311
760.429698 808.487525
844.758263 817.120182
934.540103 826.373110
1030.064193 836.168903
1132.186402 846.716841
629.876759 866.553391
703.712473 876.176575
781.702576 886.278142
864.431632 896.946353
952.359407 908.410554
1045.811005 920.568625
1145.421177 933.550620
652.700735 936.870310
725.288087 948.098115
801.933410 960.004547
883.210314 972.657534
969.234221 986.025523
1060.642690 1000.257161
1157.959827 1015.505360
660.697337 140.276281
733.807139 129.753711
811.041774 118.634959
892.918755 106.910370
979.717998 94.387352
1072.116398 81.209122
1170.366587 67.132442
638.353373 212.108292
712.528728 203.390994
791.091475 194.217432
874.381075 184.473512
962.991728 174.101150
1057.227805 163.101403
1157.708146 151.393105
614.989257 287.443912
690.329738 280.700366
770.172944 273.574864
854.984005 266.027477
945.269237 258.063286
1041.572999 249.451894
1144.324880 240.516318
590.538826 366.292015
667.051633 361.776306
748.204867 357.087935
834.520404 352.018731
926.594313 346.592815
1024.934603 340.919031
1130.143981 334.799201
564.927801 449.209793
642.550735 447.084420
724.975022 445.035579
812.989495 442.631938
906.864855 440.257516
1007.377525 437.520773
1115.052330 434.778587
537.917933 536.317297
616.592305 536.949818
700.601159 537.791555
790.122447 538.459954
885.969255 539.289810
988.671033 540.029541
1098.996763 540.978054
509.453774 627.956916
589.453898 631.550529
674.856812 635.465636
766.106834 639.678776
863.819186 644.093444
968.924659 648.895270
1081.947369 653.999970
924.180649 371.226275
1035.807793 376.625262
1140.080491 381.774054
1237.749129 386.661195
1329.549174 391.242080
1415.950120 395.402797
1497.333330 399.500164
910.079881 488.712266
1019.366900 490.182470
1121.631157 491.705099
1217.637497 493.059394
1307.885803 494.305303
1393.029580 495.499986
1473.228149 496.661122
896.750221 600.363649
1003.666097 598.256550
1103.982505 596.351159
1198.377146 594.508918
1287.225517 592.873211
1371.033853 591.131081
1450.181390 589.675423
883.880730 706.560912
988.735343 701.182606
1087.133549 696.180089
1179.906119 691.501467
1267.366050 687.087914
1349.924600 682.863494
1428.099565 678.907946
871.817589 807.538433
974.524316 799.288821
1071.121880 791.513957
1162.213822 784.275403
1248.414739 777.294100
1329.721462 770.852049
1406.852782 764.571275
860.247317 903.964574
961.004305 893.037919
1055.823044 882.743628
1145.409512 873.092895
1230.137855 863.852163
1310.455733 855.149996
1386.484838 846.944237
849.261040 995.935939
947.938080 982.533726
1041.197314 969.863811
1129.283940 958.110524
1212.739883 946.807769
1291.806238 936.106996
1366.953130 926.041381
842.766399 65.146043
939.365560 78.561625
1030.555749 91.199024
1116.909089 103.269143
1198.734886 114.759396
1276.523814 125.577282
1350.460366 135.901129
855.987835 148.989083
954.766527 160.313521
1048.087301 171.061826
1136.250653 181.192367
1219.713023 190.894072
1298.861615 199.976620
1373.923638 208.676580
869.874746 237.705017
971.123220 246.720901
1066.549271 255.243296
1156.645157 263.342400
1241.630439 271.075477
1322.153824 278.205516
1398.532884 285.068423
884.679681 331.868083
988.512809 338.223417
1086.058587 344.280958
1177.995871 349.982741
1264.694077 355.420023
1346.650898 360.554239
1424.346026 365.403171
900.481477 431.837063
1006.836917 435.202375
1106.620663 438.551962
1200.567170 441.649533
1289.054916 444.456561
1372.554065 447.257449
1451.365968 449.848869
917.331450 538.265572
1026.302406 538.304808
1128.627504 538.499329
1224.515852 538.671147
1314.788815 538.700218
1399.912065 538.807847
1480.138690 538.928197
935.171596 651.746007
1047.016101 648.083554
1151.889481 644.565319
1249.924439 641.445200
1342.076800 638.367805
1428.641061 635.553353
1510.331186 632.859846
686.147249 68.458924
794.573591 71.719726
901.598755 74.942206
1007.342350 78.242372
1111.766013 81.465833
1214.986725 84.669924
1316.950491 87.879734
683.412821 167.204821
793.492717 169.928093
902.162378 172.614512
1009.625582 175.307556
1115.644213 177.985369
1220.387647 180.642657
1323.706480 183.294819
680.555255 269.159529
792.366198 271.258617
902.752179 273.344889
1011.937447 275.409873
1119.580738 277.542209
1225.810968 279.538531
1330.714888 281.638723
677.595737 374.356548
791.290501 375.744544
903.404983 377.236363
1014.196910 378.668674
1123.542507 380.116776
1231.398942 381.576254
1337.927640 382.986740
674.659286 483.020391
790.155283 483.703000
904.017271 484.518985
1016.571717 485.249160
1127.679243 485.994254
1237.197070 486.778077
1345.245122 487.534951
671.583909 595.276047
788.840852 595.262245
904.767949 595.318050
1019.089833 595.327850
1131.894019 595.408293
1243.240715 595.428793
1353.002813 595.517149
668.317863 711.355935
787.603676 710.501442
905.461203 709.738348
1021.712753 709.032826
1136.308315 708.313999
1249.321972 707.622024
1360.890661 706.945891
588.033723 378.148621
698.145383 376.734839
810.594938 375.395482
925.614379 373.959748
1043.236213 372.503735
1163.493755 371.035544
1286.285744 369.474889
597.084329 488.717889
705.395280 488.522682
815.964241 488.382074
928.924751 488.216838
1044.357209 487.903443
1162.403522 487.762273
1282.827307 487.550035
605.939193 595.543553
712.445783 596.421747
821.082973 597.305287
932.089848 598.273797
1045.520814 599.205358
1161.343799 600.153682
1279.579710 601.219857
614.443315 698.594392
719.257791 700.488730
826.026335 702.459785
935.124216 704.515691
1046.562738 706.534449
1160.259703 708.597319
1276.378396 710.757198
622.742938 798.223408
725.840770 801.072798
830.921007 804.016723
938.106632 806.989394
1047.575538 810.069320
1159.249647 813.268455
1273.250962 816.498613
630.710962 894.666417
732.147301 898.425976
835.523432 902.245019
940.959059 906.118840
1048.535106 910.169411
1158.387333 914.304859
1270.356785 918.519300
638.443273 987.949807
738.247272 992.470590
839.989058 997.073365
943.772626 1001.933365
1049.478750 1006.828539
1157.406632 1011.817280
1267.502574 1017.046792
295.792141 375.553282
427.670061 380.847643
550.992558 385.760687
666.551234 390.457291
775.135450 394.891684
877.364920 398.915683
973.789008 402.791855
297.907180 492.333921
426.491332 493.661440
546.780545 494.999044
659.820868 496.235210
766.130984 497.362673
866.459770 498.381290
961.015416 499.403951
299.963736 603.242421
425.277387 601.086303
542.794804 599.029749
653.428287 597.108771
757.603292 595.333246
855.942898 593.513312
948.853468 591.912743
301.787886 708.808611
424.173944 703.390923
538.948905 698.267757
647.217316 693.523200
749.346195 689.062956
845.821053 684.740285
937.129306 680.747546
303.710241 809.224522
423.053499 800.997168
535.411975 793.145755
641.302326 785.795619
741.510472 778.771056
836.147547 772.280168
925.850202 765.986082
305.437876 905.187378
422.122736 894.295582
531.958738 883.935012
635.750455 874.187841
733.923604 864.912846
826.937426 856.177026
915.119185 847.934603
307.165157 996.744107
421.033508 983.380717
528.659747 970.695823
630.331407 958.833884
726.698901 947.531602
817.936889 936.787654
904.733028 926.670193
305.884244 154.890288
427.363780 166.846335
541.505612 178.047016
649.071095 188.687758
750.547752 198.720668
846.529894 208.146553
937.423159 217.117012
305.201552 264.767962
427.585319 273.343530
542.447577 281.491174
650.724199 289.160630
752.815827 296.397816
849.351070 303.208616
940.612379 309.696873
304.482646 376.117974
427.696111 381.392657
543.399958 386.305778
652.392554 391.006370
755.104733 395.402708
852.136581 399.446091
943.942834 403.363495
303.678180 489.355679
427.886060 490.985889
544.359044 492.615967
654.033917 494.147882
757.381494 495.627420
854.952207 496.940765
947.279656 498.248851
303.028524 604.142550
428.021179 602.220778
545.302125 600.464174
655.676729 598.831485
759.683629 597.161098
857.812163 595.744551
950.580058 594.284729
302.273733 720.724324
428.228205 715.118817
546.378937 709.806677
657.467370 704.876083
762.050927 700.173462
860.785350 695.784607
954.042749 691.619285
301.592196 839.068622
428.387525 829.654674
547.432833 820.644009
659.187864 812.394265
764.538935 804.488610
863.678784 797.084879
957.478224 790.110760
312.363167 93.880412
426.974699 106.941206
535.014906 119.168400
637.212057 130.843694
733.883982 141.876687
825.598804 152.303583
912.684992 162.226378
310.945461 187.538402
427.959825 197.976167
538.205556 207.936371
642.350641 217.316122
740.784702 226.196518
834.061479 234.585191
922.442017 242.591027
309.334994 285.247922
428.915427 293.063340
541.470538 300.401227
647.744784 307.347131
747.959250 313.949425
842.790008 320.053585
932.675734 325.992851
307.586486 387.578924
430.030056 392.362808
544.936112 396.868294
653.248164 401.108061
755.385807 405.193841
851.889561 409.005629
943.294456 412.621442
305.912197 494.729620
431.050170 496.229819
548.441690 497.704222
658.970241 499.080655
763.095208 500.296532
861.334776 501.535066
954.190096 502.623734
304.126696 607.064385
432.129184 604.956228
552.323865 603.042811
665.067643 601.269955
771.185889 599.474204
871.294755 597.891221
965.718620 596.359361
302.236883 724.871272
433.320447 718.860016
556.268984 713.110616
671.409009 707.938344
779.656362 702.950094
881.448256 698.289343
977.598448 693.875866
28.161938 93.786616
160.505165 97.502195
290.740550 100.925441
419.160614 104.362912
545.645907 107.725807
670.434037 110.913480
793.284108 114.132915
43.933946 222.388098
173.526279 225.055105
301.126980 227.486531
427.008345 229.997630
551.053471 232.383276
673.391983 234.701501
793.860080 237.098707
59.272113 346.230586
186.026490 347.844484
311.095592 349.323999
434.623215 350.901001
556.297056 352.396985
676.229741 353.786895
794.481801 355.261431
73.528759 465.375827
198.005523 465.927062
320.684022 466.580072
441.779298 467.312777
561.253633 467.975238
678.941314 468.544450
795.078512 469.206866
87.639177 579.807857
209.575821 579.743503
330.019486 579.586930
448.755541 579.522635
566.032329 579.345184
681.535057 579.258709
795.562123 579.133755
101.043449 690.240637
220.773931 689.441742
338.968318 688.552306
455.558648 687.733582
570.612721 686.815508
684.218771 685.961997
796.120227 685.179597
114.075457 796.696080
231.542559 795.095401
347.609875 793.481660
462.088353 792.092576
575.096101 790.526432
686.569672 788.958844
796.649552 787.605928
219.355629 204.405653
367.369582 216.401304
504.814953 227.510463
632.890322 237.939779
752.460322 247.707567
864.406540 256.714954
969.431453 265.212778
225.236739 334.639585
367.841545 341.577110
500.538579 348.165982
624.558780 354.277465
740.556080 359.892592
849.480851 365.196963
951.687498 370.190137
230.738121 455.774225
368.238118 458.407922
496.550214 460.790621
616.764759 463.066655
729.442563 465.227722
835.373789 467.093563
935.053221 468.954475
235.674122 568.739642
368.567764 567.482784
492.680029 566.268941
609.351815 565.186447
718.913977 564.199701
822.049094 563.120075
919.357863 562.233636
240.467569 674.102976
368.854052 669.579161
489.319934 665.229009
602.339433 661.243988
709.054986 657.338665
809.452517 653.826237
904.451998 650.406551
244.878739 772.929963
369.259456 765.452572
485.962177 758.369324
595.923862 751.691612
699.696428 745.358112
797.746164 739.506651
890.438690 733.903280
249.157068 865.592790
369.476493 855.462631
482.864842 845.932880
589.788262 837.069789
690.898783 828.559378
786.462437 820.534318
877.101116 813.014355
116.861309 278.354054
241.250581 280.572153
363.748421 282.712794
484.666081 284.959734
603.941882 287.100035
721.659030 289.189906
837.686626 291.293236
110.473859 394.998952
235.934633 396.339422
359.478592 397.778988
481.416153 399.243332
601.736360 400.605523
720.339473 401.948986
837.234513 403.307223
104.052995 513.555868
230.478634 514.173126
355.131319 514.772973
478.210052 515.391646
599.441756 515.942616
718.927931 516.411212
836.832194 517.057477
97.381868 634.178828
225.129118 633.899220
350.845945 633.635840
474.819697 633.393577
597.069685 633.083137
717.545281 632.800023
836.405623 632.619943
90.783658 756.792455
219.478334 755.593720
346.299560 754.508776
471.352417 753.376062
594.622316 752.186498
716.144606 751.078020
835.853691 750.057021
83.883543 881.551486
213.846742 879.385445
341.795704 877.401242
467.872806 875.415174
592.215506 873.334401
714.762448 871.336080
835.476180 869.412889
76.806752 1008.534227
208.096009 1005.216721
337.328346 1002.219518
464.399315 999.478159
589.729001 996.453199
713.251674 993.552798
835.008375 990.700910
278.913128 163.070515
401.857799 174.800507
517.365642 185.722510
626.159909 196.165092
728.795479 205.945436
825.874914 215.202105
917.759344 223.944987
275.831659 258.238094
402.587960 267.222484
521.441331 275.718920
633.205635 283.691076
738.524475 291.222860
837.927778 298.299230
931.785498 305.054869
272.480045 359.455379
403.232502 365.473029
525.694032 371.075352
640.731625 376.406426
748.740949 381.410069
850.500851 386.016529
946.637569 390.450346
268.826349 467.578647
404.116337 470.086379
530.287017 472.471586
648.557094 474.657140
759.516840 476.798529
863.840662 478.744792
962.240850 480.653115
265.115265 583.116357
404.804727 581.637069
534.982002 580.392030
656.872464 579.213322
770.936715 577.953716
877.978060 576.965119
978.654779 575.885510
261.067629 706.912396
405.589497 700.909331
540.310149 695.458790
665.817750 690.365517
783.070257 685.521118
893.043027 681.044388
996.211574 676.800759
256.640383 839.889477
406.485545 828.756678
545.875381 818.380386
675.299422 808.913050
796.102102 799.846815
908.893386 791.529441
1014.709873 783.674357
993.758632 464.853486
1087.431545 462.834294
1187.125886 460.849444
1293.658148 458.667325
1407.496725 456.333106
1529.644886 453.828990
1660.817821 451.077232
1009.212470 553.209154
1100.898521 554.083616
1198.223317 554.995652
1301.997503 555.951525
1412.733034 556.900866
1531.304835 558.044846
1658.335972 559.234119
1023.995929 637.215618
1113.646744 640.528991
1208.762511 644.024334
1309.866688 647.712426
1417.709568 651.773690
1532.812113 655.924292
1656.003025 660.599581
1037.991058 716.936751
1125.743149 722.453786
1218.631802 728.351410
1317.354729 734.654816
1422.386386 741.262105
1534.253422 748.364712
1653.744678 755.836612
1051.360166 792.735089
1137.253724 800.329325
1228.133232 808.329081
1324.456805 816.758309
1426.829182 825.849245
1535.666996 835.455264
1651.662121 845.711554
1064.012822 865.021223
1148.174244 874.434130
1237.036153 884.334105
1331.126783 894.733423
1430.915509 905.951807
1536.966342 917.783951
1649.674461 930.353891
1076.111476 933.901672
1158.567013 944.821470
1245.550529 956.417658
1337.593904 968.756906
1434.854054 981.854011
1538.076992 995.592700
1647.771110 1010.327566
1025.040858 270.449989
1114.822058 262.865838
1210.042301 254.915056
1311.468753 246.497598
1419.504107 237.454161
1534.968535 227.842322
1658.577195 217.451982
1024.793776 363.362434
1114.519192 358.688587
1209.729091 353.662069
1311.075164 348.334123
1419.052658 342.625642
1534.332408 336.594834
1657.820951 330.169079
1024.657212 456.314147
1114.313336 454.320397
1209.472439 452.264345
1310.646803 450.035970
1418.548157 447.773269
1533.703486 445.196784
1657.037907 442.702070
1024.529930 548.981888
1114.124722 549.781638
1209.176889 550.710636
1310.244079 551.702834
1418.038524 552.660313
1533.073507 553.773436
1656.312967 554.886180
1024.483044 641.522311
1113.954198 645.115449
1208.893488 648.970436
1309.850823 653.010783
1417.542494 657.444024
1532.493935 662.031193
1655.508184 667.127283
1024.353937 734.017613
1113.624191 740.385197
1208.577308 747.224817
1309.414672 754.337423
1417.033117 762.072609
1531.892702 770.233743
1654.732964 779.058397
1024.170264 826.330391
1113.461332 835.374539
1208.268609 845.071282
1309.139457 855.426149
1416.472974 866.416241
1531.217136 878.146824
1653.978982 890.801816
1085.467910 165.669835
1168.698270 156.111539
1256.551218 146.076541
1349.546895 135.514323
1447.951505 124.340571
1552.557862 112.435537
1663.664946 99.784304
1073.159752 236.679520
1157.987018 228.988298
1247.679796 220.778584
1342.640078 212.091155
1443.394713 202.924077
1550.480463 193.206987
1664.439788 182.888118
1060.281452 311.097014
1146.739736 305.276114
1238.320514 299.110507
1335.400988 292.573299
1438.525285 285.723503
1548.284511 278.297121
1665.404097 270.589426
1046.791668 388.973436
1135.040947 385.232557
1228.532311 381.433240
1327.770775 377.248358
1433.413907 372.843357
1546.010800 368.259341
1666.358783 363.251408
1032.771067 470.621001
1122.757926 469.253395
1218.145287 467.931052
1319.767784 466.375470
1428.018643 464.868655
1543.658844 463.159862
1667.335212 461.454984
1017.998178 556.319840
1109.625549 557.590412
1207.285099 559.038007
1311.209483 560.449319
1422.282085 562.095983
1541.028728 563.700846
1668.388111 565.551156
1002.347534 646.389141
1096.027104 650.492204
1195.835544 654.915180
1302.366833 659.662742
1416.177757 664.744731
1538.355809 670.196061
1669.556706 676.095477
1129.562904 264.661187
1215.737887 257.699193
1306.732264 250.359414
1403.166678 242.662859
1505.323839 234.512301
1614.064945 225.772893
1729.878579 216.523141
1117.964110 339.390067
1205.773924 334.440950
1298.759200 329.142052
1397.333565 323.597472
1502.102982 317.745024
1613.549224 311.477133
1732.457322 304.849554
1105.780522 417.741459
1195.406630 414.864055
1290.432972 411.878631
1391.328705 408.716446
1498.613638 405.468426
1612.980140 401.863225
1735.239638 398.183815
1093.098623 499.778771
1184.596484 499.270804
1281.685997 498.878800
1384.877239 498.407612
1494.919083 497.904832
1612.392224 497.451994
1738.215873 496.844973
1079.841056 585.889505
1173.264482 588.012004
1272.401644 590.419023
1378.223483 592.862556
1491.032154 595.607138
1611.861046 598.386916
1741.322025 601.600526
1065.837129 676.393740
1161.067037 681.513288
1262.704335 686.996694
1371.008199 692.727127
1486.916915 699.012720
1611.166572 705.622977
1744.725245 712.815657
1051.040132 771.606728
1148.473606 779.873866
1252.444292 788.789155
1363.613699 798.262020
1482.579087 808.422233
1610.569611 819.425029
1748.378017 831.153272
1151.643385 377.894329
1257.026777 375.500132
1366.005203 373.205792
1479.034372 370.824122
1596.106640 368.366389
1717.752509 365.713123
1843.996796 363.083334
1151.200883 479.464529
1256.391516 479.011513
1365.400520 478.458267
1478.286068 477.946776
1595.223985 477.428492
1716.727190 476.858826
1842.817318 476.407691
1150.735560 581.022843
1255.798518 582.285222
1364.733739 583.582662
1477.450571 584.893973
1594.325651 586.400152
1715.621727 587.753748
1841.467660 589.389530
1150.295272 682.279191
1255.323132 685.274303
1363.988482 688.414952
1476.638420 691.698244
1593.404407 695.066127
1714.513771 698.541395
1840.251842 702.108043
1149.880938 783.354663
1254.779502 788.100177
1363.362208 793.060970
1475.868595 798.179201
1592.455566 803.579187
1713.456168 809.016796
1838.935141 814.826594
1149.475541 884.280535
1254.199302 890.814529
1362.695457 897.571484
1474.948281 904.612044
1591.443612 911.928474
1712.342557 919.389598
1837.654518 927.205376
1149.030351 984.915301
1253.636263 993.152110
1361.985220 1001.738282
1474.263949 1010.712915
1590.478202 1019.770094
1711.216144 1029.360374
1836.647741 1039.432038
1034.022613 266.166873
1132.352201 257.537617
1237.258138 248.481947
1349.629044 238.701154
1470.069785 228.321518
1599.584238 217.054823
1739.192419 204.855741
1048.923087 362.953491
1145.040898 357.799354
1247.339491 352.222836
1356.685657 346.258212
1473.574425 339.878526
1599.103575 333.112279
1733.970808 325.755627
1063.184522 454.826688
1157.081292 452.571037
1256.912306 450.146773
1363.306949 447.538598
1476.976430 444.901256
1598.646791 441.894492
1729.179908 438.769768
1076.618033 541.831085
1168.438326 542.223334
1265.849302 542.675467
1369.567450 543.215306
1480.145376 543.722733
1598.157429 544.254307
1724.660965 544.755065
1089.478982 624.434010
1179.308700 627.293519
1274.466142 630.272872
1375.505846 633.434346
1483.184324 636.882076
1597.844113 640.515351
1720.429885 644.445427
1101.631432 703.107536
1189.478228 708.138803
1282.468536 713.443740
1381.087069 718.988939
1485.903962 725.047634
1597.499194 731.388329
1716.427890 738.183585
1113.184251 777.990886
1199.198955 784.878987
1290.141868 792.224441
1386.496217 800.079700
1488.509239 808.397475
1597.074616 817.164150
1712.604663 826.617680
1140.818985 87.967814
1249.481491 80.217429
1362.076674 72.375552
1479.036118 64.170618
1600.082215 55.652079
1726.330574 46.876789
1857.820354 36.681181
1141.515785 195.221631
1249.213722 189.567485
1360.851381 183.629987
1476.679603 177.578218
1596.726228 171.264864
1721.518671 164.692726
1851.038175 157.904495
1142.162119 300.812865
1248.991744 297.007640
1359.710428 293.060230
1474.389829 288.994973
1593.272335 284.894327
1716.805866 280.415334
1844.987914 276.027464
1142.841184 404.477069
1248.757213 402.515882
1358.408135 400.529349
1472.093648 398.524105
1589.882592 396.362765
1712.178412 394.134762
1839.117892 391.802305
1143.581008 506.392703
1248.619092 506.249370
1357.320274 506.096752
1469.900395 505.919657
1586.633613 505.891979
1707.716688 505.691641
1833.358225 505.598224
1144.226358 606.702298
1248.283651 608.317940
1356.098053 609.918033
1467.620853 611.627736
1583.274821 613.520460
1703.291894 615.295788
1827.773436 617.260159
1144.843943 705.301503
1248.042720 708.488109
1354.884076 711.854134
1465.570284 715.440011
1580.073818 719.128201
1698.847771 722.800187
1822.177605 726.822951
