-1.96943979921665 -1.97643074382766 0.43175560623599 
2.00503002083237 2.01143990121551 0.41335904653038 
2.15247949738441 2.19055797792616 -0.35654117508535 
-1.99537687806757 -2.03324204058130 -0.52504829907056 
2.01217274649458 2.07674067322811 -0.55346620515151 
-2.12803902494690 -2.15239781517870 -0.32681058554741 
1.95445060295571 1.88625035819718 -0.21864200060489 
-2.00909293761502 -2.09355030067776 -0.63961051391509 
2.03674616622931 2.12879533198732 0.64998691196534 
2.16062693740282 2.18744449269286 0.32780141675136 
-2.10149008959604 -2.20497279441933 -0.66934144827841 
2.13293006501747 2.13225539235775 -0.01386827549607 
1.96724641382861 1.88531959125873 -0.01352950466468 
-1.93381708009887 -1.84408698150267 -0.19318258102372 
2.02263426896943 2.13563473091343 -0.66990582519612 
2.03192726762899 2.24661715961638 -0.91713297404475 
2.11737016519851 2.24619062541728 -0.70183619105180 
-2.09000127215716 -2.09824136576875 0.22936304115578 
-1.94366732221010 -1.84507944444316 0.00915328229139 
-2.10451629904544 -2.09556462938119 0.01088845313670
