-30.04868943707164 -23.79266732626489 88.61523569351672
-8.26275424972791 -23.85656733318187 68.32743336590468
-25.32486636149516 -32.42803101705822 82.82464204841449
-19.89922846859007 -13.52740112830161 64.67109758085734
-22.63935151600348 -30.28676654615182 88.51140942032360
-18.56633337124140 -14.41459629010019 66.96474137151122
-47.92259232642619 -32.76933175880220 83.58940475863506
-43.39425645100633 -14.77625516475954 64.09384284591832
-35.89628712199833 -21.65289283212097 63.87418546949957
-46.38725342192824 -30.53803408615356 63.53381583529033
-41.59767621734160 -23.82682594043095 58.35848184322720
-47.78165835971476 -19.17010496109954 69.26296518754401
-43.31527468684047 -23.68721523400287 71.02856942257904
1.21864592679110 -9.77481344284664 76.78333993487459
6.38742407895488 -32.37001213642395 95.72306734292388
5.30356455521689 -27.37551889538407 102.80135361125522
7.17422167841805 -22.99897671258338 93.47622216947234
5.91284193027682 -15.50735445024122 81.87400257631033
1.25098024344120 -25.12405840247418 78.66315529826555
7.18984106900947 -31.69633043347427 75.65808140696382
