-33.30144811708625 -10.35878486499319 81.92548716716907
-24.25783994056782 -33.20513411321450 99.44810009462009
-6.04453420049098 -13.84045623501266 62.56167437747524
-12.61804725087097 -33.06388805507901 79.31585241431353
-20.74605588357291 -32.35686133162146 77.48985813052120
-25.21300394897760 -14.41139213130536 72.19508475966116
-36.60313603444931 -13.67615348084309 62.95589004611372
-39.75198591085780 -26.45498431568065 71.01491197351436
-41.91313727296089 -30.89313439051124 76.54088460485757
-49.50138677355550 -27.12105470245405 63.46164308050949
-41.19348628030021 -20.27128164222374 57.13736832209709
-47.76688995955525 -19.16857951068308 69.17623328991817
-44.19536104407101 -25.45978232666749 74.17076756450024
-3.36840154537054 -13.52318593452552 85.20868892815034
0.65185281341481 -25.93786064869374 92.89767631897782
3.50487262142203 -30.32494700180219 98.33195086679012
8.44061898658181 -24.56592999206067 96.59209554953868
5.91645975363149 -15.50179321607445 81.78150250814645
0.79405192566126 -21.47318369344900 77.36806556209470
4.77914382917941 -31.69785117130074 78.61131966880455
