504.951103 401.737058
584.573621 397.672661
669.433065 393.529179
760.259409 389.047048
857.394173 384.290850
961.825733 379.111615
1074.185468 373.534137
527.108879 496.785437
605.780107 495.922995
689.430104 495.036517
778.806821 494.089102
874.316603 492.909499
976.828290 491.795142
1086.913534 490.636744
548.471604 588.112345
626.082612 589.990600
708.622519 592.072486
796.560096 594.237609
890.550131 596.638969
991.121880 599.069643
1099.005879 601.823631
568.921592 675.644071
645.577993 680.159469
726.940281 685.024460
813.582738 690.258155
906.021483 695.663654
1004.790087 701.491946
1110.486518 707.754087
588.633933 759.816940
664.344009 766.769913
744.649664 774.145703
829.970039 781.939747
920.851580 790.287268
1017.843054 799.157522
1121.475588 808.688241
607.549956 840.869193
682.302586 850.023228
761.511693 859.717449
845.541435 869.930225
935.001562 880.861514
1030.301382 892.537257
1131.958355 905.021396
625.785640 918.811118
699.608825 929.928442
777.673253 941.728190
860.579964 954.266003
948.567264 967.582126
1042.188257 981.748903
1142.001721 996.938659
631.953654 159.773675
706.453597 149.509645
785.312715 138.746363
869.029612 127.377844
957.942053 115.195143
1052.803664 102.265961
1153.816333 88.524434
614.072612 239.306275
689.396919 231.287389
769.190799 222.766116
853.990618 213.740885
944.358265 204.055966
1040.652652 193.889626
1143.411847 182.988554
595.509891 321.882772
671.737093 316.080731
752.529404 310.022661
838.500966 303.543783
930.126277 296.682197
1027.924416 289.295000
1132.562217 281.541994
576.345784 407.361903
653.393603 404.031204
735.214814 400.657918
822.316512 397.003621
915.303968 393.061613
1014.734034 388.948567
1121.185130 384.436474
556.518372 496.144504
634.401097 495.498837
717.137156 494.997793
805.582366 494.258827
899.849585 493.586059
1000.943065 492.801053
1109.212432 492.135329
535.844375 588.277176
614.476960 590.529563
698.470112 593.081437
787.947517 595.649695
883.742121 598.568352
986.444375 601.535314
1096.719267 604.791100
514.374099 683.941941
594.018211 689.330049
679.008300 695.117388
769.778660 701.404869
866.890295 708.048284
971.389389 715.157442
1083.631041 722.853885
916.565463 307.079037
1026.975336 314.652066
1130.182691 321.715064
1227.029609 328.449785
1318.015889 334.793167
1403.754513 340.605068
1484.550200 346.247419
907.015111 427.132648
1015.900917 430.642467
1117.792527 434.047512
1213.473298 437.169609
1303.421691 440.152111
1388.268390 442.929316
1468.272999 445.561943
897.918656 543.047411
1005.144309 542.857275
1105.757671 542.634378
1200.264908 542.511317
1289.268858 542.393693
1373.253978 542.107916
1452.535126 542.057139
888.980514 655.073235
994.827666 651.293851
1094.040558 647.793621
1187.480484 644.541831
1275.500174 641.476581
1358.599766 638.494394
1437.213974 635.806161
880.437401 763.249053
984.770725 756.225418
1082.752026 749.651169
1174.977227 743.542107
1262.181373 737.644031
1344.392887 732.178888
1422.281635 726.890958
872.206772 867.998681
975.088957 857.925319
1071.771251 848.465405
1163.032736 839.563952
1249.203353 831.061042
1330.689444 823.102606
1407.871195 815.589311
864.184492 969.291810
965.535496 956.328402
1061.182428 944.086327
1151.364514 932.693455
1236.644598 921.770209
1317.288142 911.446759
1393.789610 901.792083
857.701320 86.732784
956.825494 100.019710
1050.239762 112.430621
1138.604612 124.338817
1222.168801 135.585455
1301.475789 146.180653
1376.725958 156.264414
868.185890 180.506874
969.130946 191.233048
1064.254186 201.377614
1153.972108 210.941077
1238.788140 220.044631
1319.041164 228.623511
1395.150859 236.668879
879.134763 278.540290
981.936707 286.521784
1078.698596 294.046093
1169.916459 301.219276
1255.949939 307.982824
1337.293025 314.217543
1414.430077 320.299128
890.635738 381.141236
995.445504 386.063888
1093.852058 390.752783
1186.446652 395.148996
1273.750416 399.386103
1356.255922 403.322930
1434.348308 407.095889
902.673746 488.526092
1009.412722 490.121306
1109.491306 491.770662
1203.616052 493.336260
1292.367656 494.655904
1375.998585 496.047795
1455.024484 497.295418
915.392011 601.120160
1024.092511 599.161942
1126.060285 597.434219
1221.698497 595.754060
1311.731485 594.134422
1396.614703 592.606339
1476.681630 591.235955
928.584921 719.277893
1039.380953 713.421305
1143.314359 707.820318
1240.595077 702.774019
1331.988213 697.855175
1417.972065 693.267995
1499.067453 689.023787
686.238551 68.514029
794.666281 71.852332
901.671766 75.096780
1007.412355 78.446341
1111.810020 81.670974
1215.012551 84.887576
1316.915572 88.109357
683.459526 167.219241
793.571179 170.003518
902.255041 172.686840
1009.689258 175.445444
1115.675470 178.126243
1220.360801 180.827192
1323.670233 183.467430
680.588859 269.180739
792.422362 271.301157
902.825335 273.413488
1011.958731 275.535188
1119.596260 277.633513
1225.805310 279.656240
1330.704904 281.767830
677.628384 374.372074
791.322950 375.787610
903.495220 377.270865
1014.259857 378.721758
1123.565116 380.188898
1231.413046 381.657336
1337.900301 383.080407
674.627919 483.053876
790.163110 483.737156
904.063444 484.562721
1016.634344 485.307618
1127.703322 486.053648
1237.217708 486.846388
1345.250018 487.613633
671.543182 595.312314
788.852086 595.320989
904.815167 595.377858
1019.125564 595.392726
1131.932296 595.444674
1243.262045 595.471444
1353.011173 595.552092
668.299448 711.416933
787.594827 710.573018
905.496841 709.782504
1021.751877 709.089670
1136.349417 708.361889
1249.353671 707.637593
1360.872248 706.968006
588.051116 378.097282
698.221438 376.701701
810.654750 375.363287
925.762170 373.930052
1043.347840 372.515482
1163.539897 371.051401
1286.308743 369.496909
597.080789 488.672751
705.434884 488.501729
816.007982 488.398437
929.020353 488.220601
1044.431817 487.937650
1162.427750 487.763846
1282.862401 487.581599
605.926739 595.522720
712.455138 596.406369
821.134161 597.314070
932.160901 598.270703
1045.590210 599.201760
1161.405895 600.155280
1279.631247 601.213403
614.417608 698.597789
719.260279 700.488086
826.055377 702.485656
935.205759 704.531831
1046.639243 706.515437
1160.348824 708.584075
1276.437774 710.723548
622.699305 798.248838
725.822015 801.096532
830.927257 804.048563
938.165533 807.009291
1047.659364 810.065978
1159.371001 813.228710
1273.325036 816.413888
630.668771 894.726045
732.137890 898.457598
835.540960 902.255884
941.010966 906.133597
1048.633628 910.132032
1158.471791 914.248567
1270.434034 918.450396
638.420681 987.985774
738.249996 992.515828
840.027034 997.105264
943.820502 1001.932202
1049.575184 1006.787769
1157.514462 1011.726392
1267.591557 1016.897394
295.646630 375.440075
427.597110 380.778478
550.908404 385.674801
666.534160 390.408729
775.159958 394.872386
877.407316 398.907517
973.860489 402.802052
297.621290 492.232490
426.310920 493.604852
546.714543 494.972948
659.773384 496.178700
766.126966 497.359917
866.436673 498.364807
961.077582 499.413231
299.722828 603.184244
425.065736 601.047750
542.700092 598.965628
653.348362 597.090587
757.553205 595.317784
855.931342 593.522900
948.885819 591.929526
301.543291 708.785559
424.006412 703.368756
538.852784 698.260987
647.148198 693.543617
749.304074 689.071136
845.799222 684.735681
937.153019 680.768998
303.410156 809.223073
422.851642 801.005437
535.282361 793.134038
641.196278 785.807578
741.466126 778.805979
836.105827 772.298323
925.847163 766.000664
305.142900 905.245144
421.899897 894.330538
531.772087 883.978327
635.666082 874.237837
733.866119 864.927315
826.899507 856.193901
915.124613 847.939867
306.815271 996.832848
420.772269 983.491419
528.485409 970.774495
630.237306 958.871265
726.629204 947.545508
817.931294 936.797756
904.726757 926.677515
305.792019 154.822575
427.326612 166.837949
541.469120 177.992639
649.055762 188.686899
750.582774 198.761324
846.585396 208.201704
937.466116 217.182605
305.020607 264.644348
427.481096 273.308847
542.440268 281.457442
650.701355 289.131507
752.839011 296.412868
849.353317 303.244488
940.682128 309.723008
304.313539 376.082167
427.559130 381.355002
543.332890 386.282641
652.357148 391.019112
755.095967 395.406012
852.150732 399.475301
944.002726 403.414208
303.486843 489.319074
427.757364 490.990797
544.293913 492.598118
653.989247 494.155628
757.365428 495.663249
854.964951 496.962751
947.316245 498.304788
302.749777 604.109075
427.871987 602.186218
545.194212 600.434347
655.588045 598.819601
759.660008 597.205674
857.808238 595.787074
950.612529 594.345786
302.042057 720.752645
428.023363 715.140902
546.201497 709.859592
657.383685 704.930851
762.008349 700.207507
860.767055 695.820542
954.074604 691.656044
301.322755 839.123062
428.163941 829.728968
547.291810 820.712206
659.098142 812.448310
764.465068 804.537688
863.657401 797.130810
957.469690 790.177012
312.283387 93.847314
426.946103 106.940375
534.993516 119.133881
637.213010 130.882768
733.925968 141.952132
825.686793 152.375031
912.750505 162.311894
310.808280 187.446425
427.896657 197.969503
538.222969 207.912538
642.342909 217.308723
740.821023 226.230115
834.077483 234.658099
922.493876 242.637846
309.190939 285.197730
428.826312 293.041506
541.420804 300.394430
647.725263 307.377452
747.964395 313.974230
842.817176 320.100662
932.728982 326.040401
307.422598 387.562642
429.914818 392.349200
544.897021 396.855223
653.215300 401.120277
755.367341 405.237112
851.907985 409.040001
943.350520 412.680189
305.659436 494.721357
430.916770 496.221217
548.356305 497.694976
658.915659 499.083417
763.087061 500.338932
861.354531 501.590095
954.240588 502.714539
303.911420 607.058141
431.992862 604.969454
552.195885 603.094545
665.004499 601.306028
771.150830 599.532176
871.303933 597.942351
965.767432 596.418905
301.966827 724.932088
433.124071 718.933351
556.140875 713.176811
671.344160 708.003194
779.588196 703.023916
881.457967 698.352956
977.602354 693.969744
90.984408 24.118715
229.243641 33.842661
360.715205 41.646715
489.309198 50.326499
613.334762 58.210116
733.592333 65.898330
849.867672 73.186721
97.577098 153.185631
233.081639 159.723789
364.045135 166.111271
490.845791 172.226385
613.701692 178.141816
732.770119 183.881679
848.131560 189.509807
103.565761 279.157004
237.408052 283.589504
367.021259 287.874308
492.630885 292.041344
614.292705 296.070813
732.206133 299.884012
846.513462 303.681677
109.111366 402.635978
241.777343 404.984740
369.994811 407.280265
494.306131 409.512361
614.807639 411.698639
731.577112 413.735986
844.907593 415.814547
114.759279 523.547042
245.931626 524.010959
372.946756 524.434517
495.947670 524.836467
615.346111 525.155075
731.001372 525.581614
843.253486 525.892884
120.335416 642.224678
250.084367 640.770222
375.819471 639.384518
497.658208 638.015608
615.867099 636.583721
730.519785 635.275374
841.743408 634.028886
125.821895 758.498319
254.169295 755.201927
378.685240 751.965548
499.315736 748.979114
616.400507 745.892244
729.961507 742.965535
840.181321 740.245220
135.914237 207.864963
284.031980 216.823978
424.145954 225.259247
557.183170 233.327331
683.422225 241.040614
803.394653 248.203817
917.646075 255.077510
150.819173 337.049190
293.283958 342.309255
428.288433 347.386875
556.489687 352.038257
678.453246 356.513163
794.642297 360.714393
905.356205 364.770901
164.976287 457.033501
301.874625 459.072701
432.035900 460.935806
555.872465 462.738196
673.884140 464.465269
786.467005 466.014796
893.883654 467.516856
177.959656 568.650007
309.991733 567.821289
435.466873 567.008476
555.294790 566.282000
669.594062 565.564722
778.716072 564.752007
883.106353 564.150771
190.134505 672.565880
317.486019 669.402499
438.895367 666.192804
554.651926 663.252639
665.583816 660.361884
771.414410 657.682394
872.895770 655.040181
201.600376 769.916586
324.595312 764.542207
441.913198 759.358829
554.233301 754.422234
661.711776 749.594029
764.701552 745.109036
863.385663 740.815295
212.389268 861.033257
331.135381 853.757623
444.885099 846.758850
553.751153 840.173499
658.162572 833.724891
758.202888 827.561593
854.325444 821.759734
116.610208 278.220858
241.133390 280.479605
363.672391 282.642834
484.644193 284.939072
603.951512 287.090989
721.700158 289.211685
837.751521 291.344436
110.139740 394.883993
235.756283 396.297158
359.395239 397.744917
481.362507 399.219312
601.723116 400.590492
720.369204 401.968213
837.292660 403.332654
103.680676 513.524961
230.250052 514.128775
354.998338 514.774037
478.113266 515.401192
599.396959 515.953291
718.949127 516.451958
836.853788 517.079212
96.999978 634.194093
224.888003 633.890952
350.683782 633.625676
474.718693 633.397630
596.990524 633.116640
717.529583 632.841220
836.417603 632.660956
90.279244 756.808407
219.230664 755.616137
346.120719 754.546027
471.236760 753.402559
594.548864 752.214533
716.108831 751.151302
835.849494 750.122879
83.588763 881.632885
213.565096 879.461619
341.582565 877.483250
467.730807 875.467058
592.129445 873.392062
714.716982 871.408723
835.475223 869.473036
76.468100 1008.539908
207.738034 1005.355587
337.011140 1002.335977
464.256580 999.542490
589.620969 996.535660
713.240159 993.616467
834.993898 990.796319
242.102578 168.874205
363.611668 177.533890
479.580220 185.648230
590.515492 193.629307
696.724089 201.166103
798.606494 208.386304
896.284295 215.298869
232.465570 262.379617
357.904963 269.029368
477.608905 275.412594
591.892179 281.522392
701.236542 287.406932
805.834037 292.963573
906.015127 298.274118
222.086642 361.995017
351.820918 366.508889
475.382116 370.785057
593.395808 374.903541
705.917601 378.819756
813.477953 382.474405
916.438612 386.109078
210.975617 468.578445
345.472701 470.505393
473.223868 472.374269
594.857873 474.108907
710.841615 475.904902
821.570006 477.500585
927.432240 479.111838
199.154040 582.677123
338.460442 581.645039
470.613739 580.845954
596.432567 580.011573
716.139694 579.169131
830.177740 578.465385
938.976504 577.777312
186.540051 705.094907
330.977238 700.777696
468.171806 696.844875
598.162800 693.020545
721.816881 689.356070
839.387367 685.971759
951.447393 682.703008
172.811239 836.824343
323.046227 828.792227
465.433461 821.082510
600.054003 813.892504
727.821252 806.988809
849.128884 800.535073
964.546868 794.402737
997.046329 412.009701
1090.006619 408.382901
1188.880039 404.744652
1294.568237 400.694226
1407.376101 396.497980
1528.301994 391.854848
1658.173764 386.866165
1008.731601 504.477103
1100.165423 503.898198
1197.223068 503.301991
1300.788956 502.602970
1411.192811 501.816454
1529.417613 501.028259
1656.158461 500.222192
1019.994146 593.518790
1109.872641 595.509740
1205.277911 597.672202
1306.718079 599.977653
1414.968718 602.512868
1530.522821 605.075773
1654.337640 607.975829
1030.808151 678.886299
1119.198483 683.360446
1212.908724 688.212007
1312.520822 693.340236
1418.552321 698.691761
1531.585934 704.548121
1652.462745 710.721388
1041.282498 761.076674
1128.247222 767.882807
1220.339943 775.112417
1318.068437 782.694511
1421.962802 790.876600
1532.640494 799.564788
1650.736356 808.861945
1051.281038 840.235346
1136.833825 849.169199
1227.370141 858.592558
1323.300084 868.549698
1425.191739 879.220837
1533.565298 890.543067
1649.030416 902.619456
1060.977071 916.464483
1145.152879 927.229551
1234.128849 938.713502
1328.414784 950.924115
1428.264774 963.871953
1534.400883 977.540948
1647.424132 992.214052
1039.362119 235.794493
1127.782346 227.431073
1221.477750 218.680436
1321.146462 209.382218
1427.079108 199.465867
1540.175575 188.921211
1661.009765 177.609029
1035.582762 325.200366
1124.394728 319.543433
1218.531875 313.476930
1318.674043 307.109070
1425.241154 300.230090
1538.992817 292.989533
1660.563283 285.285846
1031.766449 415.816971
1120.962776 412.702920
1215.592089 409.490419
1316.210539 406.037999
1423.419592 402.450242
1537.769975 398.468069
1660.208229 394.429300
1027.899245 507.276442
1117.510258 506.885544
1212.592254 506.614326
1313.716652 506.294803
1421.497509 505.863789
1536.571577 505.503627
1659.785382 505.031114
1024.069259 599.833167
1114.075367 602.238738
1209.551130 604.913160
1311.249790 607.633385
1419.564570 610.630450
1535.377645 613.756378
1659.361969 617.223718
1020.113643 693.468705
1110.434299 698.773172
1206.492399 704.431970
1308.585498 710.336045
1417.604779 716.799744
1534.136112 723.657690
1658.916923 731.038259
1016.142692 788.140412
1106.888264 796.247792
1203.384430 804.993214
1306.119230 814.342878
1415.656316 824.273580
1532.929768 834.932809
1658.509618 846.414522
1069.221612 182.781499
1154.282109 173.456488
1244.163277 163.700926
1339.487295 153.390430
1440.484638 142.422424
1547.990453 130.766175
1662.397609 118.351902
1059.314769 260.924768
1145.563470 253.781730
1236.856241 246.126950
1333.710320 238.114001
1436.590311 229.484702
1546.049544 220.419741
1662.702773 210.792115
1049.008790 341.961042
1136.545098 336.946961
1229.295256 331.717626
1327.768064 326.107356
1432.489846 320.207203
1544.000533 313.781894
1663.174561 307.158079
1038.374837 425.824540
1127.223038 423.144983
1221.461008 420.485521
1321.566072 417.560398
1428.171546 414.437862
1541.919097 411.226390
1663.550708 407.640153
1027.399733 512.802288
1117.584647 512.714881
1213.208248 512.766434
1315.182920 512.661517
1423.713909 512.682521
1539.816568 512.632304
1663.997192 512.711001
1015.965940 602.960801
1107.382351 605.688160
1204.789186 608.673777
1308.354664 611.705332
1419.043703 615.123138
1537.477902 618.641052
1664.380250 622.491509
1004.101328 696.530300
1097.023488 702.215527
1195.922443 708.319478
1301.468773 714.859836
1414.162242 721.809529
1535.112546 729.285859
1664.868996 737.331982
1148.439477 257.663498
1239.277157 252.111671
1334.068046 246.353703
1433.320613 240.404878
1537.065504 234.136441
1646.052113 227.561634
1760.299688 220.657659
1140.753790 334.036036
1233.673505 330.124643
1330.816159 325.983518
1432.620914 321.744367
1539.264909 317.214400
1651.198920 312.557375
1768.801411 307.636515
1132.607549 414.384699
1227.809018 412.145256
1327.426900 409.901387
1431.918320 407.522875
1541.502142 405.076121
1656.661021 402.380676
1777.945123 399.749194
1124.148081 498.870862
1221.651262 498.542373
1323.856479 498.373639
1431.122861 498.088259
1543.795172 497.851595
1662.465829 497.663410
1787.482749 497.335554
1115.218522 587.875287
1215.190587 589.675276
1319.941776 591.817723
1430.344169 593.883874
1546.265470 596.180277
1668.754507 598.522402
1797.677268 601.095813
1105.796592 681.739056
1208.169458 686.032734
1315.989674 690.647315
1429.333213 695.368895
1548.868179 700.538999
1675.246671 705.886022
1808.602473 711.514481
1095.770870 780.886006
1200.908459 787.849149
1311.647922 795.227441
1428.542512 803.081695
1551.650460 811.377317
1682.125228 820.091276
1820.198217 829.367320
1151.699849 377.942582
1257.046960 375.584637
1366.014304 373.270191
1479.020522 370.860820
1596.066203 368.401638
1717.597592 365.776867
1843.700064 363.116279
1151.266784 479.518866
1256.451913 479.045537
1365.412912 478.496739
1478.264274 478.004606
1595.131734 477.432946
1716.529671 476.885161
1842.559019 476.428104
1150.796948 581.058662
1255.854766 582.302087
1364.759091 583.600296
1477.431255 584.925322
1594.259445 586.402888
1715.491824 587.741992
1841.503882 589.372953
1150.368832 682.298253
1255.381313 685.254283
1364.060150 688.420376
1476.644355 691.660832
1593.361986 694.990895
1714.404412 698.460454
1840.006189 702.024204
1149.992312 783.376752
1254.845113 788.085749
1363.383931 793.030243
1475.867878 798.131766
1592.434095 803.483749
1713.421091 808.949776
1838.817061 814.704517
1149.561044 884.265371
1254.287772 890.766710
1362.773942 897.493254
1475.039644 904.510918
1591.440493 911.801886
1712.310735 919.287488
1837.571122 927.070683
1149.154098 984.856597
1253.714441 993.074403
1362.050722 1001.630863
1474.304469 1010.583120
1590.442266 1019.555858
1711.134460 1029.137123
1836.586587 1039.419119
1079.465914 257.469721
1185.903696 250.288796
1297.975775 242.911517
1416.468006 235.010968
1541.473761 226.745987
1673.722553 217.908201
1813.973532 208.558893
1089.444239 358.445234
1193.008473 354.214248
1301.797096 349.708275
1416.546821 344.928456
1537.425410 339.832411
1665.208816 334.531972
1800.359790 328.942540
1098.994509 453.900125
1199.715074 452.033065
1305.495561 450.066052
1416.656194 447.978830
1533.787868 445.907104
1657.282549 443.571654
1787.737057 441.212379
1107.930696 543.876995
1206.021261 544.201890
1308.820305 544.630875
1416.854279 545.083639
1530.411823 545.425535
1649.860204 545.854363
1775.821487 546.287019
1116.505853 628.994656
1212.048775 631.332864
1312.119227 633.770566
1417.006746 636.286931
1527.219749 639.007844
1642.966344 641.821711
1764.756495 644.763497
1124.508830 709.731342
1217.696212 713.860997
1315.094113 718.083446
1417.102211 722.519456
1524.053340 727.261538
1636.410596 732.146577
1754.312896 737.316879
1132.182429 786.310340
1223.001538 791.904689
1317.911102 797.775084
1417.252093 804.014307
1521.177140 810.523603
1630.195576 817.258256
1744.578658 824.432935
1140.867143 88.126602
1249.494068 80.424303
1362.049009 72.563766
1479.052286 64.420250
1599.987466 55.899510
1725.988547 47.133419
1856.985286 37.233039
1141.575109 195.311791
1249.260583 189.702882
1360.834669 183.781951
1476.629144 177.727567
1596.592742 171.392682
1721.265973 164.868004
1850.504644 158.095970
1142.224707 300.885863
1249.022225 297.061011
1359.713454 293.157007
1474.352905 289.056978
1593.189988 284.965007
1716.607188 280.509594
1844.920954 276.102416
1142.890961 404.517645
1248.785866 402.543187
1358.443262 400.590124
1472.066593 398.556039
1589.814056 396.381356
1712.054928 394.168556
1838.854122 391.846435
1143.653112 506.437508
1248.633256 506.285943
1357.311861 506.130904
1469.862892 505.963478
1586.548543 505.884997
1707.626115 505.690395
1833.178026 505.523144
1144.277919 606.728286
1248.339556 608.321757
1356.126187 609.901771
1467.622297 611.621236
1583.202167 613.465734
1703.179628 615.253933
1827.571531 617.178355
1144.938395 705.293985
1248.117582 708.465545
1354.921718 711.811421
1465.543539 715.376839
1580.025693 719.034485
1698.760439 722.702391
1821.989086 726.688786
