-40.63435286245502 -10.54761164507745 81.34011805922255
-29.94769961183465 -30.61852699072613 94.36042188020934
-13.06875794142844 -14.10552562171498 62.35672166454397
-19.98811813251477 -33.36875727368236 78.93602512115331
-28.31873823630650 -34.92437313470622 80.20904867184750
-32.54830246330274 -11.05962302271371 69.98396106585514
-43.06387072269602 -10.33148172426307 61.22774518156024
-45.97676669894454 -23.74040628848989 67.72458334017334
-50.52252510967015 -32.99663360858668 78.81707073394003
-46.16706091518755 -18.95782604031517 65.70232587808852
-43.68261213121776 -20.43010804318000 55.32409386518384
-49.49426465112079 -28.46896460040146 64.39007051228829
-48.92924580054302 -25.63453947655239 71.50925643198669
-11.22082644584531 -10.34087943851229 83.83434961042319
-8.17760266010677 -23.73498031772207 90.47811557681538
-2.62988869163927 -32.42961584540598 101.29058525347438
0.31647906572289 -25.04130195258215 99.52784758383396
-1.44305934126133 -15.91400712086659 81.76061518549311
-8.95182240248987 -21.98635146266385 81.03498445414833
-2.58988871117787 -32.10520566186598 78.56242090018577
