-1.88317894043619 -1.71380103631774 -0.00832671003629 
-2.04212717782338 -2.16143929301447 0.81648242587746 
2.03849118284847 2.17094388322009 0.78927996145779 
1.89974872919621 1.73687860620856 0.00420136295881 
2.03353987149253 2.00317643489257 -0.20728046760837 
-2.01661665692672 -1.97781621074003 -0.22195818236609 
-2.02616330521031 -2.20592204650184 -0.90752552972199 
2.00034867169623 1.99809298854420 0.43075083561940 
1.89853399764037 1.73675359282814 0.00489700883942 
2.00235390180046 1.98445666327530 0.17505297052995 
-2.02642686486318 -2.20538192307698 -0.90770064832187 
2.12697745048119 2.16103946213219 0.29887455103316 
1.89860235998721 1.73633935882220 0.00423495583180 
-1.88207749461945 -1.71458414329899 -0.01004794459220 
-1.98145805438412 -1.98188187065163 0.41372349791962 
2.03914893271116 2.23854726425899 -0.89565530985920 
2.03843179697955 2.23825588412087 -0.89625329916969 
-2.10138720386756 -2.10191543736682 0.20858690290710 
-1.88253909125488 -1.71438808134011 -0.00982887830991 
-2.06791712205315 -2.04357696668292 0.09877928166045
