412.746568 443.406021
487.692309 440.401669
568.116165 437.235549
654.558586 433.937694
747.560872 430.433467
847.744210 426.749942
955.644682 422.977675
444.276689 533.202662
518.218455 533.170032
597.491932 533.251587
682.510315 533.432394
773.877309 533.639715
871.758201 533.906757
976.996327 534.147279
474.609475 618.502677
547.571055 621.170556
625.578112 624.310714
709.240933 627.358816
798.732687 630.803563
894.538788 634.389465
997.192949 638.412856
503.371920 699.249085
575.431184 704.492503
652.366046 710.136546
734.493613 716.001834
822.237462 722.050250
915.880437 728.411079
1015.973947 735.216864
531.144371 776.142939
602.208787 783.424587
677.917573 791.087010
758.473205 799.292356
844.544529 807.908836
935.920790 816.668646
1033.412968 826.125498
557.756525 848.816337
627.675745 857.914082
702.174515 867.687211
781.365052 878.055260
865.409585 888.670019
954.713258 899.612259
1049.753212 911.169566
582.837641 917.677351
652.024457 928.867064
725.279305 939.833398
802.977086 951.901209
885.213483 964.420006
972.529133 977.341374
1064.939396 990.775018
602.987457 154.495923
676.726932 141.923836
754.870279 128.767855
837.970164 115.001314
926.278460 100.761139
1020.095399 86.055496
1119.567965 70.770153
583.070868 232.036129
657.902039 221.312590
737.287753 210.265272
821.967088 198.608177
912.206910 186.524612
1008.131211 174.058642
1110.174996 161.181286
562.579826 313.369258
638.265480 304.980133
719.073190 296.174715
805.337701 286.908783
897.271602 277.354550
995.456787 267.325766
1100.077988 256.973952
541.295625 398.612208
617.945856 392.648073
700.065353 386.521922
787.795169 380.012292
881.607785 373.129069
981.903436 365.997818
1089.242720 358.727784
519.175239 487.902984
597.008332 484.712609
680.324783 481.537095
769.532928 478.003032
865.168524 474.473571
967.703703 470.303733
1077.460727 466.628494
496.452629 581.297640
575.216095 581.082256
659.744819 581.403330
750.475494 581.313930
847.868767 581.367634
952.469260 581.421251
1065.185445 581.346330
473.169697 678.899522
552.635124 682.455277
638.551865 685.799428
730.755735 689.792110
829.885277 693.700520
936.831326 697.854589
1051.723610 702.195216
811.798753 355.373091
926.691688 360.360655
1034.027153 365.313443
1134.027509 370.147019
1227.461236 374.861359
1314.434533 379.238472
1395.773495 383.454145
801.141634 472.170766
913.657325 473.051482
1018.936789 474.029189
1117.385163 475.311488
1209.242546 476.567541
1295.198259 477.650764
1375.462107 478.697270
791.291938 583.492863
901.189260 581.065449
1004.530070 578.797094
1101.323922 576.291414
1191.664305 574.075883
1276.371166 571.982482
1355.724631 570.155946
782.023276 689.060486
889.607504 683.254436
990.719500 677.880244
1085.709553 672.537559
1174.700538 667.384952
1258.139738 662.513103
1336.520361 657.987085
773.328950 789.255583
878.654464 780.565462
977.605845 772.286207
1070.649247 764.222875
1158.236589 756.598031
1240.470504 749.257233
1317.743549 742.301794
765.262063 884.286205
867.998666 872.970938
964.969410 862.231660
1056.347764 851.866075
1142.382937 841.852299
1223.345318 832.236617
1299.650464 823.058045
757.688347 974.260204
858.039247 960.873217
952.952020 947.607579
1042.637607 935.253095
1127.114033 923.215446
1206.790034 911.631520
1282.073000 900.469872
751.010919 55.827039
848.914465 68.340706
941.679819 80.585559
1029.206269 92.491564
1112.071504 104.039357
1190.415236 115.285660
1264.289261 125.988395
760.765657 136.926176
861.429386 147.610867
956.542802 158.067436
1046.331269 168.190124
1130.926143 178.015054
1210.714020 187.559902
1285.903629 196.762423
771.435916 223.757945
874.850844 232.189864
972.368989 240.519701
1064.301081 248.570830
1150.712418 256.433766
1231.901890 263.929067
1308.515260 271.136632
782.784242 316.289396
889.163134 322.199660
989.161958 328.083211
1083.273047 333.821690
1171.424878 339.236147
1254.099721 344.551711
1331.993192 349.691772
795.007529 415.184780
904.336856 418.180839
1007.003824 421.156327
1103.068691 424.176586
1193.176710 427.171842
1277.422569 429.806923
1356.534395 432.485933
808.224450 520.843148
920.520772 520.409096
1025.796059 520.191780
1124.222639 520.177357
1215.903598 520.064915
1301.746632 519.889822
1382.024810 519.799526
822.537364 633.718318
937.804844 629.787853
1045.730221 625.743214
1146.230012 621.844187
1239.832254 618.207039
1327.071454 614.763570
1408.648203 611.679654
603.875334 34.966996
707.150879 37.064041
809.537463 39.672997
910.845415 42.657453
1010.859936 46.092722
1109.210407 49.880211
1205.859412 53.976661
596.952147 121.068895
702.999811 122.856060
808.089401 124.993547
912.073849 127.496940
1014.654147 130.387674
1115.555641 133.675386
1214.498924 137.308107
590.160813 212.299840
698.812594 213.571661
806.750894 215.301878
913.466048 217.230414
1018.624072 219.597906
1122.090585 222.177821
1223.453149 224.929787
583.101402 308.458511
694.716668 309.304648
805.394048 310.520567
914.865910 311.927288
1022.783991 313.473280
1128.689781 315.305904
1232.586713 317.415966
575.920669 410.018588
690.549665 410.469052
804.143577 411.009980
916.300582 411.627424
1027.017062 412.531219
1135.638953 413.529144
1241.934989 414.740334
568.896612 517.148074
686.332233 516.880050
802.875775 516.962282
917.921366 516.819327
1031.368316 516.745171
1142.720488 516.967202
1251.475481 517.058179
561.823683 629.935537
682.175731 629.166469
801.708176 628.195619
919.741946 627.708883
1036.024410 626.827417
1149.995847 625.520663
1261.311305 624.485486
480.030653 426.049562
588.696607 424.449588
700.482336 422.853820
815.108596 421.397374
932.508165 420.081950
1052.198922 418.847594
1173.890194 417.972392
496.624346 532.888909
602.803155 532.567022
711.903992 532.387984
823.629698 532.201466
937.950622 531.942291
1054.737652 531.898342
1173.011509 531.974935
513.009303 634.500827
616.540165 635.479816
722.966136 636.525706
831.973580 637.316835
943.259974 638.430981
1056.911070 639.169869
1171.993234 639.758726
528.683479 730.878559
629.773504 733.014364
733.618602 735.052982
839.896463 737.008594
948.390881 738.645256
1058.784618 740.190445
1170.803944 741.689142
543.988651 822.411982
642.768908 825.447389
743.964916 828.328331
847.410120 831.083925
953.200262 833.585342
1060.535113 835.872348
1169.505542 838.099497
558.724419 909.124962
655.069926 912.820586
753.867499 916.705821
854.746428 920.318692
957.604172 923.462182
1062.169471 926.343640
1168.148724 929.055218
572.958879 991.148927
666.934383 996.033290
763.363289 999.987430
861.805035 1004.287664
961.835858 1008.226484
1063.616228 1011.798609
1166.686464 1014.955374
199.547142 429.309365
330.258749 431.136664
454.248050 432.915769
571.854962 434.719185
683.353205 436.607167
788.518994 438.328610
887.896777 440.088131
206.075701 538.434875
332.450225 537.213112
452.656657 536.041035
566.712571 534.853765
674.968701 533.902979
777.472548 532.991152
874.217530 532.160477
212.994413 640.699104
335.045331 636.767585
451.392892 633.054871
562.127497 629.228702
667.264289 625.804348
767.131122 622.316758
861.552808 619.073433
219.765713 736.180618
337.785526 730.021435
450.570269 724.167887
558.022085 718.295316
660.291253 712.325143
757.425730 706.621763
849.638563 701.222893
226.743440 825.743204
341.163754 817.612503
450.309675 809.582185
554.259028 801.713900
653.861213 794.002227
748.346302 786.288381
838.357300 779.023626
233.778260 909.508533
344.239677 899.513631
450.087214 889.803061
551.208969 880.489131
647.832804 870.816202
739.961182 861.511539
827.663231 852.532745
240.617792 987.778625
347.542307 976.630653
450.214466 964.869325
548.621051 954.111089
642.370538 943.347850
732.123149 932.650651
817.594585 922.153151
213.042116 194.494272
335.151188 202.666927
451.415315 210.733711
562.018407 218.633277
667.204414 226.482335
766.940029 234.164092
861.483654 241.666918
211.558466 306.654164
333.952307 311.865652
450.423314 317.067302
561.242613 322.054351
666.639580 327.198317
766.557601 332.202142
861.162464 337.149573
210.954720 419.520486
333.189191 421.597218
449.976952 423.915614
560.934753 426.097432
666.276596 428.444721
766.337149 430.664297
861.020196 432.807934
210.967368 532.277359
333.224139 531.568494
449.838928 530.996348
560.840936 530.452521
666.290728 529.732617
766.191460 529.218127
860.831357 528.730826
211.658564 645.071468
334.000065 641.503396
450.415949 638.013843
561.003241 634.418825
666.500638 631.069535
766.249308 627.659716
860.826266 624.637604
213.185133 757.538784
335.054143 750.801296
451.244825 744.505878
561.777376 738.308351
666.804134 732.075695
766.469318 725.895937
860.871214 720.073875
215.529899 869.190607
336.720931 859.853202
452.590630 850.073301
562.866031 841.212946
667.508589 832.241669
766.906077 823.505626
860.987023 815.015682
240.830321 70.771798
348.821439 81.002475
452.119928 91.049213
550.886347 100.997307
645.374581 110.767683
735.450201 120.339089
821.510601 129.760799
234.726727 150.990601
346.073193 159.602212
452.440189 168.050270
554.076265 176.305698
651.138183 184.552729
743.666975 192.727666
831.746260 200.776209
228.740847 236.745381
343.333189 243.319211
453.134612 249.964746
557.693366 256.404843
657.387002 263.015606
752.351509 269.306910
842.549207 275.497596
222.634207 327.833099
341.050407 332.357578
453.987698 337.011484
561.770772 341.532164
664.306493 345.832587
761.505810 350.184277
853.960288 354.520950
216.636068 425.184347
338.983629 427.364826
455.469701 429.549507
566.203175 431.662046
671.649282 433.856725
771.409712 435.795780
866.037311 437.937308
210.994556 529.021996
337.166180 528.331005
457.272706 527.961500
571.384041 527.505974
679.616724 527.018203
782.051183 526.489074
878.761450 526.140796
205.669389 639.799738
335.810641 636.167599
459.702599 632.199673
577.225303 628.903156
688.387487 625.501667
793.458198 622.148003
892.497331 619.168908
177.259276 272.629632
305.184552 278.759565
428.526981 284.897201
547.456280 291.068317
662.014055 297.341211
771.763992 303.520863
876.952957 309.732337
169.782908 388.029107
299.511296 391.900722
424.609413 395.823198
545.233010 399.732548
661.259503 403.783414
772.521662 407.776821
878.850877 411.757754
163.066448 506.850703
294.274807 508.358849
421.211849 510.041365
543.439835 511.498001
660.745264 513.209873
773.354823 514.723449
880.866775 516.190218
156.964338 628.515288
289.864044 627.680887
418.246608 626.994101
541.916910 626.126743
660.668913 625.072747
774.373327 624.108537
883.065862 623.298087
151.476025 753.080524
286.145901 749.787438
415.863516 746.561359
540.747944 743.036012
660.871048 739.482607
775.619487 735.699884
885.368209 732.126010
147.056608 880.118385
282.869085 874.222169
414.020716 868.165882
540.131380 862.140556
661.179031 855.773425
777.066778 849.316041
887.697518 842.949998
143.479177 1009.118573
280.314486 1000.606047
412.747932 991.373780
540.024271 982.711319
661.971334 973.656816
778.668830 964.527098
890.114860 955.384335
117.141244 200.356858
261.052356 209.044623
397.197020 217.577743
525.822928 225.949940
647.379558 234.319844
761.675635 242.383609
869.288054 250.391480
125.491778 326.338135
264.635268 331.080635
396.361418 335.808718
520.964572 340.375171
639.019579 345.090302
750.361022 349.689452
855.147214 354.239746
134.426750 444.398560
268.539107 445.694350
395.972749 446.978720
516.881853 448.172297
631.387692 449.703269
739.758804 451.031242
841.968893 452.418827
143.337021 554.535542
272.786919 552.854694
396.142992 551.345240
513.384898 549.912127
624.606616 548.169293
729.925643 546.774125
829.599022 545.356085
152.391325 657.670379
277.726195 653.425852
396.927048 649.217108
510.198806 645.035026
618.449409 641.002624
720.792399 636.970883
817.992489 633.299294
161.529565 754.145531
282.456199 747.401560
397.905568 741.013797
507.941545 734.807901
612.780622 728.519349
712.431551 722.248870
807.040986 716.258494
170.602178 844.229422
287.391374 835.938613
399.162646 826.857301
506.030609 818.807168
607.708759 810.602575
704.673859 802.602761
796.789462 794.713055
107.377335 85.327464
232.837012 90.564577
356.260892 96.288798
477.395107 102.199737
596.053014 108.496129
711.751729 115.014856
824.531565 121.893749
106.703276 204.076424
231.873633 208.055006
355.011949 212.402554
475.852927 216.858280
594.279036 221.635771
709.905085 226.688201
822.415638 232.133589
107.073786 322.646324
231.630728 325.436770
354.400844 328.483180
474.901418 331.429260
592.906597 334.821454
708.267303 338.271346
820.437785 341.762507
108.232714 440.384154
232.182359 442.010666
354.370715 443.779281
474.388091 445.567702
591.965015 447.295528
706.854297 449.141777
818.572057 451.038674
110.117417 557.301267
233.669373 557.715581
355.113868 558.226329
474.282729 558.611937
591.431239 558.975189
705.591818 559.179258
816.868158 559.587106
113.019968 672.890140
235.578413 672.062279
356.288882 671.338162
474.960660 670.581458
591.196101 669.389105
704.734524 668.055177
815.321873 666.810954
116.767367 786.768187
238.154107 785.113974
358.181841 782.541608
476.070131 780.600762
591.416659 778.118584
704.098338 775.483069
813.907212 772.569781
194.430306 158.764582
314.164732 167.595363
428.403883 176.316681
537.127941 184.911250
640.848511 193.380831
739.160547 201.661107
832.831408 209.814589
186.567425 250.817962
310.485188 257.469472
428.351966 264.079899
540.497516 270.498655
647.188866 276.943311
748.447273 283.373732
844.342798 289.666982
178.944123 349.491373
306.844503 353.585845
428.704536 357.850365
544.453698 361.853905
654.178318 366.071649
758.206775 370.070735
856.517780 373.999726
171.263676 454.871296
303.659987 456.220565
429.433867 457.759763
548.863672 459.248204
661.868926 460.537941
768.577059 462.027899
869.480130 463.430215
163.717112 567.820585
300.910706 566.029785
430.858506 564.427810
553.802899 562.686206
670.259246 561.198341
779.956494 559.502487
883.241268 558.287900
156.634402 688.736378
298.446320 683.158649
432.748664 678.110931
559.647174 673.015729
679.391373 667.933331
792.071408 663.004916
898.000506 658.428426
150.119837 818.156947
296.623676 808.603953
435.443376 798.891563
566.300406 790.037313
689.399105 781.087701
805.118044 772.381542
913.706859 764.111807
905.367381 447.916151
995.268826 445.481775
1090.855473 443.232097
1191.981487 440.958027
1299.289059 438.561139
1412.795346 436.077853
1532.836735 433.663608
923.547567 536.047810
1011.765696 536.128368
1105.210636 536.646276
1203.694102 537.073073
1308.105203 537.605658
1418.495982 538.266209
1534.749345 538.898680
941.111965 619.741140
1027.442262 622.532824
1118.500526 625.029857
1214.636077 627.779956
1316.218399 630.933523
1423.412799 634.074528
1536.247009 637.510413
957.711748 698.590614
1042.003408 703.293943
1130.927737 708.270030
1224.741351 713.476504
1323.630897 718.769678
1427.694618 724.232227
1537.127006 729.963722
973.414822 773.519569
1055.930988 780.132435
1142.781313 786.957683
1234.134425 794.108751
1330.469865 801.536895
1431.514479 808.973066
1537.480715 816.771982
988.363098 844.670043
1068.925425 852.832653
1153.787577 861.481437
1242.981397 870.354245
1336.591773 879.369521
1434.777233 888.578776
1537.602210 898.048835
1002.400811 912.101040
1081.245746 921.878398
1164.140727 931.622076
1251.171618 942.062569
1342.153679 952.560319
1437.563361 963.374598
1537.267672 974.341675
940.654110 255.445884
1026.679634 247.988349
1117.617115 240.359859
1213.501952 232.556074
1314.869812 224.539993
1421.659028 216.390582
1534.149204 208.072978
940.888311 347.192092
1027.104909 342.256744
1118.052609 337.374461
1214.112058 332.315126
1315.649390 327.052141
1422.753691 321.863848
1535.316837 316.694110
941.169683 439.133179
1027.341923 436.832518
1118.409037 434.762240
1214.600057 432.408203
1316.114997 430.153346
1423.301881 427.763696
1536.232260 425.424115
941.303088 531.412659
1027.616895 531.664820
1118.681879 532.306485
1214.718156 532.794054
1316.253122 533.247830
1423.326897 533.844107
1536.363334 534.653166
941.721001 623.910172
1027.888282 626.940266
1118.794081 629.743862
1214.675856 632.854904
1316.183287 636.350258
1423.214073 639.936147
1535.724851 643.656917
942.137244 715.385294
1027.902301 720.841142
1118.648946 726.693219
1214.469193 732.787483
1315.674724 739.124913
1422.495253 745.510244
1534.719568 752.165420
942.425636 806.567551
1027.910722 814.689584
1118.461930 822.964513
1214.085215 831.997664
1314.916066 841.011976
1421.275437 850.300584
1533.180427 859.921924
1008.267159 152.877475
1087.806534 143.848874
1171.349138 134.686962
1258.875543 125.333552
1350.714797 115.815181
1446.885922 106.185410
1547.315667 96.454895
994.608654 222.336664
1075.887691 214.810034
1161.250564 207.194932
1250.988386 199.342975
1345.257470 191.380494
1444.169077 183.447200
1547.593882 175.457846
980.278542 295.509671
1063.232807 289.686330
1150.603121 283.833511
1242.571890 277.732428
1339.250320 271.664560
1440.908687 265.482608
1547.632324 259.241168
965.202465 372.338453
1049.871678 368.461168
1139.246672 364.663689
1233.351244 360.725346
1332.680800 356.610189
1437.030416 352.523284
1547.109890 348.579215
949.200155 453.177613
1035.712598 451.478632
1127.170768 450.060655
1223.531473 448.434154
1325.465231 446.850456
1432.941037 445.078111
1546.058707 443.551807
932.398015 538.638070
1020.781711 539.197184
1114.294034 540.343577
1212.959507 541.275383
1317.431913 542.322873
1427.971929 543.388514
1544.449741 544.624602
915.062511 628.501717
1004.940413 632.149514
1100.498246 635.421826
1201.640555 639.258459
1308.714917 643.267248
1422.401564 647.524761
1542.192232 651.980154
1051.252598 249.895916
1133.578695 243.283819
1220.025243 236.528778
1310.693125 229.686427
1405.917448 222.758770
1505.455467 215.772026
1609.616475 208.746282
1038.277684 323.414121
1122.446286 318.483738
1210.762095 313.554430
1303.729746 308.470079
1401.539425 303.307118
1503.985392 298.296903
1611.198126 293.262709
1024.678882 400.721028
1110.522850 397.813360
1201.057529 394.902559
1296.353805 391.832455
1396.560358 388.832406
1502.057779 385.757573
1612.499359 382.779792
1010.279772 481.842636
1098.033290 481.272080
1190.587945 480.683711
1288.183996 479.972813
1391.090633 479.197097
1499.330906 478.570457
1613.284596 478.128029
995.169499 568.079861
1084.872540 569.581714
1179.503007 571.143310
1279.367039 572.939198
1385.092463 575.041655
1496.434435 577.022062
1613.373886 579.380966
979.274827 657.929161
1070.649073 662.003474
1167.483023 666.492883
1269.870040 671.249352
1378.207864 676.267097
1492.537906 681.235458
1612.958425 686.603491
962.606079 752.010477
1055.635929 759.215902
1154.651716 766.744035
1259.556508 774.843809
1370.564486 783.125617
1488.110160 791.514928
1611.838988 800.205760
1057.789041 360.987650
1159.791792 358.805398
1264.503686 356.609079
1371.722847 354.632604
1481.572542 352.868569
1593.173824 351.268275
1706.060090 350.002203
1057.882550 461.498306
1159.962948 460.885530
1264.724413 460.178621
1372.053472 459.521328
1481.686027 458.964937
1593.590452 458.702877
1706.456093 458.441180
1058.212853 562.630783
1159.957797 563.028673
1264.521657 563.838815
1371.822076 564.556328
1481.523169 565.329045
1593.162094 566.090711
1706.280624 566.925049
1058.010611 663.022884
1159.688940 664.922463
1264.114115 667.141115
1371.336942 669.344595
1480.755999 671.334547
1592.059444 673.241009
1705.227919 675.457649
1057.867383 762.812125
1159.337293 766.413254
1263.596673 770.055766
1370.328970 773.519654
1479.569874 776.886761
1590.479140 779.953174
1703.188250 783.067432
1057.673330 862.082086
1158.747626 867.018940
1262.671534 872.119456
1369.053848 876.898746
1477.711614 881.523569
1588.247700 885.784628
1700.756674 889.880171
1057.389153 960.436774
1158.003913 966.842339
1261.481352 972.978637
1367.451034 979.142308
1475.490351 984.923697
1585.469055 990.465612
1697.353645 995.677883
941.146934 251.107387
1035.088710 242.685953
1134.880458 233.948066
1240.561392 225.053105
1352.809127 215.949099
1471.481072 206.634344
1596.916960 197.208808
959.067784 346.658368
1051.169321 341.248922
1148.699014 335.807088
1251.799739 330.215674
1361.121413 324.511556
1476.590594 318.865193
1598.173228 313.090062
976.195560 437.396470
1066.346135 434.916898
1161.568692 432.499527
1262.231392 429.852441
1368.607032 427.254636
1480.907804 424.531418
1599.170804 421.967852
992.321910 523.883347
1080.686125 523.962491
1173.656330 524.046546
1271.752660 524.154845
1375.360133 524.211267
1484.324245 524.290041
1599.164398 524.567150
1007.833505 606.727726
1094.109432 608.649954
1184.928718 610.679771
1280.539027 613.098114
1381.524230 615.681214
1487.447963 618.273841
1598.518836 621.093797
1022.464762 684.303833
1106.653346 688.340625
1195.399380 692.742729
1288.754382 697.333918
1386.899128 702.022799
1489.883879 706.741257
1597.644742 711.699644
1036.222484 758.158233
1118.553123 764.114170
1205.181950 770.158127
1296.330634 776.771725
1391.774572 783.336845
1491.895395 790.048728
1596.293586 796.894412
1041.687854 77.411198
1146.043173 70.751793
1253.356845 64.378522
1363.118703 58.401106
1475.579782 52.850653
1589.860170 47.842019
1705.597327 43.265623
1043.995752 181.588165
1147.929905 176.429653
1254.679721 171.617993
1364.043600 167.013914
1475.970205 162.701323
1589.814510 159.055935
1705.081055 155.627000
1046.334009 285.064753
1149.576501 281.485681
1255.725969 278.149821
1364.417902 274.973204
1475.673965 272.092620
1589.037366 269.355913
1703.850210 267.017736
1048.480536 387.328448
1151.029260 385.345430
1256.399063 383.520329
1364.475774 381.780194
1474.956789 380.073607
1587.345562 378.593173
1701.547675 377.650142
1050.453275 488.167385
1152.335862 487.901687
1256.864198 487.555460
1363.950179 487.185584
1473.713746 486.893213
1585.304473 486.642335
1698.430063 486.642085
1052.499469 588.287455
1153.295438 588.898038
1256.964856 589.844623
1363.262717 590.933095
1471.878471 591.975828
1582.480270 592.897189
1694.831485 593.844221
1054.188938 685.803482
1154.080329 688.038744
1256.836157 690.237276
1362.192615 692.737009
1469.716695 694.919708
1579.176801 697.088971
1690.305905 699.176443
