406.360015 442.371586
483.646361 439.709845
565.856205 436.856461
653.577632 433.902778
747.361661 430.749684
847.921408 427.202759
956.004116 423.510889
439.321791 533.324503
515.278420 533.419184
596.054445 533.589557
682.078720 533.903222
773.942344 534.183597
872.170700 534.427925
977.442970 534.691394
470.504630 619.452605
545.196678 622.035070
624.536091 625.016595
708.972363 627.958716
798.878032 631.317132
894.893208 634.754888
997.596238 638.655609
499.837252 700.868058
573.429966 705.828215
651.437935 711.223069
734.316637 716.945485
822.376479 722.832223
916.219615 729.197087
1016.455096 736.051938
527.706269 778.324872
600.192107 785.301768
676.915082 792.667000
758.164606 800.736497
844.707104 809.167643
936.340245 817.959868
1034.084251 827.547737
554.488408 852.140209
625.612874 860.709005
701.110074 870.269942
780.892473 880.177600
865.555907 890.636317
955.246899 901.686499
1050.844809 913.650485
579.415927 921.819932
649.748302 932.574165
723.968280 943.348747
802.384754 955.193923
885.312332 967.647958
973.219240 980.831458
1066.392575 994.884360
599.256271 150.049426
674.196585 137.954155
753.407024 125.070960
837.308915 111.462757
926.377521 97.069186
1021.156538 81.760535
1121.939405 65.428516
579.780399 229.133606
655.871009 218.956687
736.165586 208.258178
821.518004 196.872390
912.317841 184.729432
1008.852480 171.955000
1111.779381 158.383948
559.648057 311.666339
636.515617 303.736413
718.308072 295.318119
805.107798 286.288829
897.478120 276.750643
995.929318 266.619620
1101.221915 255.942177
538.528575 397.734323
616.562838 392.154343
699.503866 386.353920
787.829678 380.118757
881.874935 373.356339
982.367715 366.261282
1090.025537 358.695963
516.332065 487.751723
595.634730 484.751444
679.934054 481.774430
769.696086 478.421994
865.632313 475.011742
968.206481 471.102243
1077.942628 467.154968
493.204836 581.966222
573.590072 581.637476
659.254539 581.979388
750.644330 581.814909
848.367934 581.807023
953.065712 581.626266
1065.563136 581.701249
469.088464 680.445732
550.424115 683.641012
637.690992 686.815382
730.727447 690.597812
830.185535 694.351424
937.262532 698.424044
1052.277171 702.923868
811.763965 355.384513
927.048755 360.486958
1034.588535 365.390532
1134.989138 370.124872
1229.321467 374.534801
1317.717059 378.417054
1400.877539 382.195373
801.342438 472.589129
914.153022 473.700448
1019.465654 474.768841
1118.065824 475.826281
1210.612923 476.834722
1297.734587 477.713531
1379.591590 478.518709
791.464401 583.981871
901.747926 581.454325
1004.998812 578.975969
1101.842229 576.680452
1192.853488 574.576367
1278.529345 572.557544
1359.319866 570.811987
782.115767 689.826526
890.042436 683.934371
991.188038 678.396547
1086.437974 673.181584
1175.834783 668.286110
1260.171473 663.642221
1339.898979 659.205754
773.188695 790.600353
878.977453 781.645851
978.143656 773.319393
1071.452557 765.401884
1159.561667 757.961280
1242.587325 750.909014
1321.052911 744.213936
764.676571 886.752057
868.196894 874.849818
965.563174 863.990434
1057.357619 853.639674
1143.930293 843.848011
1225.704783 834.574390
1303.154912 825.853953
756.561772 978.361387
857.981864 964.126042
953.570924 950.577449
1043.790886 938.155923
1128.941081 926.223118
1209.488812 915.029261
1285.890554 904.288002
748.765394 49.822622
848.079288 63.378595
941.816400 76.157458
1030.264782 88.282659
1114.051339 99.761057
1193.520684 110.719593
1268.688235 120.882601
759.302659 133.461287
861.042396 144.933767
956.892996 155.670300
1047.288183 165.876253
1132.653636 175.413155
1213.472747 184.622507
1289.916199 193.222870
770.519871 222.144236
874.738521 231.069119
972.759266 239.509695
1065.125647 247.505524
1152.175001 255.059525
1234.293966 262.126706
1312.273682 268.917459
782.374578 315.932862
889.326679 322.156508
989.534619 328.029474
1083.981944 333.654542
1172.706635 338.785027
1256.387498 343.785215
1335.649074 348.466870
795.045614 415.517693
904.611601 418.668398
1007.407609 421.687381
1103.705209 424.571386
1194.393265 427.277174
1279.700138 429.713888
1360.202475 431.953340
808.459988 521.516767
920.982828 521.035495
1026.149205 520.968427
1124.746861 520.696150
1217.203071 520.480943
1304.183158 520.214236
1386.117001 520.079747
822.769083 634.393400
938.204380 630.002254
1046.057956 626.071027
1146.953228 622.534166
1241.408005 619.092249
1329.972225 615.743392
1413.396805 612.836235
598.536696 26.546747
704.061475 30.031907
808.113768 33.575034
910.664556 37.085489
1011.889833 40.575928
1111.570543 43.919520
1209.907450 47.229857
592.546748 115.532019
700.683559 118.654166
807.114043 121.599799
912.093580 124.525951
1015.458415 127.317768
1117.404989 130.261252
1217.755112 133.094139
586.620239 209.025017
697.131418 211.453673
806.187438 213.764303
913.574788 215.920088
1019.261393 218.229446
1123.436882 220.469888
1226.092456 222.707964
580.415670 306.880636
693.652210 308.562103
805.161371 310.244824
915.119399 311.794113
1023.247366 313.288508
1129.747644 314.898604
1234.719858 316.512886
573.824964 409.486485
689.923723 410.471917
804.214026 411.378909
916.648591 412.128795
1027.479636 413.039736
1136.478613 413.894331
1243.680129 414.624709
567.041759 517.518149
685.959237 517.332064
803.078445 517.577790
918.417454 517.437501
1031.770562 517.485191
1143.362379 517.501223
1253.224061 517.529733
559.837232 630.953553
681.758270 629.885923
801.924618 628.917851
920.198614 628.127921
1036.340352 627.146925
1150.739290 626.279400
1263.178949 625.558670
475.710812 425.128790
586.776461 424.039154
699.898551 422.892148
815.189413 421.777287
932.825739 420.619485
1052.694498 419.323583
1174.992545 418.122881
493.135785 533.042519
601.446966 532.940795
711.715345 532.877031
823.895638 532.792604
938.418919 532.525758
1055.048549 532.445259
1173.901569 532.433762
509.768208 635.415748
615.323531 636.356233
722.811055 637.179281
832.234396 637.875307
943.698173 638.631409
1057.265440 639.475861
1173.015907 640.580444
525.476963 732.650432
628.431186 734.388150
733.329099 736.075180
840.127915 737.864595
948.767282 739.418604
1059.371295 741.189577
1172.088286 743.013791
540.442133 825.284019
641.094246 827.652715
743.432309 830.125331
847.514910 832.590727
953.689035 834.955811
1061.442269 837.602942
1171.142809 840.136781
554.756500 913.439490
652.927963 916.240432
752.996313 919.642608
854.741824 922.791285
958.183568 925.905798
1063.370869 929.101193
1170.445956 932.440408
568.323989 997.289532
664.275012 1001.128160
762.162353 1004.575007
861.605508 1008.480828
962.487009 1012.422066
1065.158052 1016.480290
1169.592949 1020.391063
181.707409 426.602681
320.222245 429.389022
449.206478 431.972764
569.717890 434.426930
682.741691 436.750799
788.664861 438.731309
888.364301 440.629392
189.295592 538.428353
323.063263 537.458724
447.971577 536.302361
564.807105 535.312369
674.500736 534.400210
777.668406 533.546520
874.753046 532.673817
196.490295 643.062173
325.651230 638.522183
446.556434 634.295640
560.074231 630.201465
666.785744 626.509952
767.292964 622.934274
862.067351 619.595139
203.132805 740.794938
327.936804 733.498101
445.270106 726.466286
555.655110 719.899899
659.438557 713.482696
757.459174 707.598518
850.063009 701.954745
209.320870 832.648367
330.521669 822.696207
444.179930 813.343083
551.160353 804.282784
652.623626 795.817608
748.144288 787.794896
838.601111 780.154817
215.413493 919.220115
332.579406 906.788388
443.093150 895.227025
547.358354 884.386104
646.084937 873.668917
739.336542 863.790091
827.723308 854.332122
220.946228 1000.375581
334.615325 986.254503
442.046598 972.369797
543.778377 959.660147
639.821980 947.641403
730.910341 936.088681
817.360106 924.974925
192.384138 184.412763
322.267714 195.312537
443.826429 205.523857
557.871297 215.148264
665.145260 224.206954
766.127606 232.644877
861.405146 240.581734
192.951176 300.445234
322.794525 307.663908
444.262590 314.246323
558.173905 320.416715
665.298595 326.331390
766.193371 331.831731
861.292893 337.047592
193.676298 416.473668
323.121534 419.678964
444.701558 422.718699
558.509457 425.535320
665.425365 428.312369
766.286743 430.817381
861.366089 433.253800
194.360824 532.090320
323.868389 531.692985
444.993938 531.119212
558.767380 530.733306
665.713953 530.123207
766.321544 529.766657
861.296849 529.212636
195.055407 647.500116
324.482580 643.215004
445.467912 639.313318
558.851456 635.363420
665.939495 631.800750
766.364984 628.345163
861.206235 625.066740
195.791797 762.804178
324.790157 754.511175
445.746696 747.079659
559.277417 740.016798
665.965127 733.269398
766.454189 726.824578
861.232333 720.872986
196.661164 877.690254
325.242020 865.919043
446.161971 854.497407
559.561917 844.280149
666.126804 834.426418
766.579731 825.141874
861.196324 816.369612
218.927029 55.676017
333.982744 69.212644
442.473213 81.992177
544.861964 94.103258
641.852387 105.559867
733.612578 116.306091
820.700823 126.474540
214.667179 139.662228
332.931564 151.059524
444.222179 161.766544
549.231128 171.797027
648.453448 181.290504
742.397360 190.412059
831.231541 198.973198
210.062701 228.530652
331.660077 237.449872
446.292818 245.899465
553.907053 253.715071
655.493303 261.256041
751.537156 268.222486
842.433749 274.907953
205.212472 322.549849
330.581114 328.853330
448.123823 334.705912
558.922426 340.196326
663.025427 345.187586
761.203228 350.060829
854.101772 354.631946
199.976899 422.467704
329.326941 425.607501
450.398986 428.642177
563.915271 431.297691
670.879006 433.855400
771.442224 436.236086
866.288630 438.393362
194.520615 528.933810
327.922826 528.416148
452.680903 528.146382
569.451964 527.793132
679.175082 527.405270
782.201936 527.011861
879.250568 526.692050
188.802546 642.178942
326.411296 637.787727
455.089641 633.454462
575.371139 629.842468
687.945514 626.230764
793.561452 622.799913
892.908571 619.601076
155.750600 264.810841
292.192040 273.277081
421.298398 281.269396
543.825787 288.917693
660.469342 296.229768
771.370363 303.050047
877.121203 309.552469
149.497563 383.860923
287.642032 389.134407
418.340113 394.195655
542.449528 398.961947
660.271641 403.576765
772.507559 408.061574
879.183845 412.196501
143.176306 505.911979
282.885740 507.929494
415.445028 509.901520
540.991677 511.671711
660.119984 513.500747
773.499962 515.231657
881.434650 516.847516
136.597185 630.846173
278.304334 629.422980
412.283613 628.259492
539.466929 627.022276
660.027629 625.863924
774.558051 624.914846
883.564202 623.772133
129.588259 758.884487
273.474659 753.951242
409.150223 749.418721
537.793088 744.915616
659.927148 740.859375
775.612259 736.812865
885.676292 732.958201
122.625806 890.449051
268.324853 881.531057
405.978551 873.449894
536.152868 865.764775
659.652312 858.286105
776.742594 851.250674
888.009226 844.584066
115.739406 1025.187080
262.954121 1012.640494
402.609631 1000.301054
534.513831 989.170552
659.409672 978.359393
777.804319 968.315860
890.300047 958.582348
88.736900 188.221393
243.914835 200.361945
387.556273 211.718210
520.873301 222.217940
645.076747 232.064625
760.869502 241.016504
869.310689 249.454429
100.547988 319.466853
249.845059 326.443999
388.406647 332.904016
517.139304 338.708185
637.417466 344.213016
749.986325 349.481948
855.336651 354.272926
111.652501 441.529691
255.240875 443.833308
388.914052 445.867378
513.602230 447.697613
630.250324 449.580857
739.637134 451.273574
842.325535 452.860313
121.793208 554.889617
260.214616 553.247079
389.421634 551.736708
510.380754 550.278795
623.572231 548.642769
729.953293 547.352557
830.021417 545.871366
131.439464 660.874923
265.234636 655.738363
390.136334 650.926357
506.979689 646.263921
617.321920 641.920881
720.707506 637.792703
818.284861 633.843595
140.368094 760.111403
269.570782 751.705041
390.542370 744.074397
504.247188 736.829637
611.269957 729.902299
712.133270 723.311808
807.288704 717.142134
148.741898 852.792036
273.641910 842.133413
391.002716 831.456925
501.578954 822.052393
605.580834 812.925109
703.888766 804.374335
796.787745 796.083931
74.587702 66.753656
210.891715 76.192998
342.163665 85.260936
468.881330 94.051950
591.300971 102.506585
709.424113 110.551714
823.713287 118.390549
77.605410 191.864180
212.885050 198.918444
343.370668 205.773189
469.268150 212.325513
590.842266 218.567505
708.415925 224.769470
821.973000 230.800069
80.428005 315.359567
214.672356 320.190936
344.525084 324.920682
469.652404 329.186544
590.521384 333.528240
707.391031 337.733849
820.441112 341.704753
83.285302 437.210833
216.649866 439.828779
345.510526 442.401374
469.985184 444.847827
590.184282 447.143455
706.475614 449.379644
818.770233 451.452495
85.943479 557.741124
218.730858 558.116770
346.710351 558.761518
470.190866 559.039903
589.903353 559.449496
705.364153 559.852226
817.106323 560.119492
88.721694 676.867051
220.507909 675.009498
347.732231 673.548769
470.692094 672.103574
589.509934 670.448266
704.410279 668.866068
815.605722 667.593567
91.422106 794.270468
222.083130 790.635726
348.715488 786.750595
471.039863 783.508348
589.165969 780.114141
703.413526 776.978359
813.980971 773.782986
171.521312 146.736009
299.419845 158.592709
419.332910 169.780477
531.892946 180.336521
638.046711 190.257995
737.858505 199.473339
832.376222 208.177766
165.224166 242.364047
297.243838 251.499386
420.764887 260.014785
536.435448 267.900462
645.203957 275.363534
747.671192 282.442561
844.198012 289.110484
158.659103 344.198879
294.764067 350.048103
422.146843 355.583848
541.273845 360.579071
652.860086 365.446611
757.870521 369.956702
856.647689 374.153638
151.484603 452.543522
292.434253 454.874271
423.622543 456.968792
546.309983 458.971307
661.012509 460.611918
768.559043 462.412674
869.784427 463.940522
143.858031 568.513325
289.824639 566.624765
425.342644 564.941100
551.564649 563.240780
669.650351 561.652522
780.077352 560.130457
883.647095 558.658116
135.739585 692.761389
286.871206 685.899132
427.021814 679.979469
557.292055 674.223659
678.770130 668.776250
792.133941 663.670134
898.399826 658.929486
126.958236 826.096854
283.590656 813.864014
428.822513 802.454847
563.355154 792.331356
688.444435 782.619864
805.021186 773.505916
913.961361 765.116101
905.742590 448.546722
995.709632 446.165323
1091.385516 443.722968
1193.134592 441.216890
1301.824045 438.554268
1417.940876 435.527228
1542.238370 432.410985
924.121170 536.556939
1012.203765 536.759528
1105.661487 537.229219
1204.850824 537.702175
1310.634238 538.119336
1423.496770 538.751553
1543.884938 539.233048
941.586941 619.891440
1027.781777 622.756950
1119.127923 625.610439
1215.956778 628.656886
1318.966401 631.940969
1428.559649 635.427903
1545.651449 639.365268
958.174355 699.191262
1042.534130 704.037770
1131.835630 709.257395
1226.496841 714.799547
1326.790507 720.547170
1433.426631 726.775632
1547.164288 733.384707
973.943763 774.501975
1056.669433 781.334024
1144.025435 788.506483
1236.318682 796.147038
1334.338737 804.266659
1438.143224 812.838771
1548.448743 821.949323
989.034538 846.230830
1069.939223 854.613986
1155.482395 863.806785
1245.789556 873.296304
1341.298381 883.343395
1442.494775 894.018017
1550.021204 905.405251
1003.279545 914.459451
1082.595402 924.532632
1166.364275 935.040033
1254.757206 946.435454
1347.810299 958.238434
1446.434327 970.843741
1551.006479 984.189414
941.000149 254.694982
1027.370014 247.059079
1118.901419 238.949820
1215.895020 230.541995
1319.191100 221.449362
1429.157377 211.755231
1546.536873 201.309290
941.276335 347.256006
1027.651250 342.309021
1119.006190 337.149872
1215.932698 331.656128
1319.070901 325.675035
1429.002992 319.511811
1546.075428 312.891915
941.592161 439.648559
1027.829879 437.446680
1119.151806 435.105197
1216.045269 432.467174
1319.076824 429.773469
1428.707157 426.914129
1545.922906 423.958836
941.942668 532.004020
1028.087333 532.334242
1119.239308 532.807450
1216.068182 533.265141
1318.935213 533.685440
1428.475089 534.290376
1545.671569 534.910662
942.292472 624.121647
1028.290677 627.090841
1119.469790 630.324783
1216.084654 633.732606
1319.035509 637.465723
1428.533481 641.414526
1545.137534 645.507967
942.649597 716.113192
1028.449740 721.566968
1119.598045 727.742569
1216.174399 734.108388
1318.860302 740.995039
1428.264301 748.167368
1544.956913 756.026399
942.973653 807.740685
1028.670918 815.942830
1119.697709 824.722501
1216.287533 834.292939
1318.784443 844.115527
1428.089956 854.757231
1544.648820 866.189458
1009.100008 150.470389
1089.350798 140.903868
1173.980202 130.864564
1263.147581 120.439464
1357.383645 109.452742
1457.257490 97.718788
1562.882520 85.129573
995.272136 221.136870
1077.021406 213.361062
1163.202311 205.160874
1254.304639 196.463162
1350.727009 187.203969
1453.011213 177.595539
1561.346037 167.324296
980.765779 295.220685
1064.008128 289.243888
1152.059761 282.955391
1245.090577 276.256308
1343.689645 269.202387
1448.308171 261.786790
1559.729529 253.912344
965.687661 372.674889
1050.498498 368.749463
1140.251901 364.642265
1235.346339 360.289063
1336.249183 355.571345
1443.457166 350.687079
1557.977319 345.524569
949.739615 453.901947
1036.276642 452.183465
1127.947761 450.514397
1225.051795 448.654304
1328.494369 446.722460
1438.608226 444.605137
1555.967476 442.302958
933.115429 539.340296
1021.256350 539.820475
1114.875359 540.948530
1214.272633 541.821342
1320.174173 542.883879
1433.185448 543.907368
1554.088728 545.084574
915.677590 628.877781
1005.428144 632.319031
1101.118139 636.046326
1202.936776 640.233108
1311.385102 644.427867
1427.591314 649.125893
1551.927184 654.145263
1052.124775 249.010797
1135.058769 241.948915
1222.576757 234.529384
1314.918850 226.773161
1412.760972 218.558212
1516.351082 209.906108
1626.422358 200.481832
1038.930727 323.292769
1123.568587 318.136199
1212.663858 312.728496
1307.110022 307.023999
1407.271031 300.886883
1513.476121 294.586558
1626.469794 287.728973
1025.209334 401.124482
1111.297656 398.061196
1202.558588 394.816352
1299.091904 391.331911
1401.510294 387.696662
1510.467138 383.783582
1626.597508 379.776842
1010.839853 482.698589
1098.662558 481.906593
1191.723040 481.077940
1290.551043 480.127146
1395.451671 479.122822
1507.128433 478.203465
1626.718153 477.126397
995.728351 568.378133
1085.324173 569.986362
1180.526612 571.772734
1281.520462 573.656186
1389.233428 575.824916
1504.007983 577.966813
1626.581801 580.350339
979.814680 658.372464
1071.240046 662.562294
1168.563569 667.451794
1272.012496 672.431026
1382.408990 677.883236
1500.282900 683.551053
1626.859374 689.787848
963.235751 752.908529
1056.396388 760.225006
1155.957123 768.172002
1262.013122 776.807495
1375.171983 785.931024
1496.601219 795.624372
1626.881844 806.115654
1058.332877 361.058477
1160.942134 358.522280
1266.872953 355.829372
1376.236520 353.249047
1489.561192 350.521413
1606.626684 347.659674
1727.362921 344.726500
1058.358442 462.039896
1160.899137 461.227259
1266.723283 460.262950
1376.045389 459.305144
1488.884553 458.281422
1606.039995 457.368359
1726.643256 456.322617
1058.507183 562.982486
1160.745866 563.553799
1266.444244 564.420161
1375.640761 565.181387
1488.515672 565.923432
1605.234141 566.650590
1725.980789 567.748190
1058.488689 663.483973
1160.684040 665.832401
1266.113563 668.248813
1375.384269 670.818694
1487.969005 673.363431
1604.600237 676.011956
1725.340026 678.952377
1058.571861 763.903317
1160.592247 767.839340
1266.023426 771.955458
1374.845050 776.147345
1487.607433 780.568684
1603.954132 785.074257
1724.419286 789.693693
1058.672314 864.021333
1160.502907 869.347998
1265.810202 875.253381
1374.592002 881.179627
1486.991665 887.396334
1603.269722 893.589532
1723.745212 900.257142
1058.795177 963.832155
1160.449886 970.837764
1265.615073 978.244101
1374.262841 985.939288
1486.376175 993.764262
1602.435283 1001.977244
1722.554938 1010.378920
941.425697 250.414238
1035.766964 241.733819
1136.295497 232.479603
1243.394186 222.794467
1358.157247 212.317960
1481.044779 201.035676
1613.306008 188.844708
959.437567 346.817109
1051.766703 341.358871
1149.835070 335.562999
1254.102604 329.463746
1365.574588 322.856636
1484.746486 316.059173
1612.402304 308.417376
976.612390 438.053376
1066.887485 435.576685
1162.557736 432.842774
1264.229680 429.891034
1372.569247 426.763546
1488.271838 423.458887
1612.211672 420.036909
992.846189 524.706950
1081.121782 524.696188
1174.582747 524.653256
1273.839660 524.732914
1379.216455 524.677765
1491.466624 524.676130
1611.702020 524.623924
1008.245143 606.904421
1094.599941 609.178853
1185.987484 611.518737
1282.709909 614.155957
1385.626811 616.903702
1494.781728 619.852458
1611.044488 622.890974
1022.990493 685.003878
1107.446437 689.233489
1196.782369 693.939328
1291.268740 698.837896
1391.436607 704.048202
1497.672391 709.507296
1610.905143 715.424890
1036.918094 759.289437
1119.581384 765.425379
1206.961650 771.916124
1299.361899 779.022661
1396.941137 786.388204
1500.506690 794.223038
1610.304817 802.584771
1042.974364 72.737842
1148.803198 65.128834
1258.283005 57.340170
1371.253395 49.634139
1488.318066 41.263876
1608.398313 33.140586
1734.143065 22.786982
1044.902834 179.487985
1149.918573 173.757227
1258.313385 167.861880
1370.381663 161.863852
1486.503546 155.479562
1606.517837 149.220919
1730.695162 142.515712
1046.950892 284.459654
1150.940940 280.518120
1258.463410 276.502010
1369.464304 272.262814
1484.387057 267.963321
1603.386763 263.408489
1726.429414 258.962519
1048.986670 387.611212
1152.078617 385.402067
1258.524545 383.104606
1368.705108 380.766675
1482.424394 378.270105
1600.076102 375.712003
1722.166696 373.395878
1050.902025 488.902506
1153.137011 488.294058
1258.718822 487.831025
1367.716861 487.269880
1480.625074 486.658705
1597.208648 486.019467
1717.858839 485.342481
1052.880772 588.667815
1154.082181 589.496547
1258.809996 590.634728
1366.904805 591.749993
1478.602769 592.977704
1594.164527 594.025484
1713.772418 595.297037
1054.753702 686.447594
1155.079060 688.923415
1258.895955 691.553736
1366.118673 694.432620
1476.692617 697.285359
1591.188381 700.203302
1709.534739 703.317211
