-32.79529573944238 -13.97646451577551 83.14230585931712
-30.04782491859996 -23.81297575076897 88.55266601331617
-25.86576727200745 -31.34053418333976 96.23877008546523
-6.68862487829592 -17.32866123792093 64.05760320895455
-8.26323636043056 -23.87130318223829 68.26614539676225
-11.39013171732089 -31.22174940635295 76.29075174769291
-19.89854102932236 -13.54340503315656 64.62203737447153
-20.75945777718118 -32.37290697476371 77.50912155186860
-25.21782227666152 -14.44086156970170 72.23555370256764
-22.63802946392528 -30.31075463352926 88.44834153973400
-47.92010807558107 -32.79429020965262 83.51309408570133
-36.62584889158621 -13.70611635020789 62.97511352141828
-39.77431736094786 -26.47393959570753 71.03379462149105
-41.93285441420785 -30.90689491309156 76.54819558916418
-43.39129596994730 -14.79368561764031 64.03651105926679
-35.89412465763300 -21.66972305902287 63.81684489138891
-46.38330145957783 -30.55444450644691 63.47021811906531
-41.59650571893893 -23.84401351505660 58.30604945293402
-47.77761985551770 -19.18831368614913 69.20012249088578
-43.31101894958800 -23.70666445130769 70.96197074644620
-3.36704343626640 -13.55764875379105 85.23454326159491
0.65257971869286 -25.96138623563213 92.92464782304003
3.50095123941610 -30.34565689649673 98.35184814499597
1.21733887634608 -9.79170805884489 76.72247832465442
6.39108177753873 -32.39499657092461 95.65573900884986
5.30769645330294 -27.39983644753773 102.73286506646566
7.17658241401193 -23.02146164553215 93.41291337157973
5.90989679860305 -15.52545160531069 81.80272711753371
1.25035827961804 -25.14187818333099 78.59759610292525
7.18509373485023 -31.71135283203076 75.57820652494807
