-1.90385776628470 -1.77735411919170 0.11051588309341 
-1.96929260896637 -1.97640074916203 0.43146510489596 
-1.99945095568161 -2.15740236859270 0.78069310870727 
2.03729721013147 2.12926441404458 0.64949441155241 
2.00530530501926 2.01158218194046 0.41353234722516 
1.93043658070406 1.81786994980504 0.08880211224651 
-1.99536660446649 -2.03319644114412 -0.52501957382424 
2.08461672596660 2.07574046091939 -0.12223884582911 
-2.05811154361036 -2.03587460621799 -0.09663880275663 
2.01249512230312 2.07711768106645 -0.55306900277573 
1.95463005537653 1.88642860209217 -0.21786724958623 
2.04609793522553 2.18319085424037 0.77194646827746 
1.98283080964402 1.94909751954716 0.30140596822230 
1.92978773086251 1.81786965125477 0.08902187399893 
-2.00902847077635 -2.09355840853693 -0.63972221474602 
2.03674571934682 2.12874465871840 0.65009283920623 
2.16078999956841 2.18771657739874 0.32809327638068 
-2.10146665367292 -2.20494858941280 -0.66931387162675 
2.13307898303553 2.13253594855276 -0.01337223811925 
1.96736076036455 1.88544613847196 -0.01284199275637 
-1.90418028912337 -1.77794373619660 0.11017203565098 
-1.98351775167189 -2.03968027208923 0.54508000339486 
-1.99900485766743 -2.15783050262000 0.78013744808562 
-1.93378401594818 -1.84393214294962 -0.19318693489033 
2.02304497530129 2.13610838218982 -0.66991804630915 
2.03215341056654 2.24700394098577 -0.91729462967204 
2.11775176952593 2.24658685736837 -0.70186736267601 
-2.08992938258549 -2.09805754998395 0.22894450423668 
-1.94366480763331 -1.84504343621385 0.00902703929607 
-2.10432147972234 -2.09515710275447 0.01037564871222
