-1.90378146696155 -1.77724839528608 0.11076719995594 
-1.99924020484902 -2.15728686017312 0.78076023399874 
2.03738690992812 2.12928406510309 0.64935117840803 
1.93053243286839 1.81797869931963 0.08876171688871 
2.08471061745356 2.07587060059212 -0.12231227232531 
-2.05810100459089 -2.03581528558588 -0.09628862295978 
-2.01787006360706 -2.15029331034109 -0.76032464896341 
2.06634402659182 2.07277777630137 0.31317244707148 
1.96707756653897 1.88510891605405 -0.01266101582417 
-2.15807429479864 -2.20504822813466 -0.44453559279689 
-2.02282352291504 -2.20346130788045 -0.88622762595138 
2.13325448517809 2.13264518829298 -0.01389075130719 
1.89846426353079 1.75003241185159 -0.01219949434522 
-1.90678455798522 -1.77653391811424 -0.09000884595016 
-2.03093159365116 -2.03858537622297 0.33485098020569 
2.03021624600807 2.19341264773348 -0.79227541876145 
2.03189924634085 2.24728281249948 -0.91901428995026 
-2.08986120656090 -2.09806443236499 0.22943187076231 
-1.87634939482412 -1.70861689840410 0.00997443091738 
-2.05604741729834 -2.03681306524481 0.11795774416866
