-32.79123539271748 -13.97130878364130 83.15080021980536
-25.85654472052960 -31.35059233557653 96.24905143746570
-6.66324683171215 -17.32325103651353 64.04909977275256
-11.36476208744394 -31.23448573384215 76.29460895293397
-20.74212875481120 -32.38300330592599 77.50930859101233
-25.20901984712484 -14.43612053748053 72.22462621930590
-40.53423378749145 -10.18443214813862 63.01193231519331
-42.49416629604616 -23.51954027914204 69.91094008259442
-44.76672993463428 -30.93954394576912 78.25216578328626
-46.00142740753155 -27.15262169328465 61.44861808203102
-36.71916153376235 -20.30671438669943 56.06175265247207
-47.76146608548944 -19.19285196212837 69.20200721365745
-41.69320479293151 -25.48200122901464 72.36683985086459
-1.46121644628753 -9.83501428921125 80.23054533921940
1.03543183718504 -23.16062089917488 87.08702399183495
5.58485472063958 -32.16642171271390 98.51364563388465
7.96459118794473 -24.60555931294198 99.54787404967615
5.91931504048227 -15.52900974712333 81.80682305269875
-1.56699293648093 -21.63707623807034 81.21459769855247
4.78140105161933 -31.72451582054482 78.63202661106457
