505.024342 401.757645
584.616698 397.693378
669.435519 393.556626
760.235252 389.073481
857.342966 384.309676
961.764061 379.117645
1074.168816 373.518341
527.175102 496.796219
605.805929 495.944405
689.432019 495.059403
778.789718 494.113769
874.268438 492.933260
976.776592 491.805189
1086.901869 490.626303
548.531096 588.126554
626.110210 590.012731
708.629646 592.097039
796.544579 594.262498
890.507623 596.666378
991.074289 599.094100
1098.984446 601.835487
568.978708 675.659228
645.607564 680.182152
726.949428 685.055632
813.564837 690.290368
905.989083 695.701122
1004.743884 701.525579
1110.457603 707.774554
588.686488 759.833654
664.373432 766.787867
744.658360 774.170565
829.952576 781.974052
920.820804 790.331446
1017.791126 799.196862
1121.431259 808.726447
607.588632 840.877968
682.326326 850.043501
761.513406 859.747176
845.514430 869.970136
934.970287 880.912061
1030.225730 892.584333
1131.883661 905.089607
625.811956 918.826796
699.609331 929.957979
777.646665 941.771254
860.533211 954.314563
948.506244 967.645674
1042.110052 981.831266
1141.919543 997.056275
631.951806 159.844198
706.424190 149.574824
785.244137 138.786780
868.946148 127.395923
957.873361 115.179498
1052.766988 102.195840
1153.823685 88.415618
614.074221 239.355579
689.365551 231.329430
769.127908 222.794401
853.909191 213.760791
944.279524 204.056708
1040.602371 193.834909
1143.420448 182.910987
595.533443 321.920139
671.729078 316.112464
752.496234 310.051315
838.446105 303.560832
930.056819 296.680929
1027.889615 289.255029
1132.571680 281.508669
576.395114 407.379421
653.403955 404.056925
735.197096 400.684947
822.275759 397.026469
915.241220 393.079466
1014.691764 388.943831
1121.182795 384.422246
556.569687 496.160637
634.414806 495.524141
717.132574 495.018831
805.555445 494.283439
899.795893 493.611008
1000.900484 492.804230
1109.204039 492.126380
535.909854 588.294140
614.510182 590.550039
698.479157 593.106014
787.934755 595.675704
883.700792 598.595800
986.398899 601.559127
1096.698515 604.803126
514.465120 683.963958
594.067465 689.347851
679.028223 695.143339
769.776784 701.435546
866.861322 708.082642
971.347385 715.195664
1083.596475 722.878456
916.499406 307.083182
1026.938114 314.625075
1130.186340 321.691614
1227.061131 328.424854
1318.073056 334.764028
1403.856790 340.571723
1484.688195 346.214362
906.957965 427.152694
1015.860835 430.637319
1117.787060 434.032341
1213.500184 437.158885
1303.480553 440.138870
1388.356841 442.914492
1468.388184 445.541655
897.868561 543.074017
1005.102552 542.868348
1105.742853 542.636691
1200.275542 542.518784
1289.303580 542.397583
1373.319922 542.111699
1452.632093 542.058867
888.946557 655.104393
994.783292 651.323238
1094.014145 647.808612
1187.475863 644.568345
1275.519059 641.504610
1358.639218 638.523653
1437.277148 635.834511
880.409504 763.288305
984.725286 756.269260
1082.713896 749.677184
1174.954812 743.575839
1262.178543 737.683321
1344.413936 732.219202
1422.333931 726.936864
872.179870 868.042269
975.044350 857.970918
1071.705897 848.503169
1162.980754 839.620134
1249.171298 831.116684
1330.680081 823.152131
1407.901615 815.646972
864.137124 969.335123
965.475602 956.388500
1061.097781 944.153891
1151.285098 932.775389
1236.589042 921.858548
1317.254561 911.536042
1393.789414 901.887761
857.604265 86.735033
956.750494 99.994747
1050.201827 112.365546
1138.607058 124.242517
1222.204180 135.462251
1301.558554 146.043867
1376.847992 156.125981
868.101139 180.529245
969.056960 191.219153
1064.221880 201.319565
1153.990237 210.875958
1238.842010 219.971946
1319.126201 228.548593
1395.265524 236.592933
879.066211 278.550443
981.879710 286.500091
1078.687976 294.014314
1169.932393 301.189018
1255.989609 307.949009
1337.355303 314.182278
1414.542053 320.256649
890.576521 381.159682
995.391319 386.062335
1093.840784 390.739521
1186.461236 395.137798
1273.799253 399.369474
1356.333311 403.306811
1434.458033 407.070202
902.620572 488.549540
1009.371759 490.121241
1109.482925 491.761776
1203.634163 493.331994
1292.412234 494.649523
1376.073045 496.042448
1455.131706 497.283722
915.346227 601.150435
1024.052575 599.180015
1126.043913 597.448158
1221.709036 595.775198
1311.764666 594.149125
1396.676459 592.623385
1476.771753 591.247081
928.548207 719.316386
1039.337394 713.447120
1143.291641 707.844625
1240.596405 702.807531
1332.009197 697.893906
1418.025504 693.307568
1499.143074 689.071829
686.176148 68.574736
794.575324 71.868632
901.576262 75.075971
1007.351995 78.387462
1111.807760 81.574181
1215.044644 84.754918
1316.997229 87.947843
683.437251 167.282837
793.499711 170.040113
902.169373 172.703314
1009.624997 175.408101
1115.675434 178.053902
1220.403048 180.731720
1323.766258 183.361055
680.569139 269.217671
792.368721 271.324683
902.753271 273.418296
1011.915769 275.499657
1119.602525 277.598626
1225.843131 279.615598
1330.773089 281.719882
677.627199 374.400460
791.289185 375.811752
903.433499 377.287163
1014.216186 378.715621
1123.564023 380.174194
1231.445130 381.642837
1337.969749 383.060823
674.631226 483.077107
790.139736 483.761123
904.009604 484.586307
1016.596700 485.304599
1127.699034 486.044005
1237.247299 486.840217
1345.313653 487.606007
671.558729 595.335753
788.839154 595.346873
904.769805 595.407373
1019.083615 595.411194
1131.917769 595.459292
1243.277560 595.491025
1353.055617 595.569192
668.324160 711.440223
787.588030 710.602988
905.463513 709.819858
1021.708856 709.119540
1136.325835 708.385794
1249.354566 707.672845
1360.903763 707.008244
588.090020 378.122765
698.212547 376.730293
810.614916 375.386631
925.697016 373.942746
1043.320328 372.501671
1163.550083 371.035606
1286.359640 369.475941
597.112474 488.693237
705.432579 488.524649
815.977608 488.421993
928.964559 488.240171
1044.405924 487.929288
1162.433487 487.758062
1282.905569 487.574789
605.963242 595.542662
712.461181 596.431603
821.110130 597.339004
932.113511 598.298633
1045.555342 599.215853
1161.398045 600.172435
1279.655535 601.232010
614.458525 698.617739
719.270888 700.517374
826.035242 702.518227
935.168487 704.569646
1046.597894 706.541746
1160.330597 708.611255
1276.445181 710.761385
622.740382 798.262929
725.836519 801.119928
830.911599 804.083255
938.132282 807.055465
1047.604251 810.103148
1159.328817 813.275342
1273.301649 816.464631
630.698028 894.739897
732.139497 898.488957
835.506793 902.299429
940.966540 906.186819
1048.550834 910.187671
1158.399785 914.325758
1270.387760 918.540551
638.415579 988.009127
738.225423 992.548414
839.982420 997.138085
943.761546 1001.995982
1049.494188 1006.885466
1157.431446 1011.855706
1267.527895 1017.026648
220.519345 442.288982
353.892781 444.633630
480.640877 446.864760
601.486707 449.049642
716.669399 451.126969
826.622194 452.997260
931.732977 454.806009
231.258836 552.510625
360.029704 552.163682
482.511396 551.895770
599.409848 551.515770
711.017560 551.161143
817.772308 550.796916
919.892788 550.484397
241.556351 655.516506
365.736114 652.779908
484.233276 650.105618
597.461305 647.562250
705.800056 645.164483
809.447945 642.752823
908.802877 640.543820
251.006656 751.909504
371.188972 747.032957
485.820850 742.331032
595.630669 737.893458
700.839594 733.631212
801.566100 729.510121
898.294319 725.602152
259.989408 842.137359
376.191799 835.530026
487.436490 829.094344
593.872810 822.970000
696.189123 817.034077
794.153341 811.416655
888.347778 805.942396
268.448419 927.172782
381.017135 918.907192
488.802507 910.919156
592.344040 903.280314
691.724919 895.867652
787.228449 888.810401
879.031161 882.041362
276.357318 1007.149807
385.402212 997.427717
490.188753 987.999547
590.790125 979.084299
687.563907 970.439217
780.520719 962.102103
870.112162 954.146361
242.437184 205.588283
366.973561 213.554629
485.787201 221.089791
599.358143 228.445742
707.950413 235.400208
811.941200 241.990513
911.583152 248.371619
242.360910 319.797046
366.883249 325.085104
485.646834 330.167127
599.134195 334.943844
707.692906 339.599929
811.600757 343.973866
911.115251 348.268234
242.473539 433.881421
366.796354 436.510620
485.466756 438.979870
598.954223 441.412252
707.378379 443.721253
811.212031 445.846647
910.720240 447.993922
242.416647 547.881512
366.824346 547.818122
485.350266 547.725775
598.722578 547.688847
707.064318 547.731044
810.804121 547.620819
910.270544 547.642503
242.515133 661.586241
366.714713 658.890618
485.153371 656.290114
598.365825 653.886262
706.754645 651.521328
810.380226 649.308163
909.737166 647.140600
242.653741 775.238365
366.625211 769.907814
485.004578 764.819562
598.175017 759.953828
706.451501 755.225003
810.071756 750.816589
909.367589 746.550583
242.791378 888.638601
366.548412 880.704828
484.944649 873.026072
597.968031 865.816164
706.163202 858.800000
809.628513 852.138488
908.890115 845.790566
270.957116 99.499715
384.693262 109.186959
493.635847 118.323388
598.096395 127.287361
698.396550 135.794516
794.696904 143.974485
887.259934 151.807845
264.759405 191.653065
381.157630 199.468025
492.538155 206.964867
599.200512 214.170959
701.522258 221.062083
799.636328 227.685594
893.883798 234.028373
258.222143 288.054175
377.382072 293.902203
491.272547 299.492407
600.354291 304.871708
704.784113 309.998340
804.896805 314.839769
900.940746 319.631345
251.348647 389.010449
373.551534 392.644553
490.053754 396.128388
601.477340 399.437257
708.121325 402.722726
810.291039 405.793772
908.279168 408.780115
244.254252 494.836277
369.378429 496.062602
488.613231 497.323450
602.621629 498.471192
711.613359 499.570696
815.891635 500.675250
915.804655 501.682550
236.818597 605.929240
364.955091 604.564761
487.276445 603.298148
603.882386 602.042293
715.298443 600.840063
821.857727 599.714478
923.798858 598.659522
228.846344 722.636597
360.398918 718.430885
485.821805 714.253868
605.209431 710.434331
719.181953 706.715710
827.882786 703.237359
931.953077 699.875493
78.403561 83.564609
218.372021 91.432338
353.569426 98.989374
484.530610 106.411337
611.225802 113.533925
733.893550 120.352464
852.704131 127.048078
90.058591 215.082496
227.412307 220.604416
359.976364 226.034332
488.255501 231.150017
612.594695 236.139807
733.014158 240.989960
849.635847 245.758880
101.881565 341.611404
236.070790 344.966106
366.094056 348.237913
492.001711 351.338146
613.985116 354.404812
732.175230 357.297831
846.724618 360.134057
112.846735 463.350003
244.526928 464.610054
371.901528 465.916631
495.513640 467.176738
615.230272 468.366411
731.275917 469.468248
843.895245 470.625870
123.518072 580.390588
252.593158 579.897873
377.629413 579.341870
498.804000 578.828669
616.454798 578.282910
730.439453 577.838537
841.116776 577.330553
133.893451 693.299131
260.414484 691.016643
383.086124 688.791239
502.094079 686.663300
617.581864 684.456233
729.733880 682.419666
838.519627 680.497532
143.852157 802.042751
267.932796 798.144143
388.445361 794.294949
505.280754 790.690707
618.737896 787.024094
728.933676 783.515818
835.973408 780.252266
219.380659 204.278290
367.407999 216.356965
504.790418 227.422274
632.877036 237.892898
752.461932 247.700157
864.380247 256.702363
969.422326 265.208058
225.084697 334.487864
367.786252 341.526340
500.550785 348.139159
624.545991 354.195377
740.542287 359.877485
849.407791 365.157970
951.699510 370.182865
230.657219 455.690872
368.137818 458.343819
496.543628 460.701704
616.710309 463.028913
729.398586 465.194835
835.325954 467.107676
935.033324 468.968842
235.613627 568.663186
368.536744 567.433275
492.658842 566.232933
609.319362 565.188437
718.889381 564.202575
822.010252 563.116264
919.335514 562.286259
240.317269 674.029032
368.800966 669.546754
489.267137 665.192284
602.289507 661.221899
709.027070 657.367760
809.406740 653.844834
904.426906 650.427745
244.816569 772.891592
369.193511 765.458808
485.870650 758.383990
595.896431 751.726267
699.660244 745.375832
797.690518 739.531867
890.427657 733.944975
249.054821 865.572353
369.393352 855.519487
482.782245 845.985695
589.721814 837.103006
690.852118 828.579311
786.428854 820.574338
877.073245 813.055559
116.855849 278.330336
241.302552 280.550360
363.776387 282.707291
484.707501 284.985194
603.966079 287.131549
721.670745 289.243128
837.691918 291.362205
110.400109 394.943044
235.940870 396.331191
359.527229 397.775108
481.440614 399.244038
601.756763 400.613346
720.355368 401.994015
837.248462 403.354996
104.012406 513.546397
230.463201 514.144691
355.135928 514.793871
478.197984 515.413558
599.426855 515.974275
718.946994 516.474394
836.817923 517.103336
97.313023 634.192679
225.096729 633.896096
350.827796 633.651486
474.816828 633.424608
597.035783 633.134870
717.538445 632.868580
836.392066 632.689440
90.594066 756.790971
219.444169 755.604604
346.283754 754.551691
471.360547 753.412852
594.601338 752.230978
716.124198 751.176048
835.829772 750.158827
83.945831 881.591191
213.763792 879.393053
341.760645 877.457643
467.842687 875.468491
592.175639 873.405186
714.728318 871.434989
835.451345 869.513503
76.927516 1008.419621
208.014452 1005.234227
337.209425 1002.270362
464.385197 999.500868
589.656306 996.532489
713.223263 993.646554
834.953566 990.831953
278.907982 163.051715
401.881180 174.850646
517.346083 185.735732
626.128907 196.237027
728.766355 206.037355
825.864224 215.285721
917.727685 224.032191
275.786642 258.217204
402.566719 267.272956
521.471630 275.735344
633.180459 283.736813
738.509496 291.291885
837.871546 298.388151
931.778698 305.092266
272.437011 359.477955
403.217256 365.514562
525.679260 371.120543
640.718431 376.498412
748.713104 381.482346
850.475214 386.091172
946.629050 390.543671
268.800612 467.604030
404.072980 470.133144
530.290777 472.483889
648.512446 474.709492
759.464843 476.892355
863.808674 478.824930
962.223987 480.743331
264.987121 583.159045
404.755706 581.666914
534.934557 580.418485
656.810531 579.256798
770.902105 578.046343
877.946192 577.064976
978.645956 576.020063
260.987220 706.961381
405.548558 700.995333
540.230970 695.574390
665.744488 690.459323
783.018365 685.637717
893.012806 681.158370
996.205123 676.905919
256.544246 839.975295
406.382075 828.899620
545.805980 818.491205
675.254418 809.036643
796.015095 799.995137
908.856603 791.669119
1014.648005 783.861433
1036.229637 464.794481
1137.769731 463.116329
1244.520675 461.550451
1357.134971 459.791118
1475.666779 458.028907
1600.843329 456.105478
1733.341504 453.997247
1047.072917 556.432685
1146.021512 557.203895
1249.763363 557.991204
1358.997954 558.799497
1473.855371 559.559975
1594.988760 560.466827
1722.855536 561.494820
1057.436032 643.187169
1153.764962 645.906615
1254.767427 648.763142
1360.755338 651.760408
1472.234532 655.011548
1589.510511 658.328384
1713.150678 661.941367
1067.166215 725.160353
1161.088658 729.679779
1259.365507 734.497639
1362.473681 739.557932
1470.674419 744.777122
1584.318341 750.327854
1703.891506 756.125620
1076.482476 802.824185
1168.080213 809.034840
1263.834160 815.508574
1364.095791 822.236730
1469.228420 829.434884
1579.490934 836.907627
1695.284657 844.718279
1085.225066 876.593799
1174.651389 884.258777
1268.012848 892.225663
1365.608523 900.531033
1467.762998 909.349398
1574.863406 918.552165
1687.158412 928.185780
1093.593489 946.659500
1180.859726 955.525790
1271.906494 964.851567
1367.049120 974.678592
1466.410561 984.897559
1570.484940 995.520689
1679.577298 1006.790149
1058.613976 264.412009
1155.190673 258.284602
1256.404102 251.986094
1362.817684 245.373206
1474.587548 238.395126
1592.313523 231.084355
1716.434023 223.320891
1058.360295 360.563696
1154.833495 356.854280
1255.935546 352.916698
1362.249742 348.826022
1473.930959 344.452435
1591.522804 339.969616
1715.438984 335.265189
1058.120166 456.725412
1154.501585 455.219746
1255.543594 453.732653
1361.718272 452.091469
1473.358503 450.493046
1590.792697 448.701934
1714.669879 446.936848
1057.855370 552.618233
1154.169991 553.400904
1255.112168 554.341602
1361.167583 555.285956
1472.697861 556.238682
1589.990154 557.349446
1713.617590 558.386671
1057.697551 648.370644
1153.891728 651.439038
1254.688964 654.754965
1360.675648 658.157902
1472.011319 661.818963
1589.276886 665.639208
1712.694699 669.707140
1057.422037 744.029837
1153.485431 749.429229
1254.291351 755.102648
1360.066419 760.970016
1471.313444 767.311520
1588.439649 773.887498
1711.740675 780.842095
1057.211465 839.481213
1153.172917 847.084091
1253.843470 855.106539
1359.625978 863.612470
1470.663002 872.520634
1587.629221 881.856744
1710.864893 891.811724
1102.638569 153.755791
1190.638810 146.005946
1282.447012 138.010858
1378.462120 129.672959
1478.759224 120.994839
1583.924996 111.874758
1694.064672 102.317235
1094.094733 225.983841
1184.036867 219.744535
1278.017956 213.158049
1376.384699 206.331969
1479.344498 199.176082
1587.202885 191.753794
1700.427064 183.911031
1085.014713 301.965678
1177.052344 297.212881
1273.373580 292.317972
1374.220087 287.141695
1479.892039 281.793584
1590.826678 276.069980
1707.480305 270.229505
1075.513812 381.732612
1169.772551 378.657535
1268.468171 375.611353
1371.899568 372.313310
1480.498944 368.892225
1594.584212 365.382532
1714.767943 361.569231
1065.597353 465.707015
1162.098696 464.556957
1263.120833 463.544066
1369.495408 462.325118
1481.130202 461.119622
1598.700704 459.843141
1722.508467 458.560305
1055.094456 554.169124
1153.837236 555.222723
1257.740628 556.441264
1366.788482 557.578318
1481.770199 558.911379
1602.927663 560.234463
1730.752257 561.678546
1043.910974 647.529545
1145.247503 650.926159
1251.846920 654.571122
1364.196201 658.464569
1482.437675 662.535137
1607.459435 666.875337
1739.616015 671.431893
1129.604291 264.725804
1215.793042 257.761020
1306.819022 250.432145
1403.287211 242.742597
1505.455547 234.563388
1614.197790 225.852349
1729.960448 216.601873
1118.055966 339.443700
1205.878042 334.513188
1298.824576 329.204833
1397.448865 323.698441
1502.214542 317.777915
1613.628506 311.561058
1732.517102 304.921519
1105.850054 417.809635
1195.513941 414.927542
1290.504090 411.980654
1391.428520 408.817649
1498.739304 405.532701
1613.069472 401.928937
1735.349675 398.244472
1093.180052 499.856611
1184.660460 499.333758
1281.781966 498.949592
1384.981608 498.457558
1495.012581 497.960772
1612.505101 497.537852
1738.279447 496.907216
1079.906377 585.988956
1173.319061 588.094853
1272.466980 590.502798
1378.348397 592.942492
1491.107772 595.635562
1611.985604 598.467363
1741.436773 601.644458
1065.880866 676.477468
1161.147391 681.581098
1262.832143 687.057476
1371.090664 692.758756
1487.000417 699.051350
1611.282714 705.711710
1744.760543 712.873163
1051.148405 771.691875
1148.575877 779.942031
1252.523232 788.834688
1363.704597 798.319765
1482.648062 808.525599
1610.669253 819.504172
1748.450366 831.283601
1151.704509 377.927805
1257.086008 375.567536
1366.095465 373.247739
1479.152146 370.833620
1596.239185 368.382288
1717.818298 365.744487
1844.007309 363.114782
1151.269600 479.510234
1256.490144 479.038685
1365.487177 478.487481
1478.378126 477.995643
1595.276630 477.444773
1716.710303 476.890115
1842.841075 476.457670
1150.787987 581.073019
1255.876062 582.317652
1364.811847 583.614556
1477.522899 584.940031
1594.385310 586.436917
1715.638148 587.786980
1841.766222 589.421306
1150.351383 682.322017
1255.387857 685.288604
1364.095256 688.459647
1476.713080 691.707015
1593.462148 695.068296
1714.530515 698.545673
1840.236301 702.124852
1149.955849 783.416132
1254.825416 788.130671
1363.398732 793.077338
1475.906146 798.200831
1592.489517 803.581000
1713.499580 809.061323
1839.011100 814.812055
1149.495704 884.331648
1254.243568 890.845411
1362.759435 897.586884
1475.042630 904.618503
1591.481793 911.941570
1712.380515 919.442659
1837.768137 927.207093
1149.071413 984.968022
1253.650280 993.193433
1362.012629 1001.763875
1474.289741 1010.727496
1590.426041 1019.702399
1711.149822 1029.296253
1836.724600 1039.598198
1034.077940 266.164647
1132.437514 257.512374
1237.360370 248.489718
1349.827493 238.659114
1470.259655 228.282952
1599.714651 217.043073
1739.345935 204.827671
1048.990182 362.963829
1145.133158 357.796920
1247.409624 352.236723
1356.794875 346.285753
1473.696644 339.860137
1599.185245 333.073154
1734.080457 325.764535
1063.256572 454.834091
1157.157238 452.557227
1257.000760 450.133412
1363.395623 447.520705
1477.106241 444.856591
1598.742370 441.900426
1729.306784 438.744167
1076.674824 541.829479
1168.515630 542.223611
1265.946460 542.701090
1369.694505 543.228979
1480.261801 543.684192
1598.275988 544.249993
1724.740555 544.771265
1089.555926 624.450727
1179.357749 627.295151
1274.539440 630.299162
1375.607840 633.450839
1483.263129 636.862338
1597.972273 640.502021
1720.503965 644.376732
1101.682297 703.134065
1189.552616 708.158616
1282.568553 713.415452
1381.171725 718.973373
1485.996016 724.988423
1597.555639 731.366825
1716.460371 738.163774
1113.279957 778.016495
1199.284703 784.895190
1290.202483 792.217574
1386.527543 800.066704
1488.588217 808.371829
1597.141865 817.140066
1712.706276 826.575256
1140.874260 88.022872
1249.540482 80.278750
1362.162988 72.381780
1479.272101 64.203293
1600.297331 55.661686
1726.455744 46.805243
1857.628402 36.931225
1141.586789 195.239020
1249.318782 189.606978
1360.946383 183.670241
1476.806660 177.619031
1596.841719 171.274774
1721.587320 164.728567
1851.055420 157.928598
1142.233225 300.857764
1249.061151 297.024905
1359.793935 293.108890
1474.497466 289.007975
1593.369801 284.916716
1716.865043 280.443168
1845.319542 276.059585
1142.893374 404.503647
1248.825284 402.528120
1358.522817 400.573296
1472.189232 398.535279
1589.979850 396.372091
1712.255950 394.147277
1839.139866 391.844467
1143.652237 506.432875
1248.665036 506.282931
1357.377171 506.126998
1469.972232 505.958448
1586.685654 505.905510
1707.789945 505.707338
1833.445736 505.544382
1144.265254 606.745013
1248.355837 608.344868
1356.169800 609.922635
1467.704366 611.639933
1583.321742 613.507085
1703.307462 615.307962
1827.820744 617.231800
1144.917459 705.318464
1248.119223 708.500779
1354.951498 711.851022
1465.605457 715.425230
1580.118801 719.116755
1698.861202 722.796668
1822.216337 726.792889
