-32.80972158525377 -13.96277416828632 83.10531826974690
-25.88348680263689 -31.32481293378178 96.20720246565824
-6.69985218897721 -17.31921001403528 64.03110192288615
-11.40288892548341 -31.20915764983366 76.26461116805490
-20.77239284929426 -32.35975866576899 77.48331430236327
-25.22965004521734 -14.42950353292624 72.20194185463350
-36.63608332739921 -13.69617506949814 62.94096092687730
-39.78967945436363 -26.46138769846410 71.00828785378371
-41.94847419053714 -30.89295366079760 76.52114562976824
-46.39663364987229 -30.54287810564760 63.44446285118143
-41.22230534790947 -20.29570982774957 57.12433064384658
-47.79113658307392 -19.17538718557772 69.17118286435345
-44.22672030224710 -25.45697036244749 74.15193134516112
-3.37947891612076 -13.54400272861472 85.20690208314485
0.63683212685695 -25.94683733001388 92.89303014821009
3.48491959741975 -30.33131135272411 98.32300154985568
8.41794911932893 -24.56909854823083 96.58159737661593
5.90038373025910 -15.51246615860435 81.78383160258252
0.78316346673362 -21.49811123388211 77.37021354119896
4.76350643929666 -31.71166938166363 78.61243767617363
