504.944420 401.779667
584.553908 397.708049
669.401056 393.560261
760.218894 389.069966
857.333484 384.308340
961.767298 379.112908
1074.159207 373.520422
527.098242 496.833472
605.756706 495.969066
689.398699 495.077456
778.765482 494.124301
874.253711 492.941812
976.769486 491.812790
1086.880456 490.651546
548.459003 588.168689
626.056554 590.046705
708.591616 592.123060
796.515741 594.285148
890.487622 596.686029
991.061271 599.108672
1098.961500 601.867215
568.904509 675.707908
645.550918 680.225502
726.909776 685.087799
813.535323 690.318499
905.959801 695.724597
1004.727159 701.552871
1110.432908 707.826378
588.613337 759.893693
664.315048 766.845915
744.616100 774.218400
829.916556 782.013506
920.786937 790.361606
1017.770303 799.245769
1121.401932 808.799394
607.526236 840.948935
682.273107 850.106522
761.475267 859.802711
845.484892 870.020075
934.927047 880.960069
1030.193492 892.655211
1131.847859 905.162780
625.756002 918.916132
699.570578 930.044587
777.621356 941.852424
860.511390 954.398589
948.466978 967.723022
1042.064780 981.912555
1141.881548 997.136787
631.888041 159.807230
706.385665 149.535604
785.231256 138.773451
868.942648 127.395762
957.859304 115.169701
1052.754259 102.191554
1153.801166 88.420576
614.014001 239.342798
689.332006 231.311368
769.122817 222.779597
853.908900 213.744231
944.281319 204.036977
1040.618664 193.826550
1143.411011 182.907199
595.480213 321.918264
671.696999 316.107172
752.483432 310.039617
838.436496 303.552880
930.057065 296.676395
1027.884106 289.260192
1132.553955 281.502184
576.327786 407.399134
653.363415 404.064487
735.178255 400.684309
822.262250 397.024735
915.240819 393.072603
1014.689418 388.940941
1121.170601 384.426000
556.503730 496.191043
634.372865 495.544250
717.104425 495.034951
805.533022 494.292894
899.786809 493.615603
1000.888126 492.816742
1109.183078 492.150116
535.832920 588.334492
614.451916 590.585099
698.440003 593.132511
787.904828 595.698146
883.680619 598.616029
986.383715 601.575338
1096.675402 604.835706
514.366751 684.013901
593.997574 689.397275
678.980074 695.184226
769.742921 701.468047
866.833005 708.111687
971.326023 715.219642
1083.573614 722.930799
916.499629 307.077316
1026.935343 314.624803
1130.171199 321.688428
1227.034513 328.424137
1318.034935 334.768875
1403.799095 340.573499
1484.609734 346.230482
906.953650 427.150776
1015.854048 430.644078
1117.771531 434.049071
1213.466741 437.173197
1303.427376 440.157554
1388.294960 442.931155
1468.321333 445.566796
897.856032 543.084507
1005.088380 542.883639
1105.721952 542.662262
1200.241971 542.540553
1289.258036 542.425089
1373.262580 542.139427
1452.568029 542.087908
888.920496 655.127956
994.766358 651.343622
1093.991220 647.849823
1187.442243 644.598705
1275.473732 641.535831
1358.590970 638.555183
1437.229464 635.867698
880.376398 763.321827
984.703869 756.298124
1082.690052 749.735922
1174.923582 743.628461
1262.139420 737.730994
1344.368622 732.267369
1422.280472 726.981887
872.147757 868.090295
975.009451 858.017115
1071.680820 848.577759
1162.949501 839.688504
1249.140259 831.182103
1330.641650 823.228805
1407.846391 815.723759
864.116947 969.431556
965.427726 956.470697
1061.059068 944.233079
1151.248514 932.845006
1236.550403 921.919750
1317.213183 911.589976
1393.740945 901.952250
857.609583 86.758936
956.741159 99.993687
1050.190233 112.361401
1138.590846 124.246080
1222.178923 135.477788
1301.513006 146.061872
1376.792243 156.141003
868.100133 180.514555
969.060239 191.204270
1064.230967 201.309331
1153.975009 210.866850
1238.808523 219.966188
1319.078244 228.541216
1395.211495 236.582862
879.061697 278.540037
981.877839 286.501684
1078.676921 294.009424
1169.912277 301.186030
1255.960370 307.949960
1337.318163 314.184867
1414.480281 320.258560
890.572432 381.154577
995.394059 386.058684
1093.830990 390.742979
1186.441400 395.142630
1273.756917 399.380612
1356.277851 403.316348
1434.395046 407.084668
902.611396 488.554450
1009.360342 490.136355
1109.461868 491.785346
1203.600104 493.353294
1292.363975 494.676007
1376.015103 496.065874
1455.065320 497.311496
915.329759 601.165484
1024.036467 599.202642
1126.020178 597.476493
1221.669729 595.799109
1311.717382 594.180884
1396.624499 592.651987
1476.712625 591.283272
928.522393 719.341592
1039.319139 713.490598
1143.262998 707.893339
1240.553858 702.849772
1331.964934 697.933381
1417.974854 693.347486
1499.087041 689.105430
686.166278 68.550534
794.577885 71.886001
901.582238 75.102254
1007.339521 78.384212
1111.788305 81.573895
1215.013839 84.769881
1316.945991 87.980755
683.390684 167.246290
793.491415 170.022091
902.169066 172.687604
1009.634028 175.397282
1115.666321 178.047467
1220.376334 180.735680
1323.715106 183.362707
680.536076 269.206550
792.359270 271.313019
902.751292 273.408585
1011.910517 275.501151
1119.584175 277.590554
1225.813300 279.610904
1330.734428 281.717585
677.595059 374.400264
791.275746 375.807492
903.432220 377.280771
1014.215348 378.713070
1123.550791 380.177340
1231.415558 381.647209
1337.920660 383.069249
674.596973 483.094531
790.117769 483.769930
904.000555 484.589416
1016.583828 485.321640
1127.678262 486.067690
1237.206901 486.862545
1345.258245 487.629986
671.514444 595.366255
788.809556 595.369217
904.752323 595.422193
1019.068718 595.431475
1131.894640 595.486642
1243.237165 595.517193
1353.007547 595.598804
668.271201 711.486848
787.554027 710.636006
905.435294 709.845431
1021.689393 709.154256
1136.297319 708.435566
1249.312536 707.715680
1360.855628 707.049525
588.029470 378.132245
698.187320 376.729210
810.602510 375.382639
925.701329 373.936649
1043.312733 372.503345
1163.533086 371.039384
1286.319669 369.484316
597.058888 488.717216
705.401489 488.539962
815.956261 488.431726
928.959350 488.244396
1044.389033 487.951403
1162.408131 487.778460
1282.857961 487.599000
605.903608 595.579136
712.423535 596.457461
821.083500 597.361585
932.098707 598.312555
1045.537594 599.242134
1161.370450 600.198488
1279.611367 601.261230
614.394004 698.666328
719.229274 700.553732
826.005859 702.548359
935.143757 704.592028
1046.578551 706.582419
1160.297788 708.658324
1276.402037 710.803379
622.673592 798.326833
725.789932 801.173085
830.874746 804.124152
938.097745 807.086804
1047.584364 810.164043
1159.298973 813.342693
1273.268365 816.532936
630.640089 894.823106
732.102771 898.558996
835.482063 902.361916
940.927660 906.246641
1048.517158 910.262669
1158.362548 914.396326
1270.348458 918.596598
638.389003 988.132714
738.215430 992.670258
839.962139 997.251418
943.731785 1002.086138
1049.455160 1006.966290
1157.393769 1011.936756
1267.489491 1017.098450
295.657114 375.527433
427.588302 380.842286
550.894441 385.712643
666.502727 390.439715
775.114864 394.895754
877.344697 398.925834
973.804059 402.803359
297.640081 492.318131
426.306089 493.674994
546.700278 495.020843
659.744248 496.222727
766.088581 497.395332
866.375268 498.397594
961.016812 499.433709
299.750217 603.269076
425.067872 601.121421
542.685795 599.026184
653.320610 597.145880
757.517273 595.365685
855.872360 593.570452
948.823782 591.968085
301.578585 708.868795
424.016088 703.445805
538.841322 698.332772
647.121855 693.611672
749.269760 689.132277
845.743638 684.796236
937.089961 680.824032
303.452710 809.307897
422.868063 801.084458
535.275262 793.210637
641.168482 785.885818
741.433278 778.880191
836.050666 772.370314
925.781284 766.073001
305.198831 905.343605
421.927182 894.425536
531.775131 884.069541
635.640707 874.325788
733.832888 865.015234
826.846171 856.277364
915.061957 848.021011
306.888675 996.949668
420.817174 983.611439
528.501697 970.898251
630.203948 958.998235
726.587728 947.671340
817.866429 936.918089
904.654525 926.798316
305.763126 154.912643
427.282615 166.910143
541.412188 178.045630
648.990861 188.717257
750.513304 198.777283
846.501809 208.208366
937.390153 217.167021
305.014957 264.738847
427.452828 273.381392
542.404041 281.506584
650.655325 289.163025
752.788790 296.431127
849.284677 303.253494
940.617927 309.718418
304.322169 376.168455
427.548143 381.420267
543.319627 386.320566
652.327202 391.050517
755.056878 395.430412
852.090220 399.496493
943.942621 403.421286
303.505067 489.404848
427.752133 491.060628
544.280874 492.645272
653.959932 494.198693
757.328727 495.699332
854.905327 496.996139
947.254444 498.327753
302.777336 604.193839
427.873039 602.259410
545.179957 600.494990
655.559503 598.874995
759.624404 597.254758
857.749264 595.834789
950.549413 594.385489
302.078385 720.836290
428.032220 715.219695
546.189543 709.933848
657.356490 705.000600
761.973114 700.270202
860.708875 695.882552
954.011297 691.712221
301.367053 839.208871
428.180041 829.809854
547.283030 820.790590
659.070881 812.527357
764.427803 804.614518
863.599413 797.206593
957.401961 790.252634
312.248298 93.942877
426.896565 107.022295
534.934323 119.201826
637.142544 130.925614
733.852016 141.977721
825.599823 152.398664
912.665709 162.314880
310.785248 187.536936
427.856842 198.041012
538.171149 207.964294
642.280831 217.339989
740.756043 226.245481
833.997442 234.664816
922.416710 242.625645
309.187687 285.288222
428.802221 293.111748
541.391864 300.440326
647.684651 307.408181
747.919730 313.992403
842.753878 320.112471
932.666600 326.038771
307.430852 387.647703
429.903776 392.414575
544.884158 396.893869
653.184387 401.153870
755.328586 405.262959
851.847831 409.062026
943.289379 412.688396
305.677338 494.807337
430.911433 496.290426
548.342087 497.742819
658.886080 499.126839
763.049127 500.374355
861.294539 501.623492
954.179535 502.737049
303.937922 607.143131
431.993195 605.042774
552.181286 603.153931
664.974810 601.360284
771.112538 599.580722
871.243316 597.990397
965.704782 596.457035
302.001607 725.016836
433.133138 719.011559
556.126005 713.250855
671.315375 708.072539
779.549540 703.086167
881.398110 698.414051
977.539009 694.026378
91.039251 24.200360
229.246626 33.930407
360.683248 41.744804
489.274309 50.400909
613.274609 58.264494
733.518809 65.930311
849.774027 73.212823
97.609043 153.246685
233.071964 159.817582
364.008748 166.192239
490.793884 172.288474
613.639500 178.180432
732.700509 183.901140
848.048172 189.519957
103.644703 279.269350
237.425767 283.691682
367.006379 287.956323
492.602647 292.098415
614.252858 296.105152
732.157213 299.902390
846.447437 303.690590
109.201966 402.746553
241.807720 405.078947
369.991747 407.357275
494.296745 409.561507
614.782740 411.735359
731.539598 413.764185
844.850332 415.838763
114.864086 523.661217
245.969688 524.103982
372.952193 524.512516
495.938585 524.894380
615.322727 525.202192
730.967048 525.621810
843.197480 525.930420
120.451152 642.338280
250.128992 640.861015
375.832669 639.463212
497.651320 638.084056
615.844166 636.644289
730.487711 635.330732
841.688285 634.081937
125.950100 758.612443
254.221697 755.290417
378.707411 752.045712
499.314095 749.055691
616.376061 745.967350
729.929102 743.037115
840.127871 740.314772
135.952304 207.955763
284.020689 216.918623
424.111643 225.332299
557.133391 233.375148
683.363585 241.065485
803.326383 248.212788
917.572859 255.068897
150.879621 337.157780
293.292715 342.397296
428.274558 347.451408
556.470412 352.075850
678.419604 356.540650
794.592751 360.732917
905.294939 364.779585
165.042231 457.139495
301.890185 459.158398
432.029458 461.002576
555.857560 462.781886
673.852922 464.503783
786.422568 466.046679
893.820396 467.542476
178.029875 568.754209
310.014093 567.905600
435.464404 567.079171
555.279133 566.338065
669.564271 565.614416
778.675303 564.794591
883.044831 564.192986
190.208202 672.664005
317.513808 669.485815
438.898360 666.268905
554.637368 663.319152
665.554691 660.422841
771.376392 657.737984
872.836919 655.094121
201.675627 770.010273
324.628931 764.625528
441.924324 759.436970
554.221416 754.498660
661.683433 749.669925
764.666529 745.178657
863.328561 740.883163
212.470809 861.131856
331.174036 853.843757
444.900143 846.840446
553.741057 840.252011
658.133989 833.804536
758.165412 827.638610
854.267817 821.834772
116.681204 278.333008
241.150031 280.582311
363.656311 282.726339
484.614935 284.997130
603.910248 287.127835
721.649780 289.231653
837.683914 291.353740
110.227998 394.992376
235.788299 396.392637
359.394094 397.824348
481.354166 399.271576
601.700922 400.625925
720.333245 401.995242
837.236086 403.354592
103.791623 513.643072
230.292204 514.224273
355.007037 514.853373
478.104885 515.462727
599.375277 516.000637
718.915763 516.492258
836.799043 517.115468
97.133792 634.313864
224.941347 633.985121
350.702165 633.706227
474.714471 633.468601
596.969649 633.177139
717.498288 632.897319
836.365236 632.714919
90.436722 756.929822
219.297281 755.708711
346.149405 754.627633
471.240777 753.480088
594.529459 752.289482
716.076704 751.223268
835.797220 750.192958
83.787382 881.791880
213.651739 879.566062
341.625529 877.576539
467.747728 875.556679
592.112098 873.482504
714.682996 871.500470
835.419440 869.565528
76.729740 1008.722814
207.890374 1005.497203
337.076959 1002.458707
464.303882 999.680384
589.612712 996.682065
713.207578 993.772990
834.936181 990.943581
242.090917 168.968090
363.577489 177.614158
479.532064 185.709619
590.456083 193.670504
696.658092 201.187233
798.530425 208.397185
896.202700 215.292578
232.481796 262.486092
357.889417 269.114531
477.576043 275.474823
591.850282 281.562631
701.188143 287.430384
805.773957 292.976467
905.947590 298.272654
222.119350 362.094756
351.818513 366.589023
475.370354 370.837829
593.374504 374.937953
705.882587 378.846460
813.425936 382.496073
916.376229 386.118425
211.022389 468.678652
345.480072 470.586804
473.214350 472.433400
594.836779 474.151912
710.808408 475.941497
821.518009 477.532482
927.369620 479.134328
199.213698 582.777410
338.476364 581.728069
470.608649 580.913240
596.411069 580.066321
716.107694 579.217606
830.125438 578.510370
938.913652 577.815558
186.617088 705.193343
331.005933 700.860597
468.172446 696.921875
598.141740 693.089568
721.786167 689.418575
839.334989 686.032204
951.384612 682.758595
172.917305 836.935362
323.085869 828.877385
465.443108 821.163047
600.033803 813.970047
727.787967 807.066742
849.074905 800.611933
964.479163 794.482020
996.994241 412.009062
1089.984570 408.377177
1188.874283 404.739619
1294.577290 400.689575
1407.415986 396.485923
1528.361574 391.857610
1658.258415 386.876668
1008.676745 504.495015
1100.134185 503.916320
1197.204183 503.321490
1300.785566 502.625010
1411.218571 501.835160
1529.462276 501.061338
1656.225991 500.269603
1019.935472 593.557534
1109.831305 595.551298
1205.246998 597.715450
1306.702399 600.024988
1414.982183 602.563085
1530.554845 605.140176
1654.388576 608.061696
1030.747237 678.944926
1119.148639 683.425648
1212.866623 688.282876
1312.493805 693.416191
1418.554392 698.773292
1531.606104 704.644474
1652.498826 710.844443
1041.215803 761.160508
1128.185814 767.976443
1220.284218 775.211535
1318.028118 782.801360
1421.946945 790.999396
1532.636857 799.703546
1650.755940 809.020515
1051.196112 840.342500
1136.745440 849.294232
1227.293868 858.723564
1323.240148 868.689056
1425.151653 879.379022
1533.536100 890.718897
1649.026160 902.810810
1060.852152 916.596152
1145.036744 927.383101
1234.029062 938.864381
1328.328830 951.081702
1428.193315 964.053763
1534.339437 977.735251
1647.377492 992.417735
1039.331833 235.734494
1127.778394 227.364124
1221.494171 218.602856
1321.188608 209.289474
1427.151130 199.369903
1540.273733 188.835333
1661.148243 177.517166
1035.548127 325.176241
1124.383291 319.518905
1218.536429 313.447235
1318.696551 307.072883
1425.294108 300.184387
1539.068659 292.953497
1660.671735 285.247847
1031.724572 415.813557
1120.946288 412.699306
1215.589364 409.485817
1316.223764 406.034206
1423.462617 402.440696
1537.828340 398.473754
1660.291352 394.441946
1027.848181 507.294710
1117.481502 506.904610
1212.575057 506.634650
1313.715149 506.317687
1421.525573 505.883675
1536.617251 505.539299
1659.854413 505.079336
1024.012343 599.873499
1114.034422 602.282039
1209.519731 604.959886
1311.234192 607.684096
1419.578671 610.684066
1535.410804 613.824933
1659.413444 617.313182
1020.050505 693.528046
1110.381345 698.842562
1206.445672 704.506957
1308.555477 710.415975
1417.602573 716.887870
1534.152637 723.760913
1658.953031 731.169438
1016.073227 788.224671
1106.820565 796.352904
1203.320029 805.102197
1306.069366 814.462748
1415.629210 824.409791
1532.915869 835.088928
1658.522401 846.587561
1069.201885 182.708277
1154.282712 173.369589
1244.184484 163.598078
1339.538438 153.269884
1440.563587 142.316361
1548.099049 130.666705
1662.548169 118.245905
1059.287538 260.873496
1145.559876 253.729085
1236.871337 246.062462
1333.749525 238.036885
1436.659748 229.404172
1546.143806 220.344923
1662.836516 210.709486
1048.977989 341.940112
1136.535561 336.927724
1229.301087 331.695217
1327.789089 326.080417
1432.543386 320.171390
1544.074319 313.757168
1663.274002 307.132930
1038.334680 425.823331
1127.205908 423.143904
1221.458511 420.484758
1321.577651 417.559432
1428.213833 414.431552
1541.976811 411.236656
1663.632259 407.658548
1027.348700 512.822009
1117.554942 512.734270
1213.191431 512.788087
1315.180622 512.686532
1423.741565 512.704419
1539.861167 512.669868
1664.065605 512.764276
1015.907651 603.001523
1107.339309 605.733284
1204.758004 608.720565
1308.338258 611.757370
1419.056216 615.177551
1537.507243 618.710793
1664.431908 622.582735
1004.037923 696.589812
1096.968419 702.286356
1195.875577 708.394700
1301.437246 714.940316
1414.157973 721.900012
1535.125904 729.392406
1664.903330 737.466012
1148.436129 257.612147
1239.292234 252.051588
1334.105774 246.281577
1433.387512 240.328358
1537.153332 234.068071
1646.175192 227.487918
1760.477007 220.563620
1140.744369 334.015586
1233.680233 330.102004
1330.838456 325.957264
1432.675021 321.709923
1539.335057 317.193184
1651.295582 312.537189
1768.933831 307.606271
1132.592733 414.381588
1227.808215 412.142796
1327.441490 409.898391
1431.963594 407.514366
1541.561280 405.084154
1656.741133 402.394783
1778.061920 399.760591
1124.121543 498.887839
1221.637116 498.561356
1323.858109 498.394364
1431.155313 498.105655
1543.842062 497.886724
1662.534483 497.711242
1787.594546 497.387755
1115.178812 587.915057
1215.162398 589.717944
1319.930984 591.864285
1430.363725 593.930943
1546.300659 596.245114
1668.811911 598.606488
1797.783941 601.193727
1105.745472 681.803880
1208.126951 686.102550
1315.964959 690.723274
1429.337553 695.448416
1548.891220 700.637849
1675.290148 706.008791
1808.703241 711.664403
1095.706161 780.983365
1200.848443 787.952309
1311.604320 795.339856
1428.521004 803.210436
1551.646739 811.524613
1682.150335 820.259137
1820.298624 829.572720
1151.691470 377.931256
1257.054346 375.573114
1366.043631 373.253137
1479.077936 370.847605
1596.139187 368.402255
1717.697804 365.781142
1843.847429 363.117453
1151.246352 479.531335
1256.445305 479.059634
1365.427574 478.510642
1478.308094 478.021289
1595.188606 477.470070
1716.617044 476.929237
1842.700124 476.473541
1150.762064 581.097419
1255.833023 582.344510
1364.760690 583.645033
1477.460275 584.974269
1594.300418 586.474437
1715.564430 587.826869
1841.629801 589.468500
1150.320899 682.364819
1255.344385 685.326867
1364.047572 688.496299
1476.660007 691.742547
1593.389784 695.098191
1714.462719 698.586971
1840.123113 702.176205
1149.928055 783.478571
1254.791330 788.191311
1363.351938 793.146269
1475.856761 798.263010
1592.441302 803.633004
1713.461104 809.118182
1838.929922 814.908994
1149.461245 884.402273
1254.207097 890.904761
1362.717338 897.644741
1474.996633 904.680399
1591.414960 911.986412
1712.330879 919.504385
1837.701633 927.364821
1149.034725 985.047075
1253.613583 993.263260
1361.973983 1001.854889
1474.257041 1010.835533
1590.390449 1019.782173
1711.133286 1029.397092
1836.770912 1039.832022
1079.446150 257.417193
1185.908061 250.230798
1298.004559 242.840395
1416.530496 234.931147
1541.563169 226.674345
1673.856804 217.829842
1814.189331 208.462480
1089.423359 358.428095
1193.007069 354.198062
1301.812926 349.689698
1416.594170 344.901013
1537.492312 339.818797
1665.304413 334.522022
1800.499385 328.923916
1098.968672 453.905795
1199.704712 452.039914
1305.500927 450.073994
1416.690863 447.981134
1533.840451 445.925031
1657.358158 443.601250
1787.855004 441.240697
1107.895436 543.904731
1205.998404 544.232358
1308.812438 544.664908
1416.876054 545.115947
1530.450515 545.472173
1649.918630 545.918422
1775.922108 546.357756
1116.461528 629.044830
1212.013994 631.387028
1312.099807 633.828151
1417.015598 636.347520
1527.247328 639.080300
1643.009339 641.918615
1764.842005 644.874872
1124.455352 709.803642
1217.650903 713.939684
1315.064714 718.166146
1417.099313 722.608228
1524.067354 727.362981
1636.439611 732.275011
1754.384722 737.468150
1132.117596 786.413306
1222.942642 792.009092
1317.867135 797.889281
1417.230661 804.143749
1521.167266 810.666767
1630.209134 817.418189
1744.630985 824.614504
1140.852931 88.025995
1249.503945 80.302445
1362.097450 72.430868
1479.158370 64.285716
1600.137524 55.755219
1726.236569 46.949200
1857.333166 37.088197
1141.574246 195.234404
1249.282883 189.610857
1360.891200 183.672487
1476.713616 177.635857
1596.710796 171.301940
1721.437220 164.766948
1850.774088 157.978609
1142.216120 300.852952
1249.032540 297.023277
1359.748987 293.108314
1474.419409 289.010700
1593.279100 284.926312
1716.734454 280.468004
1845.109808 276.051260
1142.878876 404.513280
1248.789234 402.538165
1358.466769 400.582089
1472.119480 398.550333
1589.881076 396.391775
1712.150061 394.183386
1838.992151 391.855655
1143.628554 506.456384
1248.621814 506.307578
1357.321524 506.151778
1469.901965 505.986813
1586.598950 505.929675
1707.706527 505.743491
1833.308799 505.577275
1144.240318 606.772933
1248.313996 608.370631
1356.121383 609.952934
1467.646653 611.676303
1583.237940 613.544293
1703.242947 615.347279
1827.692450 617.286484
1144.886909 705.365891
1248.077089 708.543323
1354.903772 711.894093
1465.551877 715.466482
1580.048723 719.147584
1698.810217 722.837289
1822.096052 726.850075
