-1.90664415115970 -1.77617801859552 -0.08941382368949 
2.02968623502752 2.19202590807941 -0.79360335519790 
-2.01682306078198 -2.14927263752159 -0.76097478240563 
1.92900024971844 1.81907908451867 -0.11400275797472 
2.15272467597193 2.19093120100871 -0.35656552775646 
-2.12803074873837 -2.15228903506067 -0.32645502767267 
-2.01791219063731 -2.15028193267125 -0.76001202417958 
2.06646745655944 2.07290838320084 0.31273652250365 
1.96709889079700 1.88517373793104 -0.01309348495295 
-2.12857189047169 -2.15152573494816 -0.32486521804805 
-2.01810787445658 -2.14965178581712 -0.76032362292267 
2.13330647053036 2.13266086852851 -0.01418986937993 
1.92863616024614 1.81922559090651 -0.11390676457068 
-1.90688533384458 -1.77660703386413 -0.08991828142498 
-2.03108179885279 -2.03872783348150 0.33483635330283 
2.03008984197886 2.19328933410240 -0.79228873158140 
2.03010556824012 2.19408368211466 -0.79243331488210 
-2.08994876863710 -2.09817541603807 0.22940698933516 
-1.90768202014423 -1.77653324659309 -0.09010780146445 
-2.05622093799843 -2.03703700689116 0.11816989674642
