-30.98816273794480 -10.25968256179670 78.16019900070238
-23.83013969878139 -33.24829719870787 96.41144858924244
-9.83169295244527 -10.26206269795144 62.60433922204322
-15.01494528781052 -33.07586932031785 81.15311320137748
-25.30405319561259 -32.44255644317203 82.75976580168901
-18.55030266229550 -14.42551109158029 66.90938694788997
-40.54533772718763 -10.19225259989459 63.02103531304170
-42.50638823194559 -23.51143394321256 69.92820130229941
-44.77411795289845 -30.92142009997117 78.25621319735224
-49.50037318781088 -27.14635321596934 63.50149107735949
-41.20258405364215 -20.30336762070058 57.17177413431873
-47.76335317156483 -19.18055806766380 69.21706031250410
-44.19627414592855 -25.46481260269948 74.19321931232095
-1.44442674340241 -9.83794341764936 80.23105848416679
1.05153239355521 -23.15080855343250 87.08795786370966
5.59832149423388 -32.14806767330344 98.50843448282299
8.45420041552165 -24.57792885481045 96.60400249224533
5.93162100021626 -15.51951062335741 81.80270775592379
0.81545532754708 -21.50611911807763 77.39835593273703
4.79552901166652 -31.71945859945560 78.63619417831798
