499.828248 458.223148
578.562600 455.457012
663.030468 452.548504
753.638145 449.603045
851.213174 446.548296
956.220237 443.413920
1069.115389 440.328048
528.288508 548.225268
605.932868 548.411904
689.058654 548.909481
778.032637 549.515387
873.688999 550.145711
976.216427 550.952958
1086.204538 551.879106
555.605492 633.749139
632.175841 636.886803
713.894689 640.271163
801.303179 643.844251
894.867278 647.800634
995.022971 651.844178
1102.173598 656.425599
581.716967 715.118465
657.157145 720.737415
737.527856 726.750952
823.268881 733.257540
914.846851 739.865319
1012.603641 746.898892
1116.921345 754.397341
606.683955 792.505913
681.048557 800.332326
760.054829 808.546018
844.166832 817.317204
933.757838 826.495207
1029.116983 836.145593
1130.521854 846.256627
630.661729 866.109430
703.784809 875.808786
781.388840 886.062643
863.839297 896.846271
951.460932 908.148124
1044.502938 919.973112
1143.347421 932.403819
653.527742 935.947111
725.344104 947.333740
801.684913 959.274171
882.547672 971.963800
968.147943 985.056635
1058.975891 998.855001
1155.160281 1013.272653
663.571571 146.348241
735.697982 135.588270
811.994689 124.470477
892.917351 112.924278
978.546571 101.004061
1069.502859 88.713192
1165.672957 76.080788
640.876584 216.311843
714.232003 207.135548
791.893678 197.804169
874.392310 188.096420
962.205564 177.959644
1055.354377 167.615551
1154.197489 157.103856
617.208322 290.207995
691.629655 283.014986
770.794843 275.590921
855.060149 267.813059
944.722493 259.926234
1040.210025 251.758049
1141.748001 243.507784
592.513488 368.015531
668.045753 363.020380
748.468059 357.883202
834.363923 352.617146
926.157241 347.119454
1023.932122 341.624994
1128.332180 336.012823
566.601838 450.208067
643.248652 447.729272
725.100455 445.180856
812.675320 442.583807
906.447412 440.162016
1006.678635 437.426737
1113.748175 434.918230
539.578289 536.834394
617.263451 537.112699
700.477524 537.737760
789.727351 538.239940
885.448180 538.967500
987.980100 539.738410
1098.057035 540.739763
511.347311 628.092095
590.113739 631.513873
674.883863 635.234792
765.622375 639.514375
863.151167 643.875235
968.264951 648.605558
1081.041314 653.713839
924.108539 371.940986
1035.167402 377.435824
1138.845304 382.855510
1235.239365 388.228291
1325.338884 393.437564
1409.277450 398.362518
1487.663978 403.151204
909.884684 488.874950
1018.969012 490.335467
1120.950228 491.926726
1215.913751 493.540916
1304.762317 495.180379
1387.863130 496.817585
1465.345758 498.412764
896.406887 600.535674
1003.344475 598.383205
1103.441485 596.462503
1197.152577 594.591715
1284.755613 593.006366
1366.729689 591.445286
1443.508920 590.147497
883.548025 706.813747
988.353452 701.362565
1086.643537 696.291275
1178.795737 691.491623
1265.258077 686.794018
1346.140496 682.496213
1422.212621 678.460069
871.483660 807.789334
974.100196 799.474928
1070.471127 791.597406
1161.051187 783.974240
1246.280859 776.748712
1326.146436 769.927130
1401.380616 763.304158
859.900201 903.808852
960.305546 892.857950
1054.962594 882.433208
1144.026661 872.423768
1227.800288 862.809051
1306.744311 853.597855
1381.074434 844.877160
848.927160 995.008454
947.235344 981.705608
1040.071428 968.835403
1127.580480 956.825006
1210.022195 945.112775
1287.878005 933.898885
1361.300612 923.190220
843.731865 72.794518
938.897379 85.617553
1028.945538 98.085359
1113.983387 110.295625
1194.450965 122.155410
1270.510707 133.627930
1342.241965 144.550291
856.455695 153.566925
954.300710 164.542447
1046.585976 175.276815
1133.630036 185.749397
1215.686006 195.864876
1293.153056 205.713796
1366.148501 215.330565
870.145336 240.076648
970.586795 248.828461
1065.276662 257.552327
1154.340923 265.978718
1238.019480 274.268074
1316.858990 282.193088
1391.069382 289.807029
884.725921 332.531607
987.974352 338.863099
1084.981021 345.176224
1176.094992 351.397118
1261.464019 357.237754
1341.554732 363.055419
1417.027989 368.671208
900.332116 431.655192
1006.386370 435.126815
1105.861777 438.655546
1198.827157 442.051962
1286.020100 445.423195
1367.627237 448.696127
1443.966670 451.858076
916.940985 537.822319
1025.940103 537.917150
1127.763608 538.285449
1222.802087 538.563887
1311.614287 538.931648
1394.625542 539.293045
1472.123750 539.805110
934.805303 651.553744
1046.597011 647.725224
1150.869586 644.074911
1248.013424 640.966451
1338.440639 637.950520
1422.732702 635.115173
1501.356832 632.551178
696.131632 51.518409
799.032558 54.064754
901.034061 57.018959
1001.764001 60.393298
1101.186345 64.195670
1198.984174 68.377143
1294.932271 72.945114
691.520857 137.267454
797.327130 139.373943
901.967585 141.864482
1005.399719 144.804820
1107.402244 148.121796
1207.699569 151.842395
1305.945244 156.013717
686.929110 228.137201
795.479575 229.705351
902.998932 231.788244
1009.235389 234.155563
1113.842088 236.988493
1216.612062 240.070767
1317.398358 243.475069
682.227042 324.134601
793.638341 325.265961
904.025218 326.796245
1013.177666 328.722902
1120.483223 330.791032
1225.780647 333.296198
1329.079882 335.997012
677.356829 425.757911
791.770494 426.425543
905.235204 427.442264
1017.116582 428.602447
1127.375710 430.104387
1235.336853 431.687270
1340.987659 433.513432
672.441317 533.176484
789.940286 533.342967
906.351654 533.797762
1021.266273 534.273915
1134.208803 534.879238
1244.916242 535.530668
1353.164971 536.361309
667.694436 646.671182
788.097340 646.161910
907.599352 645.815879
1025.493607 645.614275
1141.366227 645.209835
1254.794661 644.798997
1365.572505 644.600667
581.774499 441.514492
692.386982 440.169742
806.094912 438.889458
922.587896 437.970595
1041.821231 437.278651
1163.051138 436.766486
1286.024917 436.591084
594.931028 548.610319
703.052366 548.612460
814.037636 548.815843
927.639187 549.169204
1043.798870 549.632707
1161.995388 550.188344
1281.692821 550.865085
607.818806 650.636877
713.416090 652.029943
821.598332 653.448066
932.527509 654.874297
1045.620940 656.310698
1160.721577 657.674881
1277.378169 659.263942
620.294346 747.833845
723.382465 750.259032
828.951396 752.807498
937.047846 755.287809
1047.221956 757.561564
1159.218950 759.853555
1272.797226 762.069235
632.317210 840.233331
733.020050 843.654512
836.062412 847.023464
941.323452 850.328289
1048.709294 853.504964
1157.714470 856.555800
1268.159883 859.417372
643.907315 928.070644
742.150648 932.294011
842.714846 936.482323
945.395515 940.546837
1049.950255 944.401904
1156.106890 948.093083
1263.663989 951.615220
655.038541 1011.460130
750.912730 1016.398096
849.085327 1021.142682
949.220931 1025.956149
1051.027289 1030.452733
1154.404820 1034.781293
1259.115232 1038.881265
306.804566 444.727469
434.984618 446.521478
556.567817 448.412119
671.430137 450.524738
780.109036 452.664764
882.569039 454.771333
979.400213 456.941989
308.575399 554.213778
432.677442 552.891428
550.721597 551.853454
662.269225 550.893105
768.006669 550.197483
868.065641 549.589418
962.584568 549.029434
310.630733 656.929896
430.838423 652.946145
545.269830 649.225947
653.883159 645.622188
756.735666 642.315771
854.305581 639.147725
946.708669 636.336676
313.030843 753.262293
429.446876 746.915802
540.416774 740.810761
646.070705 735.039177
746.321334 729.446087
841.363139 724.196337
931.630489 719.037683
315.629848 843.670703
428.564791 835.208304
536.151103 827.115573
638.758583 819.224325
736.519039 811.594915
829.172087 804.426996
917.347293 797.353964
318.370695 928.529580
427.766040 918.283315
532.293370 908.360646
632.070662 898.730122
727.191848 889.355473
817.698380 880.270391
903.817425 871.621397
321.255577 1008.055286
427.310239 996.370526
528.789122 984.732134
625.870813 973.643882
718.474023 962.779803
806.735777 952.242105
890.889137 942.083619
314.635070 210.064593
434.202171 218.228083
548.032510 226.405112
656.113656 234.576638
758.739049 242.667608
855.866212 250.548710
947.993570 258.252073
312.430908 322.042602
432.459416 327.195232
546.585184 332.520937
654.976350 337.849161
757.758225 343.115113
855.238192 348.351663
947.507942 353.533123
310.827596 434.873841
431.022178 437.028257
545.470486 439.490012
654.067506 441.890688
756.918801 444.358551
854.548930 446.792639
947.038008 449.390142
309.883857 548.182194
430.168957 547.405661
544.648111 546.812166
653.323633 546.396439
756.319181 545.994072
853.919598 545.773673
946.501839 545.651073
309.412721 661.723908
429.691177 657.924747
544.168135 654.385290
652.838726 650.978034
755.849991 647.814829
853.458723 644.833206
945.951632 642.015427
309.472512 775.164719
429.657018 768.354661
543.962365 761.823735
652.577492 755.563212
755.526076 749.581133
852.964408 743.828515
945.386676 738.313238
310.218363 888.161640
429.944980 878.391363
544.124006 868.685145
652.560208 859.685068
755.336389 850.860967
852.601020 842.366173
944.814419 834.239001
330.788447 86.748296
436.423057 96.904329
537.661318 107.009113
634.336477 117.107896
726.779717 127.148858
814.909592 136.929983
898.848636 146.436494
327.019366 166.564894
436.136504 175.117818
540.367351 183.661435
639.931622 192.230359
734.781671 200.587497
825.189451 208.912148
911.146346 217.132137
323.448594 251.894164
435.971610 258.579487
543.482526 265.386388
645.929409 272.044600
743.293086 278.729529
835.981187 285.227881
924.087172 291.716326
319.937391 342.985110
436.156322 347.561211
546.957142 352.270443
652.409832 356.989653
752.454648 361.510987
847.459232 366.150655
937.752031 370.779629
316.598039 440.504065
436.655648 442.659887
550.956445 444.975112
659.406853 447.283234
762.289549 449.664453
859.775935 452.015496
952.097168 454.410735
313.467714 544.808999
437.554802 544.142972
555.383741 543.795866
667.112161 543.451903
772.748604 543.230571
872.775437 543.016403
967.284615 543.024678
310.825951 656.376810
438.826355 652.513086
560.448671 648.741921
675.532278 645.556130
784.029834 642.352284
886.602844 639.417023
983.309336 636.698342
108.297302 104.482122
238.252836 107.930236
366.287691 111.825446
492.122242 116.335016
615.638940 121.243290
736.063679 126.703148
853.341938 132.550289
115.514849 229.084511
243.601938 231.161915
369.815748 233.806680
493.765395 236.847902
615.522732 240.284825
734.379452 244.057077
849.936439 248.211229
123.554211 350.375847
249.511811 351.460154
373.807721 352.902304
496.012850 354.400039
615.730751 356.413577
732.742288 358.483804
846.761697 360.912724
132.078687 468.324891
255.928392 468.241551
378.157464 468.404555
498.487577 468.772837
616.322635 469.208110
731.399656 469.875146
843.700827 470.685746
140.944870 582.629975
262.874889 581.458332
383.050011 580.453602
501.259134 579.515445
617.218564 578.654436
730.378897 577.935864
840.805436 577.331237
150.389236 693.093029
270.127686 690.923204
388.156147 688.796225
504.296959 686.750739
618.245579 684.598709
729.594345 682.520180
838.149564 680.557079
160.159053 799.592900
277.503124 796.585923
393.557668 793.159413
507.645485 790.111920
619.565340 786.846888
728.995961 783.570239
835.610443 780.392688
236.450122 215.854116
377.154636 224.592440
510.067958 233.231623
635.482791 241.968132
753.741128 250.630550
864.695186 259.021432
969.069436 267.296377
239.523768 341.693455
375.550390 346.378224
504.573712 351.259302
626.322904 356.177777
741.228945 361.123869
849.513477 366.005674
951.474434 370.841724
243.044328 459.845685
374.668254 461.113925
499.620911 462.550160
617.936010 464.013913
729.631832 465.636230
835.226643 467.275187
934.884362 469.141592
246.992841 570.597371
374.285850 568.748426
495.377824 567.121057
610.283998 565.744212
718.956303 564.409894
821.787451 563.253967
919.126312 562.298105
251.143811 674.368274
374.438738 669.807858
491.770426 665.548054
603.238047 661.460535
709.143789 657.550574
809.193398 653.941823
904.178646 650.531977
255.494034 771.646384
374.848053 764.693122
488.581116 758.081385
596.931126 751.719831
699.901082 745.541424
797.473300 739.729474
890.074972 734.121034
260.100942 862.739773
375.528075 853.744831
485.833964 844.846673
591.120051 836.588219
691.282801 828.450428
786.380085 820.661080
876.721266 813.164021
138.499083 288.724884
255.349327 288.569348
372.364816 288.623647
489.499113 289.139827
606.467403 290.031861
722.699907 291.183591
837.900673 292.673470
130.364062 401.631106
248.502213 401.278135
366.682680 401.154918
485.105656 401.442488
603.319092 401.897856
720.689838 402.583910
837.064022 403.544817
123.042034 517.149269
242.051153 516.685336
361.473205 516.528174
481.161039 516.356677
600.341838 516.426463
718.876863 516.517904
836.442043 516.905951
116.211463 634.920231
236.339753 634.444643
356.771586 633.948554
477.398172 633.571232
597.777616 633.085258
717.320308 632.731143
835.919427 632.494423
109.999682 754.832405
231.016260 754.166647
352.534236 753.584388
474.146405 752.808978
595.484303 751.925781
716.150484 750.993449
835.277759 750.102336
104.301777 876.502937
226.570998 875.627842
348.674480 874.908446
471.227274 873.794967
593.419986 872.477982
714.793420 870.860606
835.066658 869.130024
100.090886 999.178455
222.041049 998.835189
345.723745 997.151383
468.891270 995.986151
591.686796 994.200551
713.704684 992.013213
834.667333 989.577245
293.830662 174.393155
411.102820 183.244893
522.932675 192.063127
629.325587 200.877413
730.577292 209.543875
826.628399 218.084678
917.786498 226.362566
288.821158 266.098355
410.241012 272.870359
525.680448 279.590807
635.412925 286.330719
739.582956 292.942027
838.242402 299.531405
931.703086 306.124372
284.020000 364.695529
409.529373 368.909571
528.936576 373.280237
642.163996 377.598612
749.142333 381.962155
850.534081 386.236597
946.458455 390.519554
279.388474 470.447473
409.364258 471.834012
532.647336 473.398888
649.432433 475.123908
759.582505 476.709063
863.631446 478.522582
961.977858 480.408780
274.947012 584.091741
409.480659 582.196270
537.007683 580.559895
657.381841 579.071741
770.850411 577.788045
877.768063 576.664588
978.449020 575.574354
270.749440 706.131374
410.195583 700.395522
541.887905 695.168588
666.186360 690.066901
782.869414 685.411155
892.686389 680.856227
995.851399 676.569064
267.166888 837.161569
411.374108 827.083002
547.662043 817.333314
675.782571 808.393392
795.978078 799.611929
908.631857 791.291758
1014.268771 783.456938
1035.311409 465.031634
1136.332922 463.717086
1241.889886 462.420686
1351.990102 461.368978
1466.769504 460.503599
1585.940394 459.660775
1709.618653 459.130672
1046.291303 556.595999
1144.763037 557.293553
1247.452286 558.239838
1354.333405 559.354344
1465.677503 560.572577
1581.240473 561.993697
1700.820535 563.563512
1056.639006 643.214876
1152.487990 645.910836
1252.377927 648.701212
1356.311830 651.626331
1464.284714 654.780011
1576.281040 657.983301
1692.249674 661.512254
1066.322800 725.227957
1159.604613 729.585381
1256.789048 734.050955
1357.796943 738.785144
1462.578300 743.531569
1571.162573 748.435928
1683.460839 753.482257
1075.385508 802.741484
1166.317151 808.596246
1260.828906 814.618853
1358.950660 820.745938
1460.799910 827.072802
1565.988566 833.491552
1674.730397 840.006958
1083.906554 876.169429
1172.429668 883.262651
1264.496373 890.636981
1359.867892 898.100176
1458.696256 905.689952
1560.785500 913.346992
1666.302374 921.196347
1091.933170 945.639086
1178.135539 953.938227
1267.727599 962.306434
1360.569818 971.020841
1456.482815 979.761346
1555.576678 988.690752
1657.933592 997.647290
1057.089710 266.601046
1152.526765 261.221819
1252.032782 255.917891
1355.452462 250.802603
1463.010740 245.780055
1574.497199 240.956665
1689.809208 236.321209
1057.175494 361.365796
1152.905521 358.036989
1252.531742 354.852865
1356.200649 351.874618
1464.024045 348.920029
1575.857596 346.212216
1691.371699 343.739492
1057.214542 456.764434
1152.995807 455.543860
1252.744179 454.543730
1356.647429 453.544747
1464.579735 452.777718
1576.513091 452.095158
1692.394892 451.703116
1057.132793 552.511238
1152.890487 553.367046
1252.670502 554.446622
1356.566234 555.696705
1464.594987 557.022622
1576.470730 558.569548
1692.468404 560.225294
1056.927754 648.259846
1152.556432 651.264552
1252.378660 654.449599
1356.145976 657.831435
1464.165613 661.395127
1576.056985 665.037081
1691.792148 668.866100
1056.525623 743.923918
1152.021982 749.024721
1251.661601 754.436231
1355.376299 759.876894
1463.126018 765.595319
1574.891996 771.281106
1690.577830 777.254606
1056.109026 839.217979
1151.322173 846.356455
1250.761819 853.697236
1354.289508 861.514404
1461.760639 869.237731
1573.245531 877.227350
1688.647544 885.350039
1100.041081 158.798379
1186.458570 152.177313
1276.071879 145.602714
1368.768430 139.137715
1464.692600 132.821573
1563.783902 126.577069
1665.882313 120.529512
1091.973286 229.004086
1180.744779 223.530567
1272.713026 218.187677
1368.052395 212.954287
1466.893405 207.798900
1568.938223 202.893830
1674.217527 198.184529
1083.528730 303.430002
1174.445148 299.294997
1269.086508 295.363710
1367.235373 291.465439
1468.830347 287.746948
1574.108434 284.119218
1682.722132 280.718377
1074.436560 382.106693
1167.760840 379.558457
1264.920535 377.165107
1365.941570 374.925249
1470.634575 372.645133
1579.015123 370.656857
1691.328767 368.839410
1064.740723 465.501389
1160.535192 464.692180
1260.344597 464.032778
1364.245133 463.469904
1472.253023 463.214141
1584.095848 462.878555
1699.800272 462.884752
1054.349159 553.836043
1152.594244 554.874727
1255.211323 556.323567
1362.139257 557.773836
1473.336383 559.425153
1588.694470 561.173476
1708.366966 563.234143
1043.209810 647.302652
1143.936996 650.513120
1249.507432 654.001689
1359.610306 657.876297
1474.098823 661.706748
1593.308869 665.866088
1716.770770 670.176117
1127.417221 267.134607
1212.201129 261.099083
1301.244565 254.881490
1394.638589 248.704446
1492.461103 242.520608
1594.979353 236.217850
1702.079479 230.025249
1116.339433 340.553980
1203.139787 336.199199
1294.312175 331.855837
1390.034211 327.534191
1490.717170 323.101579
1596.186805 318.851209
1706.477963 314.695170
1104.638143 418.016424
1193.335971 415.598049
1286.851437 413.271139
1385.222825 410.931944
1488.439594 408.735567
1596.968819 406.548211
1710.791074 404.542380
1092.262517 499.655075
1182.945064 499.389054
1278.692675 499.344429
1379.569971 499.387917
1485.667686 499.476309
1597.281565 499.818720
1714.741820 500.320962
1079.095263 585.637151
1171.816175 587.814615
1269.888316 590.256809
1373.353879 592.878685
1482.449568 595.844462
1597.392857 598.849382
1718.181126 602.256740
1065.056080 676.167173
1159.837822 681.105397
1260.202801 686.407147
1366.323315 691.933121
1478.382128 697.817080
1596.710306 703.988409
1721.314754 710.606647
1050.205158 771.440955
1146.970275 779.325960
1249.739508 787.719285
1358.592855 796.642270
1473.715544 805.826425
1595.500429 815.641422
1723.918163 825.740171
1149.867469 378.913314
1253.726064 377.274155
1360.350822 375.874477
1469.334200 374.760209
1580.722437 373.871712
1694.195542 373.097645
1809.470829 372.681926
1149.827176 479.761560
1253.772655 479.579008
1360.539513 479.648212
1469.567856 479.917981
1581.069247 480.293367
1694.867045 480.907961
1810.092694 481.642245
1149.581411 580.935218
1253.494096 582.321714
1360.243020 583.815734
1469.420208 585.386623
1580.893726 587.103515
1694.516483 588.829834
1810.067655 590.857233
1149.093278 682.148699
1252.918857 684.884167
1359.513513 687.855817
1468.683637 690.880850
1580.087743 693.884330
1693.561945 696.987681
1809.023583 700.102167
1148.466273 782.987286
1252.032100 787.285957
1358.500739 791.701727
1467.402053 796.083076
1578.709962 800.541963
1692.004142 804.908374
1807.207409 809.232808
1147.568837 883.402232
1250.899349 889.128750
1357.039182 895.022748
1465.717291 900.794859
1576.689459 906.549851
1689.695839 912.125589
1804.788495 917.715190
1146.584048 983.110223
1249.448661 990.346434
1355.240739 997.424344
1463.661566 1004.747720
1574.157091 1011.800486
1686.850497 1018.766455
1801.537084 1025.503823
1032.631594 268.483675
1129.938655 260.628274
1233.200472 252.530732
1342.521337 244.421710
1458.471117 236.193321
1580.912950 227.862196
1710.182435 219.611623
1047.838869 363.964046
1143.172396 359.119832
1244.055207 354.318725
1350.672657 349.546641
1463.582716 344.716221
1582.743862 339.950691
1708.038480 335.231859
1062.269246 455.037834
1155.553356 453.100063
1254.055547 451.171270
1358.198500 449.249636
1467.959106 447.491758
1583.761850 445.728351
1705.712999 444.278713
1075.862562 541.904228
1167.021521 542.417752
1263.290569 543.088008
1364.815591 543.964826
1471.692126 544.853536
1584.111040 545.935367
1702.549538 547.235481
1088.689869 624.476476
1177.836059 627.262278
1271.837108 630.253706
1370.717842 633.468428
1474.917928 636.893217
1584.218080 640.502423
1698.882600 644.349608
1100.715009 703.101478
1187.820563 707.873416
1279.661256 712.995594
1376.093911 718.332485
1477.420914 723.897267
1583.712011 729.671305
1695.145006 735.825076
1112.088664 777.855343
1197.236330 784.422745
1286.872376 791.220079
1381.001615 798.634689
1479.536279 806.064569
1582.893051 813.959783
1691.008336 822.032615
1136.978349 96.047606
1242.999421 90.020473
1352.002754 84.282253
1463.533581 78.998982
1577.543468 74.186079
1693.818285 69.634732
1811.891547 65.646175
1138.579297 199.735146
1244.279231 195.150553
1352.817829 191.059887
1463.874484 187.249928
1577.406223 183.792078
1693.216673 180.749069
1810.674311 178.000080
1140.073326 302.902852
1245.191727 299.914990
1353.243413 297.404229
1463.782844 294.937403
1576.632204 292.912869
1691.650814 291.044486
1808.762444 289.568763
1141.354040 405.232066
1245.733841 403.846538
1353.117541 402.752833
1463.045301 401.844335
1575.163428 401.085682
1689.455616 400.607154
1805.743101 400.287603
1142.364543 506.538150
1246.107972 506.743800
1352.770577 507.066574
1461.735952 507.469331
1573.200460 508.201196
1686.635433 508.962480
1802.044065 509.825231
1143.100109 606.679993
1246.024909 608.167160
1351.875739 609.907022
1460.019055 611.815720
1570.546350 613.794960
1683.088602 615.741742
1797.671986 617.836382
1143.700142 705.209338
1245.703600 708.094432
1350.512304 711.070457
1457.896520 714.439236
1567.392165 717.623907
1678.954972 720.899329
1792.363475 724.155816
