522.020464 457.021592
611.581566 454.495878
706.452206 452.161051
807.094125 449.750663
913.561744 447.543192
1026.209004 445.298231
1145.090785 443.241447
547.407101 550.405863
635.264814 550.671706
727.959056 551.029147
826.113140 551.502926
929.840134 552.063924
1039.356532 552.806520
1154.648008 553.725688
571.771242 638.999151
657.793099 641.514167
748.446446 644.254894
844.145812 647.192731
945.168239 650.406495
1051.562221 653.687899
1163.330022 657.116041
594.965994 722.823646
679.240088 727.431781
767.796079 732.325180
861.235502 737.512374
959.562922 742.786781
1062.864624 748.276005
1171.194431 754.027294
617.108306 802.119682
699.663457 808.630413
786.342524 815.256217
877.415940 822.255314
973.073419 829.486609
1073.365490 836.913541
1178.498167 844.644848
638.120565 877.190282
718.942031 885.332889
803.657938 893.551526
892.525984 902.191633
985.662966 911.003447
1083.201116 920.142474
1185.141164 929.530154
658.278899 948.393083
737.318199 957.791813
820.087722 967.358613
906.818879 977.403459
997.524257 987.690305
1092.323935 998.178091
1191.278174 1009.076479
668.743259 135.114761
747.944716 126.261423
830.857809 117.287558
917.639795 108.322084
1008.395514 99.191014
1103.326852 90.058874
1202.296209 81.012752
648.746435 206.378601
729.608904 198.886067
814.443651 191.224580
903.417977 183.615559
996.711897 175.895273
1094.308834 168.230378
1196.304464 160.649219
627.661988 281.914507
710.294557 275.911754
797.105809 269.888224
888.410299 263.801672
984.181840 257.778166
1084.581932 251.729785
1189.746476 245.907084
605.631117 361.801377
690.000796 357.594611
778.837801 353.452226
872.361651 349.224608
970.778787 345.090637
1074.192533 341.115846
1182.562287 337.171372
582.555063 446.557849
668.686337 444.391555
759.412796 442.409760
855.449981 440.315675
956.444382 438.416446
1062.938850 436.570588
1174.639880 434.978771
558.334455 536.231498
646.108709 536.464182
739.133497 536.935093
837.312101 537.380172
941.140890 538.099182
1050.687614 538.856392
1165.901578 539.779320
532.944109 631.093227
622.697705 634.023187
717.744490 637.166551
818.373996 640.600545
924.830741 644.236258
1037.551041 648.032153
1156.247377 651.960287
850.516676 440.401818
968.635602 442.670676
1080.741527 445.104608
1186.985180 447.636678
1287.543862 450.271416
1382.642590 452.779687
1472.523824 455.400468
839.494315 551.088579
954.110430 550.623363
1063.075064 550.379535
1166.546931 550.119819
1264.652242 550.013163
1357.697322 549.931662
1445.755525 549.988558
829.392476 654.712272
940.423672 651.901049
1046.309076 649.119474
1147.062619 646.513034
1242.823577 644.059376
1333.766667 641.635589
1420.083088 639.473196
819.960626 751.635662
927.650979 746.645331
1030.407982 741.842502
1128.531928 737.232654
1221.987028 732.714804
1310.865525 728.256626
1395.449791 724.129596
811.266535 842.092667
915.630852 835.423121
1015.543218 828.806032
1110.911852 822.420012
1202.155455 816.132083
1288.984941 810.090557
1371.865244 804.143711
803.041070 926.941957
904.386701 918.696740
1001.367756 910.573582
1094.343012 902.655002
1183.267718 894.816527
1268.267126 887.237802
1349.360476 879.884439
795.423981 1006.393227
893.662256 996.740060
988.093171 987.252489
1078.613324 978.088998
1165.393966 968.995996
1248.341510 960.086621
1327.758768 951.453873
804.126695 79.568635
902.244865 88.823270
996.413611 97.968942
1086.696096 107.284467
1173.198490 116.500576
1256.048239 125.600566
1335.221708 134.657775
811.253121 159.091844
912.325172 166.937022
1009.238908 174.827392
1101.963396 182.819300
1190.689517 190.765784
1275.457784 198.665420
1356.345266 206.447960
818.771422 244.181574
922.989698 250.514086
1022.721288 256.933172
1118.134177 263.454183
1209.034263 269.918255
1295.788352 276.266207
1378.478756 282.717826
826.882515 335.433830
934.421635 339.922016
1037.138111 344.605550
1135.056537 349.300498
1228.295347 354.091114
1317.083783 358.789434
1401.597293 363.552143
835.647032 433.322386
946.533681 435.690318
1052.208390 438.355233
1152.893630 441.040484
1248.537574 443.711975
1339.384183 446.495750
1425.570951 449.240444
845.190881 538.226346
959.421908 538.280402
1068.367037 538.586788
1171.723984 538.872418
1269.764369 539.203536
1362.794398 539.639725
1450.823725 540.170672
855.323439 650.690454
973.192866 648.039513
1085.348603 645.402852
1191.512108 643.047791
1292.042964 640.702184
1387.077359 638.577159
1476.936490 636.532050
620.815471 99.011608
718.375587 94.284281
818.148644 89.850610
920.053323 85.856731
1023.913775 82.219791
1129.556773 79.037263
1236.603580 76.378843
611.849573 190.078779
711.074513 186.232374
812.680592 182.614453
916.468543 179.436500
1022.368172 176.579365
1130.036567 174.118101
1239.175767 172.131600
602.745441 284.879649
703.625143 281.990124
806.979269 279.351713
912.752733 277.010861
1020.606141 275.036442
1130.329312 273.330640
1241.629502 272.120835
593.602177 383.293080
696.099078 381.471691
801.156903 379.954530
908.767309 378.599459
1018.630704 377.548317
1130.451951 376.831491
1243.820195 376.371919
584.412452 485.434164
688.488618 484.839102
795.199325 484.528100
904.733264 484.261803
1016.490088 484.251190
1130.348549 484.411686
1245.720372 484.831747
575.164274 591.136072
680.742808 591.933611
789.281214 592.916627
900.454623 593.920923
1014.165630 595.040328
1129.979677 596.161708
1247.387840 597.457202
565.901395 700.357722
673.157227 702.571900
783.237446 704.898519
896.161078 707.314920
1011.607789 709.594926
1129.297342 711.851703
1248.690715 714.087620
696.049287 369.977649
816.240162 370.857773
935.054642 372.078282
1052.212453 373.638385
1167.223212 375.585915
1279.760926 377.629882
1389.660811 379.990725
697.846673 486.182105
816.077003 486.438426
932.987857 486.947239
1048.267759 487.594407
1161.448634 488.431559
1272.306262 489.334056
1380.545499 490.509526
699.976200 598.769966
816.003178 598.431000
930.932708 598.156556
1044.286601 597.926247
1155.608645 597.830810
1264.695492 597.661788
1371.258011 597.685826
702.152144 707.444367
816.123190 706.513743
928.888078 705.587591
1040.251227 704.608009
1149.676713 703.585587
1256.931906 702.444837
1361.855532 701.391735
704.464489 812.134355
816.323444 810.684703
927.017729 809.071426
1036.234676 807.394349
1143.776029 805.541350
1249.167692 803.621182
1352.353394 801.586097
706.732285 912.965955
816.527260 910.977558
925.060352 908.763179
1032.306254 906.416593
1137.836667 903.826327
1241.478154 901.092676
1342.955346 898.220479
709.071448 1009.791466
816.680100 1007.248986
923.256963 1004.450150
1028.464282 1001.555904
1132.072911 998.329775
1233.762291 994.882579
1333.490950 991.332583
233.308808 446.510891
360.771382 447.466970
483.904565 448.627605
602.716891 450.015070
716.827139 451.522352
826.322547 453.056256
931.299092 454.769937
242.607259 554.519416
365.967406 553.461831
485.182130 552.660520
600.259348 551.898646
710.938250 551.245237
817.345091 550.691932
919.456351 550.321533
252.045594 655.826798
371.210565 652.992334
486.634822 650.228252
598.200501 647.609336
705.663734 645.147645
808.966957 642.704501
908.283981 640.488661
261.158791 750.773267
376.558041 746.310787
488.240458 741.926405
596.424140 737.710278
700.800455 733.575057
801.142505 729.537464
897.743216 725.653899
270.196208 839.617176
381.788738 833.874440
490.130633 828.048500
594.906847 822.408070
696.298819 816.788320
793.818692 811.343470
887.805215 805.945939
278.977081 923.091075
387.052351 916.100617
491.927126 909.078351
593.722607 902.173247
692.048913 895.221321
787.020698 888.428196
878.498399 881.804523
287.550001 1001.294221
392.185408 993.209715
493.920865 985.117124
592.649434 977.149529
688.215459 969.129922
780.500394 961.177908
869.630951 953.442943
258.112760 216.315302
376.649133 221.585523
491.460550 227.006504
602.472988 232.786607
709.517789 238.606695
812.508196 244.481471
911.442751 250.541348
255.867094 326.747849
374.779203 330.030107
489.959991 333.569223
601.256605 337.212540
708.563235 341.046531
811.765067 344.851910
910.912774 348.917863
254.351388 438.040414
373.426073 439.328303
488.800357 440.791264
600.376920 442.443837
707.725341 444.189120
811.068641 445.947845
910.404612 447.960587
253.343260 549.864491
372.643025 549.109996
488.054393 548.517687
599.664897 548.065314
707.087736 547.798370
810.477036 547.502836
909.894601 547.476101
253.069388 661.782009
372.238461 659.021897
487.604051 656.374720
599.163716 653.904100
706.675103 651.499706
809.959235 649.258416
909.306810 647.091038
253.368989 773.682018
372.300202 768.914101
487.563680 764.240058
599.038365 759.686126
706.433360 755.128861
809.673415 750.827241
908.866760 746.578480
254.233827 885.085086
372.847320 878.320502
487.963860 871.534385
599.144429 864.996220
706.340199 858.375378
809.334541 851.929626
908.318503 845.652863
287.582066 114.094475
395.690418 120.740642
500.645562 127.468429
602.372620 134.555517
700.801993 141.721818
795.811012 149.009812
887.361775 156.353481
279.514208 202.416819
390.484977 207.656142
498.180488 213.142517
602.409956 218.842924
703.222205 224.634909
800.341702 230.499457
893.888834 236.457144
271.380059 295.640603
385.292472 299.410396
495.736830 303.416544
602.696052 307.592723
705.824558 311.837221
805.169540 316.090442
900.747885 320.613315
263.322892 394.023425
380.314631 396.101545
493.558978 398.430045
603.040683 400.843046
708.597489 403.453819
810.237522 406.097693
907.978801 408.928216
255.418340 497.760290
375.376514 497.997675
491.444831 498.509903
603.687332 499.071186
711.687349 499.752666
815.582197 500.598569
915.432962 501.515686
247.692956 606.988622
370.577359 605.228893
489.732775 603.685186
604.617403 602.214240
715.158446 600.826671
821.406083 599.594554
923.346844 598.510015
240.027606 721.865082
366.134629 717.954360
488.239473 713.990163
605.904913 710.327578
719.022521 706.668378
827.406481 703.241056
931.410841 699.859523
62.124521 115.675421
184.038938 115.036897
306.343651 114.956334
428.999205 115.478368
551.493973 116.537665
673.510605 118.133258
794.527832 120.402411
72.474117 237.015217
192.788275 236.438308
313.419284 236.227152
434.246689 236.511885
555.021364 237.174828
675.276136 238.266471
794.526487 239.849878
83.829671 355.434895
202.075517 354.792432
320.875290 354.448817
439.974410 354.438912
558.887080 354.757946
677.222776 355.279572
794.545464 356.137559
95.297550 470.475447
211.827628 469.765918
328.703469 469.292310
445.909716 469.072550
562.947907 468.994153
679.329133 469.018323
794.823084 469.318245
107.295074 581.901220
221.912566 581.289189
336.958308 580.642678
452.143126 580.111614
567.228288 579.665763
681.612704 579.325235
795.128042 579.079847
119.552497 689.806641
232.235804 689.115085
345.340037 688.358778
458.587735 687.611644
571.653507 686.743468
684.175826 685.919012
795.650927 685.194669
132.007296 793.930852
242.806194 793.158882
353.918737 792.176454
465.169396 791.223432
576.231129 790.055502
686.677262 788.784545
796.217748 787.570833
158.230818 220.968134
297.371780 226.369875
431.589716 232.043586
560.970073 238.085653
685.112061 244.378520
803.844325 250.664139
917.283728 257.159964
169.475253 345.077131
304.005932 347.932535
433.924318 351.147867
559.101478 354.454479
679.398562 357.970043
794.711884 361.513725
905.013841 365.306378
181.022897 461.550207
310.849898 462.140826
436.514039 462.892604
557.760256 463.861272
674.325890 464.983446
786.240981 466.130006
893.460906 467.461944
192.329898 570.636935
317.884157 569.150673
439.278886 567.826804
556.739701 566.725105
669.793446 565.710759
778.355194 564.698111
882.602624 564.036284
203.500456 672.610762
324.853655 669.468413
442.426225 666.258727
555.986074 663.283003
665.742530 660.362863
771.024535 657.666445
872.371976 655.043993
214.485056 768.245558
331.820201 763.473267
445.485559 758.713485
555.655467 754.097563
661.979593 749.480372
764.389329 745.125208
862.847880 740.899285
225.225394 857.706104
338.586569 851.528825
448.723795 845.323670
555.444366 839.337228
658.642045 833.318314
758.044138 827.414809
853.821205 821.735323
138.686452 288.901736
255.438463 288.685533
372.360978 288.738408
489.490100 289.323805
606.363350 290.158686
722.625014 291.339000
837.801914 292.900710
130.576804 401.746865
248.532885 401.398323
366.740618 401.314181
485.100477 401.587361
603.297182 402.033758
720.689802 402.707082
837.049894 403.651326
123.148215 517.248647
242.141549 516.803288
361.497530 516.578787
481.144109 516.482374
600.397559 516.507868
718.877842 516.603283
836.380375 516.999824
116.222065 635.066203
236.450571 634.518906
356.852286 634.052986
477.452044 633.625769
597.776637 633.204141
717.340857 632.815157
835.842525 632.598800
110.132620 754.846648
231.171783 754.246711
352.569586 753.632068
474.149700 752.830506
595.421017 751.951344
715.981525 751.061469
835.303456 750.163952
104.607380 876.434795
226.443012 875.713219
348.807379 874.893435
471.207073 873.822101
593.377569 872.462448
714.797153 870.922267
834.988157 869.221263
100.218383 999.021702
222.346822 998.619075
345.725982 997.278881
468.832028 996.055830
591.619021 994.212101
713.678691 992.028583
834.539522 989.609238
258.717577 181.073956
374.136970 186.851919
485.944016 192.701877
594.133551 198.985756
698.618383 205.274780
799.346254 211.661497
896.187742 218.149623
247.637391 271.309790
367.031648 275.549787
482.766742 280.052128
594.565260 284.797782
702.445316 289.670095
806.162484 294.546956
905.800272 299.550750
236.122480 368.144382
359.827469 370.778576
479.545907 373.633863
595.303976 376.687444
706.524163 379.822822
813.429876 382.976375
916.065580 386.415507
224.316050 472.327447
352.654455 472.982732
476.618998 473.897806
596.131294 474.928214
710.993395 476.197694
821.297679 477.476663
927.002413 479.002491
212.293492 584.294893
345.251701 582.703211
473.567281 581.455757
597.340092 580.280365
716.016922 579.199013
829.712238 578.358154
938.498106 577.648868
200.138759 704.526225
337.847607 700.475852
471.032746 696.699975
598.956271 692.963397
721.621877 689.342573
838.854055 685.984738
950.875200 682.691157
187.698390 833.632193
330.707111 826.821202
468.681098 819.971622
601.048843 813.376166
727.762760 806.816112
848.608782 800.537083
963.813079 794.365604
1035.528537 464.820559
1136.513752 463.399860
1242.000272 462.248873
1352.262959 461.154245
1466.933811 460.278588
1586.082150 459.492635
1709.774775 458.870166
1046.474156 556.317369
1144.912252 557.144301
1247.508853 558.100125
1354.559819 559.194101
1465.825593 560.334001
1581.372812 561.700354
1701.098390 563.282476
1056.830099 643.082417
1152.633419 645.732719
1252.510370 648.501777
1356.425827 651.442646
1464.441780 654.617923
1576.440051 657.807892
1692.363273 661.258540
1066.452840 725.055052
1159.781669 729.380957
1256.890197 733.883530
1357.917358 738.583717
1462.763677 743.333215
1571.341792 748.229036
1683.570128 753.280515
1075.547285 802.574630
1166.455745 808.451036
1260.983277 814.415740
1359.126867 820.521945
1460.922433 826.845164
1566.166412 833.252674
1674.918229 839.750299
1084.007748 875.996879
1172.615855 883.204351
1264.581805 890.482007
1359.976298 897.909487
1458.789040 905.506189
1560.961297 913.212890
1666.388825 921.048999
1092.053901 945.511620
1178.321746 953.789701
1267.832350 962.223758
1360.648252 970.874096
1456.654003 979.622581
1555.796427 988.426414
1658.105310 997.430893
1057.270800 266.617899
1152.709379 261.208095
1252.120984 255.958182
1355.653819 250.850911
1463.151213 245.845277
1574.628245 241.029297
1689.970594 236.397897
1057.409488 361.350168
1153.018865 358.110072
1252.631745 354.912985
1356.402314 351.899391
1464.170079 348.968299
1575.926551 346.242741
1691.546003 343.743031
1057.394553 456.825770
1153.143678 455.589232
1252.882023 454.536030
1356.786574 453.565724
1464.730016 452.841899
1576.615140 452.153065
1692.507115 451.771393
1057.275916 552.500969
1153.052204 553.345492
1252.818049 554.455500
1356.726779 555.687693
1464.729737 557.025002
1576.687297 558.568478
1692.554339 560.221410
1057.105404 648.276003
1152.774514 651.270542
1252.486481 654.462362
1356.362128 657.777805
1464.243634 661.328847
1576.235243 664.986063
1691.959762 668.844974
1056.690263 743.913234
1152.177042 749.092457
1251.807298 754.406759
1355.485401 759.842276
1463.261525 765.548338
1575.093179 771.318811
1690.716112 777.299468
1056.253392 839.168225
1151.536079 846.365757
1250.899513 853.772844
1354.413819 861.473005
1461.921212 869.251305
1573.412220 877.154189
1688.759548 885.301025
1100.173745 158.964948
1186.566872 152.310729
1276.137203 145.738371
1368.908073 139.306623
1464.793948 132.974446
1563.915738 126.800090
1666.074032 120.781418
1092.209431 229.162810
1180.808800 223.747574
1272.825907 218.340396
1368.233328 213.140637
1467.035419 208.021766
1569.039485 203.105436
1674.359129 198.342817
1083.650507 303.607988
1174.608632 299.485874
1269.169136 295.524949
1367.355756 291.661152
1468.996622 287.972096
1574.210696 284.319432
1682.898578 281.018946
1074.563658 382.331829
1167.923891 379.715350
1265.093044 377.354808
1366.053932 375.023817
1470.796202 372.872064
1579.276605 370.912861
1691.454268 369.084070
1064.876493 465.768713
1160.696589 464.878469
1260.384400 464.269796
1364.450569 463.691380
1472.319216 463.328572
1584.238534 463.089751
1699.976455 463.137298
1054.508650 554.045078
1152.702447 555.174154
1255.390890 556.551355
1362.246263 557.976495
1473.479626 559.664433
1588.930715 561.462741
1708.463514 563.470588
1043.339308 647.456678
1144.199778 650.770728
1249.666881 654.279823
1359.762080 658.083960
1474.270538 662.018390
1593.417741 666.164417
1716.826961 670.450124
1146.113620 260.442117
1235.417685 255.819973
1327.955757 251.305392
1423.815185 246.995892
1522.817400 242.765588
1625.193305 238.679553
1730.615951 234.758896
1139.039813 335.487095
1230.638984 332.247407
1325.735536 329.091230
1424.336671 326.167302
1526.356147 323.287590
1631.736647 320.610066
1740.422416 318.087679
1131.355707 414.912440
1225.427628 413.169369
1323.156370 411.635176
1424.645743 410.208218
1529.640884 408.949096
1638.230673 407.726225
1750.434608 406.877545
1123.212963 498.920634
1219.731658 498.850195
1320.192278 499.105780
1424.526070 499.394620
1532.663484 499.896712
1644.697811 500.608443
1760.436598 501.382507
1114.416996 587.778864
1213.506363 589.637743
1316.621781 591.866594
1424.106809 594.113110
1535.458832 596.622536
1651.081463 599.255660
1770.385456 602.119750
1104.952109 681.609194
1206.493355 685.758765
1312.672515 690.153889
1423.067582 694.643240
1537.911430 699.425820
1657.143280 704.314244
1780.381755 709.366825
1094.751006 780.668960
1198.993745 787.264067
1308.007250 794.067719
1421.805032 801.194202
1539.987797 808.475605
1662.855046 815.908873
1790.157262 823.537869
1149.992945 378.937684
1253.845922 377.278082
1360.375747 375.932233
1469.438558 374.807740
1580.782232 373.895714
1694.240103 373.176028
1809.572305 372.722570
1149.971611 479.756206
1253.870514 479.638459
1360.576685 479.676899
1469.744210 479.952338
1581.163711 480.326409
1694.783098 480.891519
1810.195833 481.657348
1149.686794 580.990571
1253.595156 582.328660
1360.322128 583.809190
1469.491520 585.380683
1580.964740 587.168328
1694.567406 588.885911
1810.098198 590.907768
1149.207872 682.119582
1253.060499 684.882567
1359.627721 687.855666
1468.734677 690.870553
1580.174417 693.891173
1693.649135 696.967284
1809.031899 700.102189
1148.562594 782.976418
1252.185241 787.267391
1358.556089 791.622315
1467.526233 796.000051
1578.748339 800.428602
1692.110414 804.799396
1807.274898 809.156107
1147.663814 883.378104
1251.021202 889.203101
1357.128655 894.988293
1465.772194 900.766370
1576.707128 906.496091
1689.846019 912.135366
1804.804598 917.708413
1146.670700 983.039975
1249.590094 990.295963
1355.344413 997.474399
1463.687185 1004.719714
1574.239315 1011.712271
1686.851082 1018.376448
1801.570734 1025.612732
1077.801553 259.866378
1182.850299 253.589641
1292.638351 247.534424
1407.343857 241.548178
1526.638828 235.781337
1650.499265 230.121229
1778.984907 224.667539
1088.213614 359.355431
1190.671920 355.707757
1297.543299 352.130497
1409.000170 348.667237
1524.819168 345.292515
1645.048135 342.129061
1769.532010 339.196270
1098.037716 454.069856
1197.826393 452.573384
1301.899351 451.161238
1410.165942 449.890445
1522.626031 448.865546
1639.221195 447.841506
1759.883362 447.076283
1107.118674 543.801915
1204.376799 544.259734
1305.570797 544.944890
1410.870484 545.762049
1520.103245 546.616523
1633.182226 547.634231
1750.071883 548.797708
1115.659171 628.861071
1210.399040 631.159121
1308.943420 633.563047
1411.215993 636.090355
1517.311907 638.808877
1626.995719 641.637939
1740.255113 644.557736
1123.501850 709.558775
1215.855525 713.479992
1311.707685 717.431153
1411.165225 721.555506
1514.172018 725.851829
1620.721120 730.204302
1730.533364 734.733681
1130.948643 785.985736
1220.839214 791.213488
1314.158402 796.586611
1410.945452 802.203649
1510.996667 807.892569
1614.341356 813.638030
1720.900002 819.581175
1137.093808 96.021628
1243.143018 89.950383
1352.026783 84.289327
1463.637411 79.036819
1577.623710 74.190813
1693.902709 69.637315
1812.047752 65.674527
1138.755365 199.628825
1244.388824 195.203552
1352.885770 191.035610
1464.038063 187.257868
1577.494227 183.794751
1693.171868 180.713189
1810.762506 177.984841
1140.185214 302.883277
1245.288886 299.945024
1353.314017 297.334186
1463.857614 294.943065
1576.697436 292.943645
1691.708732 291.051573
1808.761749 289.600575
1141.412899 405.193364
1245.880450 403.806144
1353.204509 402.721031
1463.089119 401.817270
1575.250111 401.050192
1689.584617 400.542642
1805.746554 400.247051
1142.489466 506.513117
1246.258274 506.671584
1352.807087 506.953462
1461.862726 507.404424
1573.241495 508.083361
1686.770587 508.854449
1802.058818 509.733051
1143.209624 606.589702
1246.181486 608.216242
1351.910803 609.879848
1460.073658 611.734943
1570.577881 613.711821
1683.225561 615.695337
1797.677065 617.810290
1143.761630 705.110745
1245.857680 708.054102
1350.651826 711.100205
1457.936661 714.344234
1567.481077 717.555245
1679.022470 720.741253
1792.471446 724.057698
