519.545797 455.673508
610.422658 453.669201
706.125582 451.765358
807.201125 449.659818
913.842031 447.578257
1026.795345 445.220615
1146.412690 442.821568
545.770241 549.891420
634.694376 550.447671
728.017557 551.025692
826.429489 551.631560
930.181519 552.236519
1039.827393 552.935241
1155.680544 553.780413
570.636927 638.925422
657.525171 641.533840
748.658038 644.328705
844.522189 647.264191
945.564425 650.482802
1052.051334 653.797273
1164.433700 657.340115
594.066487 722.976178
679.055977 727.541014
768.034978 732.354729
861.644730 737.482225
960.030114 742.801906
1063.496717 748.432398
1172.512546 754.450194
616.291335 802.509899
699.465048 808.854853
786.505768 815.362223
877.823861 822.310638
973.653646 829.627287
1074.251953 837.289441
1180.205424 845.508881
637.280243 877.916738
718.706107 885.842683
803.801127 893.953068
892.975647 902.574978
986.382532 911.564894
1084.401053 921.079771
1187.382329 931.122342
657.304547 949.592050
736.980648 958.782875
820.213499 968.284181
907.358401 978.423383
998.439784 988.992658
1093.941360 999.999147
1194.184443 1011.763733
665.772006 128.769311
746.095102 120.289250
830.028662 111.426205
917.881004 102.209542
1009.817586 92.479894
1106.392384 82.280850
1207.609153 71.679268
646.152878 201.990519
728.011673 194.997158
813.677070 187.599958
903.472173 179.940471
997.696662 171.835232
1096.615689 163.400460
1200.438044 154.590798
625.473871 279.035142
709.036587 273.574038
796.542705 267.930717
888.412036 261.957659
984.881627 255.718553
1086.264940 249.130174
1192.914416 242.378203
603.789915 360.045871
689.084928 356.349230
778.531398 352.610580
872.441982 348.591650
971.276275 344.387169
1075.322494 340.064259
1184.856633 335.440196
580.985805 445.519563
668.053143 443.812374
759.361726 442.156565
855.639042 440.275313
956.824796 438.402466
1063.696307 436.348545
1176.275717 434.375172
556.853804 535.695950
645.636942 536.227820
739.245848 536.937155
837.630523 537.525064
941.516891 538.287538
1051.241400 538.963113
1167.127529 539.774776
531.300663 630.945187
622.152871 634.005261
717.864150 637.251213
818.772154 640.698936
925.261389 644.332167
1038.076889 648.143573
1157.372212 652.204660
850.824208 440.335692
969.116965 442.619898
1081.554841 444.874811
1188.663229 447.071015
1290.755928 449.244057
1388.137374 451.159075
1481.173147 453.071982
839.888694 551.205691
954.544581 550.786448
1063.626912 550.469052
1167.694523 550.107004
1266.996875 549.803560
1361.931813 549.494788
1452.659505 549.238341
829.825875 654.758602
940.869899 651.938993
1046.800291 649.204378
1147.964390 646.663836
1244.724184 644.295670
1337.283265 641.892413
1425.909855 639.730607
820.332235 751.617296
928.157255 746.623726
1030.986790 741.901765
1129.430928 737.471248
1223.734347 733.196303
1314.029788 729.029179
1400.636681 725.116822
811.545941 842.241043
916.164549 835.506471
1016.198655 828.995776
1111.910592 822.854068
1203.936333 816.922040
1292.089361 811.297894
1376.759526 805.789228
803.180880 927.545288
904.894685 919.179462
1002.131787 911.152005
1095.518334 903.461161
1185.212256 896.037321
1271.417184 888.983146
1354.202587 882.192083
795.388240 1007.763370
894.167137 997.935848
988.969318 988.499962
1080.010226 979.540788
1167.572508 970.855250
1251.716469 962.490706
1332.775056 954.533231
802.794508 72.184658
902.275035 81.983519
997.632522 91.284691
1089.231876 100.413619
1177.225522 109.157841
1261.957034 117.508884
1343.403749 125.653794
810.341320 154.527111
912.472402 162.819843
1010.357388 170.750905
1104.208283 178.423565
1194.267811 185.801569
1280.807375 192.949136
1363.936206 199.783632
818.265327 241.814318
923.217273 248.446851
1023.743419 254.773450
1120.017511 260.945627
1212.173062 266.833544
1300.647658 272.434725
1385.607039 277.961095
826.760838 334.538692
934.745383 339.235642
1037.970566 343.750536
1136.616644 348.093711
1231.049591 352.368605
1321.555624 356.408966
1408.417599 360.347609
835.827510 433.212614
946.929453 435.675991
1052.885576 438.207398
1154.190553 440.629986
1251.048414 442.898856
1343.701065 445.163262
1432.384447 447.276665
845.589902 538.386958
959.870371 538.481726
1068.985317 538.711656
1172.924522 538.876881
1272.255413 539.020145
1367.213800 539.163769
1457.993789 539.331029
855.816103 650.760470
973.683311 648.137766
1086.001828 645.569551
1192.869685 643.300853
1294.767348 641.015309
1391.960020 638.870742
1484.905800 636.833997
616.508595 90.763999
715.823534 86.891597
817.042800 82.892325
920.336378 78.851052
1025.682743 74.742738
1133.262272 70.529847
1242.914026 66.303511
608.458442 184.799215
709.160125 181.833745
811.867137 178.729136
916.657699 175.613354
1023.655003 172.407895
1132.829574 169.173670
1244.112468 165.926983
600.200828 281.816488
702.337959 279.705407
806.520884 277.590733
912.900254 275.405682
1021.556321 273.176363
1132.375541 270.881961
1245.476298 268.694202
591.759812 381.690972
695.389556 380.505836
801.069417 379.413369
909.009221 378.252024
1019.286388 377.054698
1131.847235 375.929143
1246.751193 374.754370
583.070777 484.687908
688.203720 484.535658
795.391460 484.527210
905.028343 484.405725
1016.980832 484.302754
1131.352363 484.262235
1248.046502 484.299208
574.049340 590.904847
680.637263 591.920013
789.610518 593.029045
900.828021 594.066215
1014.587849 595.160526
1130.795734 596.299378
1249.438761 597.553105
564.730173 700.488608
673.009827 702.665349
783.553905 704.938016
896.613248 707.318512
1012.101212 709.654330
1130.245596 712.081233
1250.918235 714.654113
695.377325 368.862393
816.282431 370.253220
935.451269 371.644501
1053.135267 372.982441
1169.059323 374.451758
1283.416947 375.778467
1396.102131 377.152965
697.674430 485.903636
816.391560 486.480742
933.385917 487.085608
1048.900594 487.601546
1162.697515 488.199272
1275.074110 488.738961
1385.739721 489.395737
700.027846 598.780214
816.436490 598.541676
931.380347 598.297211
1044.791331 598.052956
1156.638408 597.952498
1267.021420 597.726521
1375.824732 597.631314
702.177355 707.533229
816.558911 706.530996
929.394178 705.611956
1040.820637 704.700320
1150.727081 703.845059
1259.171516 702.961421
1366.189410 702.119808
704.349602 812.387416
816.698186 810.752755
927.572430 809.144472
1036.938984 807.589857
1145.019106 806.058677
1251.628014 804.603518
1356.840172 803.100247
706.381886 913.715189
816.783867 911.483350
925.683857 909.230834
1033.215989 907.062703
1139.439131 904.895200
1244.348829 902.802674
1347.894826 900.732684
708.371886 1011.520262
816.831274 1008.629788
923.971430 1005.802804
1029.661598 1003.137542
1134.129268 1000.405753
1237.264138 997.710909
1339.177212 995.199809
220.656773 442.375853
353.968188 444.723469
480.692401 446.922964
601.498992 449.101467
716.641184 451.158029
826.568860 453.003653
931.663573 454.808822
231.377257 552.570545
360.098373 552.218071
482.536454 551.938718
599.406094 551.556095
710.974153 551.188899
817.702159 550.806488
919.821430 550.495966
241.664836 655.545374
365.796552 652.800978
484.232193 650.132044
597.440336 647.591737
705.747332 645.192039
809.367682 642.771407
908.728689 640.557757
251.102831 751.918388
371.228321 747.038535
485.805059 742.341473
595.605716 737.911184
700.782568 733.653870
801.485213 729.526761
898.215246 725.619424
260.071339 842.145198
376.221304 835.530729
487.424963 829.088742
593.844199 822.976368
696.120741 817.042269
794.069780 811.416524
888.256328 805.953270
268.512980 927.170143
381.035933 918.900383
488.798830 910.906336
592.329415 903.284790
691.649121 895.860891
787.136009 888.806416
878.932716 882.061523
276.386804 1007.141507
385.400454 997.427023
490.159518 988.009849
590.763257 979.097105
687.468602 970.408111
780.424015 962.081019
870.014856 954.182413
242.581550 205.757578
367.075049 213.711321
485.830324 221.222023
599.365319 228.556915
707.931652 235.495287
811.908148 242.079998
911.533601 248.455756
242.504955 319.927491
366.967268 325.207234
485.679027 330.276560
599.130914 335.040770
707.666857 339.665483
811.557646 344.019562
911.061641 348.306493
242.601363 433.970794
366.865063 436.601113
485.516429 439.036395
598.967423 441.468619
707.356281 443.756705
811.162417 445.854789
910.655575 447.999909
242.529182 547.942059
366.889288 547.874721
485.373557 547.767981
598.719162 547.729303
707.023833 547.760215
810.735235 547.630748
910.199521 547.655577
242.621792 661.614450
366.771778 658.910769
485.151206 656.315332
598.344654 653.913690
706.700918 651.549770
810.299156 649.327452
909.661427 647.154474
242.750824 775.244251
366.663224 769.914338
484.990240 764.825420
598.151716 759.968478
706.388998 755.245728
809.991638 750.828022
909.289686 746.567199
242.886856 888.636595
366.573508 880.702983
484.940608 873.017703
597.946708 865.822346
706.083440 858.799398
809.539548 852.140853
908.789695 845.805646
271.111267 99.724867
384.815152 109.388970
493.697403 118.498255
598.137307 127.430345
698.392494 135.927700
794.678840 144.098804
887.227282 151.913145
264.896382 191.830154
381.255652 199.628401
492.582501 207.101968
599.208583 214.287657
701.503672 221.166583
799.604128 227.780850
893.837409 234.116208
258.357374 288.196010
377.467800 294.032160
491.297088 299.612276
600.349980 304.975911
704.759102 310.071343
804.854350 314.903290
900.888617 319.690571
251.480894 389.110986
373.620818 392.746480
490.102153 396.201655
601.487238 399.511843
708.098104 402.766458
810.244915 405.807456
908.219784 408.787112
244.372032 494.910019
369.442509 496.133559
488.649912 497.373155
602.625380 498.514200
711.581360 499.599704
815.831791 500.683200
915.736088 501.691970
236.931742 605.972553
365.019223 604.601750
487.286559 603.331545
603.867370 602.075790
715.246240 600.868052
821.782470 599.727605
923.726779 598.671025
228.954537 722.647334
360.451399 718.439191
485.810357 714.267890
605.185507 710.455559
719.118594 706.740550
827.803040 703.254913
931.878972 699.893606
28.886566 93.864577
160.832586 97.608025
290.928878 101.058236
419.360609 104.529630
545.804696 107.922346
670.476997 111.120428
793.319572 114.371133
43.488967 222.226870
173.710183 225.124960
301.307819 227.622949
427.113805 230.093524
551.106783 232.458808
673.384152 234.793734
793.852904 237.214087
59.611559 346.267230
186.129913 347.869760
311.230636 349.399165
434.677852 350.947902
556.313799 352.453158
676.235645 353.858286
794.420570 355.313370
73.631965 465.413017
198.140095 465.932275
320.761283 466.614607
441.858960 467.349455
561.262980 467.997086
678.930705 468.583618
795.030884 469.246643
87.634098 579.771809
209.670919 579.740286
330.087537 579.611538
448.793509 579.521168
566.019982 579.367734
681.512246 579.281497
795.477855 579.170159
101.125324 690.250895
220.826180 689.412728
339.001258 688.555176
455.556640 687.756249
570.589363 686.832163
684.142267 686.000030
796.034395 685.244620
114.120766 796.679166
231.616019 795.123461
347.617083 793.538503
462.070485 792.098460
575.059961 790.533521
686.505188 788.998057
796.553963 787.647747
136.368201 208.087433
284.297409 217.047898
424.286805 225.451369
557.220339 233.489531
683.385400 241.174757
803.300404 248.315830
917.519489 255.160017
151.236245 337.219939
293.551115 342.483351
428.437903 347.538682
556.548382 352.172185
678.434467 356.610975
794.560456 360.779424
905.239024 364.815853
165.369136 457.133669
302.129495 459.174372
432.189509 461.014275
555.952484 462.805162
673.877106 464.527065
786.394564 466.051628
893.766020 467.547148
178.335877 568.719308
310.241243 567.893543
435.606724 567.072691
555.352392 566.338316
669.578916 565.621295
778.637265 564.789762
882.991430 564.190257
190.477607 672.600321
317.723496 669.437562
439.028258 666.242401
554.698160 663.300506
665.568469 660.414785
771.332469 657.735003
872.786563 655.084252
201.941807 769.903812
324.831887 764.554032
442.052962 759.370802
554.282825 754.447260
661.699359 749.637217
764.625465 745.155806
863.279761 740.864413
212.701359 860.978357
331.354142 853.742947
445.011933 846.755314
553.797647 840.181121
658.140011 833.749773
758.119668 827.590339
854.214465 821.802476
117.086431 278.431496
241.447987 280.694851
363.870766 282.843206
484.737457 285.105709
603.964306 287.233941
721.645381 289.322205
837.648975 291.434932
110.594510 395.015164
236.079262 396.430211
359.603413 397.878671
481.483984 399.323353
601.764342 400.686090
720.325567 402.037063
837.197164 403.368722
104.166595 513.617310
230.584793 514.213491
355.207475 514.861230
478.232078 515.462884
599.429171 516.017138
718.908053 516.502197
836.752601 517.112691
97.465341 634.251708
225.211253 633.931809
350.896786 633.679529
474.822240 633.453510
597.016462 633.166391
717.480902 632.895661
836.313505 632.705683
90.758264 756.830587
219.554682 755.611607
346.336857 754.560300
471.348016 753.421188
594.576222 752.246382
716.058357 751.196008
835.748830 750.169856
84.110769 881.598463
213.878441 879.391288
341.794871 877.460748
467.841642 875.459162
592.152358 873.409882
714.645862 871.431056
835.361002 869.522952
77.095217 1008.402005
208.089302 1005.222531
337.217627 1002.268149
464.363454 999.511243
589.631510 996.552554
713.125038 993.587107
834.855511 990.845740
242.393613 169.107854
363.803557 177.751875
479.671582 185.831606
590.534382 193.797328
696.671003 201.323266
798.501605 208.515430
896.155791 215.399023
232.785980 262.606471
358.107798 269.232950
477.706621 275.579724
591.909277 281.667084
701.196241 287.516476
805.745535 293.060327
905.899950 298.353012
222.421381 362.151656
352.032709 366.663593
475.498623 370.908363
593.438158 375.020408
705.881824 378.903612
813.392730 382.521658
916.316342 386.142512
211.320003 468.676721
345.689986 470.605032
473.352968 472.439740
594.901651 474.178032
710.808313 475.958087
821.481091 477.533217
927.306251 479.136711
199.503383 582.741687
338.684632 581.716061
470.727923 580.905575
596.461641 580.066746
716.094532 579.220725
830.076272 578.503262
938.854615 577.812344
186.887468 705.117214
331.203168 700.805683
468.283142 696.883118
598.187768 693.063398
721.763089 689.410778
839.284485 686.021832
951.331637 682.754556
173.181497 836.789939
323.272721 828.779764
465.546290 821.085033
600.073790 813.911910
727.756263 807.020237
849.022337 800.580407
964.415908 794.461217
1036.145278 464.776015
1137.664280 463.110189
1244.410384 461.558145
1356.984729 459.843207
1475.474859 458.098918
1600.644029 456.196514
1733.095973 454.128748
1046.977193 556.427915
1145.899272 557.204844
1249.646855 558.007274
1358.838088 558.844227
1473.649285 559.618624
1594.767891 560.544397
1722.606663 561.600583
1057.329285 643.200452
1153.634271 645.925090
1254.644844 648.794446
1360.588435 651.810171
1472.025276 655.069360
1589.289902 658.390601
1712.889641 662.036665
1067.054640 725.184554
1160.943757 729.711664
1259.233909 734.546356
1362.300001 739.619453
1470.452320 744.835716
1584.097029 750.389466
1703.632460 756.215601
1076.341712 802.845219
1167.901718 809.063306
1263.663031 815.561862
1363.913387 822.303334
1469.010724 829.481480
1579.263283 836.963893
1695.038590 844.803485
1085.072733 876.622973
1174.456905 884.295382
1267.812852 892.278216
1365.388730 900.586588
1467.527921 909.389009
1574.611368 918.592003
1686.878731 928.242455
1093.412572 946.692641
1180.636940 955.577938
1271.705573 964.902529
1366.836651 974.695492
1466.164443 984.932978
1570.214333 995.579604
1679.281818 1006.867455
1058.571955 264.439439
1155.113076 258.321065
1256.302346 252.032098
1362.663088 245.469436
1474.413259 238.489982
1592.127517 231.201950
1716.203374 223.478422
1058.303609 360.563329
1154.743701 356.863295
1255.837173 352.942124
1362.102756 348.900181
1473.739566 344.549419
1591.333511 340.082015
1715.204346 335.414867
1058.029182 456.707081
1154.392189 455.215692
1255.434837 453.743128
1361.566361 452.145715
1473.167885 450.564097
1590.594078 448.792083
1714.434042 447.065994
1057.754404 552.613681
1154.046941 553.402139
1254.996108 554.357991
1361.007128 555.330127
1472.493296 556.297471
1589.772465 557.427990
1713.372579 558.492367
1057.591418 648.385584
1153.760791 651.458497
1254.566157 654.786022
1360.508598 658.206940
1471.801822 661.875082
1589.055972 665.699971
1712.431766 669.801730
1057.312516 744.049989
1153.333528 749.461763
1254.150064 755.153807
1359.896673 761.038280
1471.091060 767.366893
1588.221439 773.949789
1711.483448 780.934096
1057.078552 839.501828
1152.989363 847.115239
1253.652053 855.153678
1359.426978 863.675256
1470.436882 872.564970
1587.383122 881.906187
1710.600039 891.889693
1102.571526 153.827467
1190.536897 146.079467
1282.337173 138.075183
1378.316252 129.823340
1478.599012 121.124788
1583.728461 112.023616
1693.836552 102.482216
1094.026212 226.026903
1183.934206 219.790620
1277.893387 213.214125
1376.214237 206.441419
1479.176769 199.270272
1587.009663 191.873700
1700.209073 184.063052
1084.973586 301.988701
1176.974346 297.241437
1273.287600 292.363329
1374.063848 287.234501
1479.708478 281.891147
1590.640418 276.186975
1707.246491 270.378528
1075.437907 381.721980
1169.668382 378.658182
1268.363017 375.636674
1371.744578 372.383873
1480.311687 368.982513
1594.393205 365.489245
1714.534715 361.714383
1065.502683 465.689193
1161.986434 464.553989
1263.011861 463.557687
1369.339676 462.379802
1480.937652 461.187559
1598.500306 459.932437
1722.268182 458.689542
1054.996124 554.163588
1153.714171 555.223843
1257.623709 556.459318
1366.626701 557.622613
1481.566261 558.970520
1602.708078 560.315323
1730.499526 561.786940
1043.812125 647.541987
1145.120942 650.943979
1251.723522 654.602851
1364.027484 658.515021
1482.227451 662.591915
1607.238491 666.943420
1739.338987 671.532072
1148.381827 257.658145
1239.224945 252.099477
1334.012192 246.374202
1433.276155 240.433147
1537.059077 234.177413
1646.071059 227.615552
1760.376035 220.704233
1140.681211 334.033920
1233.611493 330.127531
1330.759748 326.021309
1432.553675 321.802338
1539.233642 317.289738
1651.188874 312.649601
1768.847156 307.728339
1132.508647 414.362989
1227.726680 412.133784
1327.369678 409.931904
1431.840161 407.575249
1541.461175 405.151189
1656.629980 402.482639
1777.956876 399.861022
1124.031826 498.859426
1221.560496 498.540929
1323.782025 498.408794
1431.025181 498.139191
1543.724489 497.936914
1662.391827 497.784408
1787.481869 497.467752
1115.079904 587.889957
1215.073536 589.705470
1319.841442 591.870098
1430.221022 593.952704
1546.165310 596.271603
1668.640811 598.658316
1797.640587 601.251837
1105.645995 681.781467
1208.034406 686.095067
1315.869574 690.733488
1429.178941 695.466949
1548.743465 700.665780
1675.104224 706.054565
1808.520881 711.708356
1095.588911 780.940370
1200.711358 787.930918
1311.483135 795.339450
1428.361231 803.198471
1551.478005 811.522736
1681.936352 820.287766
1820.070122 829.573968
1151.610470 377.932073
1256.983679 375.590555
1365.943651 373.317431
1478.961034 370.925147
1596.045069 368.488553
1717.582601 365.890312
1843.774731 363.244028
1151.156957 479.507364
1256.379404 479.050896
1365.330138 478.539720
1478.181973 478.064381
1595.074555 477.532545
1716.470403 477.012675
1842.595957 476.570438
1150.662726 581.077255
1255.754372 582.337397
1364.647067 583.658644
1477.317735 584.996715
1594.162934 586.511825
1715.387782 587.888700
1841.493262 589.539937
1150.219180 682.347421
1255.263223 685.326644
1363.924120 688.514119
1476.499091 691.765709
1593.244045 695.130382
1714.265655 698.639127
1839.949927 702.224187
1149.790791 783.446238
1254.667130 788.182815
1363.218748 793.145131
1475.686386 798.252386
1592.270023 803.645616
1713.246579 809.153323
1838.698760 814.914831
1149.307086 884.367163
1254.042266 890.894631
1362.541108 897.641920
1474.806500 904.659798
1591.226037 911.988501
1712.103673 919.512740
1837.437739 927.308959
1148.856098 985.008223
1253.427360 993.229990
1361.788684 1001.756289
1474.034911 1010.759746
1590.142641 1019.763534
1710.837263 1029.378960
1836.354238 1039.710887
1079.403840 257.457788
1185.842773 250.276100
1297.930367 242.909396
1416.419221 235.039279
1541.469772 226.784645
1673.750689 217.963037
1814.135888 208.578954
1089.366224 358.433248
1192.926873 354.210770
1301.746559 349.733713
1416.473764 344.984540
1537.391182 339.906948
1665.191753 334.632077
1800.424393 329.045542
1098.889909 453.870785
1199.622966 452.019499
1305.437718 450.087217
1416.571302 448.026207
1533.732736 445.980922
1657.232431 443.681569
1787.742377 441.331729
1107.802454 543.875696
1205.910784 544.212248
1308.737457 544.669137
1416.743244 545.138092
1530.322264 545.506473
1649.767380 545.979239
1775.792989 546.424033
1116.358967 629.021919
1211.923542 631.380042
1312.010816 633.835133
1416.867732 636.368290
1527.102134 639.101427
1642.847098 641.960727
1764.677866 644.923444
1124.347972 709.780795
1217.559114 713.931846
1314.969592 718.175965
1416.940812 722.623750
1523.910496 727.386137
1636.270996 732.311761
1754.190062 737.519300
1131.977077 786.374974
1222.808404 791.994276
1317.750633 797.890315
1417.070228 804.130659
1520.999199 810.654212
1630.020904 817.438909
1744.424896 824.641914
1140.805506 88.100520
1249.464779 80.335031
1362.076451 72.540640
1479.139394 64.385304
1600.119268 55.867921
1726.201711 47.070103
1857.298869 37.232995
1141.500694 195.295866
1249.202490 189.663350
1360.788391 183.782553
1476.638109 177.723615
1596.643695 171.404938
1721.353414 164.886712
1850.748461 158.082465
1142.164003 300.885505
1248.971980 297.064390
1359.649591 293.194779
1474.312845 289.106872
1593.181416 285.034539
1716.625159 280.594492
1845.059693 276.177706
1142.795378 404.500927
1248.714684 402.540625
1358.375132 400.633873
1471.999274 398.617459
1589.788173 396.470243
1712.025891 394.285829
1838.907704 391.973998
1143.537969 506.430991
1248.552544 506.295043
1357.222796 506.173858
1469.770939 506.023298
1586.478896 505.988107
1707.553122 505.820561
1833.192341 505.665903
1144.138497 606.753561
1248.233894 608.366153
1356.010664 609.968109
1467.498021 611.697932
1583.099557 613.573774
1703.057141 615.403981
1827.541993 617.345361
1144.780894 705.346285
1247.991480 708.542090
1354.786320 711.908655
1465.389151 715.486011
1579.898450 719.176182
1698.603019 722.885173
1821.906588 726.892674
