508.076861 403.879662
586.344359 399.355670
670.218013 394.681566
760.274299 389.786918
857.072031 384.770877
961.125632 379.589025
1072.928417 374.332176
529.230811 497.795475
606.740091 496.567305
689.632521 495.355757
778.477365 494.150608
873.822753 492.915593
976.162378 491.770039
1085.891843 490.682637
549.945736 588.491362
626.574474 590.273859
708.448276 592.134997
796.097775 594.213533
889.940608 596.599735
990.466277 599.005202
1098.040676 601.796630
570.023951 675.669436
645.857082 680.163693
726.695721 685.048787
813.020890 690.323027
905.384912 695.760114
1004.062118 701.485203
1109.371724 707.675876
589.583324 759.605671
664.567329 766.618627
744.404429 774.107674
829.406552 781.977186
920.174629 790.333137
1016.941862 799.121644
1120.061101 808.388098
608.527043 840.285741
682.544958 849.644013
761.277611 859.488613
844.997306 869.787648
934.202821 880.690490
1029.121560 892.084349
1130.042622 904.075201
626.834944 917.774652
699.973286 929.093992
777.556979 941.018768
860.031683 953.604692
947.615922 966.786906
1040.678684 980.579872
1139.428928 995.013790
635.138965 165.642659
708.531082 155.032715
786.432310 144.055825
869.211483 132.727351
957.108154 120.967767
1050.609482 108.819389
1149.757768 96.458736
616.711152 243.234472
691.081083 234.676305
770.110776 225.843180
854.151606 216.669999
943.777484 207.180477
1039.035542 197.513564
1140.439556 187.534961
597.731965 324.373344
672.956023 318.097857
753.080118 311.531916
838.537642 304.851945
929.642536 297.990456
1026.787152 290.853491
1130.396065 283.751535
578.236927 408.807109
654.297868 405.067350
735.463160 401.205463
822.165117 397.332479
914.867091 393.292838
1013.923850 389.217688
1119.683314 385.157672
558.189484 496.947117
635.090289 495.945099
717.145475 495.149086
805.206779 494.173151
899.378941 493.445244
1000.256819 492.641887
1108.141520 492.137149
537.512646 588.588207
615.083870 590.671950
698.332634 593.103898
787.472584 595.562402
883.142190 598.410677
985.724280 601.329897
1095.869376 604.589859
516.272453 683.889166
594.778421 689.251003
679.059782 695.052536
769.285556 701.363872
866.296995 708.004639
970.655066 715.113191
1082.605804 722.582607
916.281046 308.358167
1026.078106 315.953540
1128.548934 323.406110
1224.103903 330.650316
1313.426503 337.658243
1396.787246 344.353842
1474.664804 350.832331
906.722966 427.381667
1015.296307 430.847635
1116.717063 434.443990
1211.452259 438.002978
1299.990553 441.448203
1382.855116 444.765143
1460.143342 448.031882
897.509093 543.004015
1004.706382 542.756831
1104.972981 542.672518
1198.821978 542.625353
1286.564004 542.752653
1368.733523 542.723260
1445.575670 542.983017
888.534654 655.149376
994.333675 651.301065
1093.314392 647.778459
1186.202508 644.435521
1273.174647 641.299498
1354.593251 638.375277
1430.996750 635.699529
879.974767 763.383953
984.201471 756.348781
1081.965956 749.601376
1173.682365 743.260431
1259.818071 737.110370
1340.528612 731.435225
1416.355394 725.960385
871.712007 867.898414
974.368965 857.812458
1070.784975 848.167131
1161.444505 838.940544
1246.600086 830.116874
1326.686170 821.735568
1401.917390 813.792772
863.724094 968.504151
964.701191 955.598299
1059.883395 943.172699
1149.402516 931.514129
1233.632557 920.161481
1312.831570 909.313397
1387.488137 899.053075
858.237010 93.490187
956.036478 106.252243
1048.369970 118.578645
1135.405333 130.683302
1217.484140 142.368140
1294.910858 153.655871
1367.971065 164.648658
868.416245 184.290415
968.398705 194.619169
1062.571522 204.824031
1151.269265 214.806814
1234.707359 224.418214
1313.228645 233.746753
1387.117803 242.731375
879.121784 280.124484
981.333124 287.949434
1077.365744 295.666433
1167.686733 303.223421
1252.417227 310.610647
1332.023731 317.531181
1406.918090 324.413739
890.373489 381.435261
994.863675 386.332254
1092.759097 391.224988
1184.588572 396.052497
1270.662232 400.722262
1351.349389 405.284233
1427.141939 409.704351
902.364003 488.297459
1008.923180 489.971718
1108.626008 491.737684
1202.032907 493.516916
1289.410789 495.210481
1371.176375 496.991483
1447.729543 498.705962
914.853827 600.942400
1023.576401 598.898609
1125.220946 597.209515
1220.052202 595.587165
1308.664499 594.065857
1391.543117 592.720615
1468.972279 591.521265
928.036497 719.259814
1038.751569 713.248114
1142.235575 707.494280
1238.558440 702.308550
1328.456331 697.194543
1412.191723 692.499635
1490.496096 688.106899
689.426736 77.015618
796.005595 79.417465
901.552998 82.297863
1005.841879 85.644169
1108.663035 89.391991
1209.688845 93.612410
1308.810679 98.199286
685.769023 172.394700
794.467896 174.250979
902.097623 176.613468
1008.429012 179.422334
1113.191726 182.571738
1216.128299 186.149244
1316.930558 190.036235
682.148720 271.896329
792.922250 273.273284
902.576427 275.055686
1011.063961 277.245459
1117.701769 279.821338
1222.439861 282.540068
1325.060552 285.729514
678.512512 375.539831
791.352896 376.376642
903.139460 377.584210
1013.559465 379.134596
1122.210688 380.931849
1228.746762 382.964560
1333.167889 385.178014
675.062249 483.400072
789.921414 483.746089
903.657824 484.377868
1016.089397 485.150435
1126.653642 486.123500
1235.015403 487.219944
1341.043566 488.489069
671.692571 595.352202
788.436373 595.174971
904.274304 595.203426
1018.604454 595.224259
1130.990376 595.271870
1241.219410 595.354073
1348.957097 595.571108
668.439978 711.319743
787.132869 710.540288
904.904946 709.768997
1021.069903 709.012477
1135.282621 708.103957
1247.110597 707.148841
1356.534056 706.174639
589.846985 379.919861
698.756918 377.875110
810.559665 376.032671
925.191130 374.438035
1042.334056 373.172419
1161.539595 372.260424
1282.409276 371.548547
598.192050 489.438385
705.468925 488.809069
815.633599 488.399059
928.454576 488.139098
1043.669856 487.967704
1161.005125 488.030639
1279.815799 488.286081
606.624434 595.758532
712.263908 596.499096
820.561282 597.260717
931.628817 598.215075
1044.881435 599.148789
1160.130831 600.081710
1276.900019 601.212264
615.003509 698.583414
719.022348 700.508662
825.462312 702.573472
934.572729 704.596820
1045.870064 706.523241
1158.982475 708.391307
1273.680408 710.297162
623.359603 797.963456
725.698502 800.985525
830.415110 804.066427
937.476132 807.006076
1046.711288 809.918713
1157.694218 812.748662
1270.200341 815.424409
631.576879 893.885821
732.130272 897.942476
835.042241 901.956004
940.193354 905.820688
1047.377409 909.560802
1156.314609 913.170433
1266.657402 916.511477
639.644487 986.253428
738.463664 991.156374
839.566279 995.960219
942.854784 1000.755783
1047.966535 1005.262852
1154.731173 1009.569155
1262.947300 1013.647938
305.919709 380.316582
432.965793 384.004286
553.522801 387.757722
667.494336 391.595910
775.329632 395.457564
877.189004 399.275585
973.382058 403.065765
306.721919 494.889801
430.825299 495.280311
548.646049 495.914147
660.306990 496.696104
766.014740 497.513439
866.190481 498.357120
960.679329 499.360433
308.036081 604.182264
429.196956 601.678840
544.316571 599.394621
653.774871 597.246961
757.341021 595.345676
855.525615 593.470144
948.464776 591.877452
309.731273 708.439749
427.998215 703.177226
540.475882 698.247668
647.567395 693.549544
749.105511 689.109924
845.379592 684.847061
936.710290 680.841844
311.883207 807.568005
427.153114 799.983931
537.187539 792.605393
641.842563 785.575817
741.375019 778.771139
835.731653 772.403431
925.371887 766.118495
314.193138 901.990605
426.762583 892.258386
534.130618 882.757423
636.556760 873.563014
733.962932 864.659439
826.623748 856.110180
914.567304 847.889689
316.839588 991.565536
426.544117 979.936558
531.468982 968.462297
631.598263 957.480941
726.977756 946.682250
817.706906 936.275417
904.139371 926.272602
319.515777 166.182873
435.709749 175.340153
546.470871 184.453793
651.807512 193.552352
751.967726 202.512369
846.970435 211.330204
937.120533 219.968967
316.604441 272.227171
434.177296 278.639639
546.097720 285.193170
652.551287 291.774089
753.620643 298.179208
849.514977 304.538209
940.370912 310.839598
314.221062 380.763305
433.019021 384.478255
546.008985 388.293812
653.522704 392.173469
755.380336 396.015793
852.015409 399.727292
943.653124 403.582715
312.295090 491.869052
432.251176 492.561810
546.295514 493.519923
654.618989 494.596226
757.321528 495.714805
854.675468 496.844730
946.968217 498.125105
311.050297 604.998705
431.905033 602.742223
546.831594 600.729010
656.027864 598.877207
759.418543 597.134394
857.410066 595.660287
950.241647 594.188344
310.199300 720.159198
432.008342 714.775352
547.817716 709.695842
657.762267 704.834956
761.773538 700.231496
860.333442 695.859509
953.623527 691.647699
309.973574 836.853531
432.463434 828.330296
549.111374 819.923839
659.615742 812.107959
764.374329 804.423233
863.199961 797.145864
956.915935 790.141671
327.081107 107.697311
436.447652 117.711725
540.977266 127.651574
640.722082 137.589854
735.840709 147.416675
826.376065 157.067500
912.533362 166.515770
323.524281 197.433422
435.685105 205.376370
542.779837 213.444533
644.867859 221.509255
742.072253 229.367453
834.489966 237.174143
922.249962 244.862621
320.141482 292.045072
435.215381 297.853257
544.864693 303.747850
649.448233 309.643529
748.632544 315.494643
842.853141 321.116204
932.396241 326.894823
317.017636 391.869409
435.072181 395.207924
547.435869 398.665291
654.246907 402.181362
755.578069 405.701055
851.718502 409.210551
942.952194 412.746235
314.365783 497.091077
435.281571 497.703682
550.239881 498.536387
659.498504 499.412213
762.947122 500.378871
861.003901 501.423435
953.824845 502.485335
311.973644 607.868666
435.856944 605.401392
553.694575 603.284914
665.299470 601.323963
770.856016 599.428633
870.835914 597.786328
965.323476 596.242158
310.064581 724.229645
436.919288 718.490949
557.552278 712.940823
671.546080 707.886222
779.294484 702.974538
880.955416 698.311703
977.099890 693.872999
122.954115 48.395035
249.584187 52.599330
374.620646 57.140727
497.496237 62.311835
618.048916 67.907820
735.755424 74.014291
850.411782 80.540179
124.281497 169.826638
250.414423 172.551726
374.819808 175.842156
497.110420 179.629420
617.077508 183.761772
734.350597 188.269046
848.432144 193.157939
126.571832 290.105550
251.943092 291.799806
375.496564 293.797800
497.269950 296.196263
616.520997 298.932072
733.012280 301.786780
846.510935 305.057213
129.554524 409.306843
254.125721 409.778156
376.928205 410.589452
497.696407 411.650222
616.205110 412.935287
731.844216 414.330005
844.666551 416.033503
133.483503 526.983771
256.983576 526.398027
378.778746 526.025553
498.645451 525.756962
616.184265 525.602865
730.897309 525.679067
842.856051 525.812837
137.982162 642.947564
260.396759 641.298318
381.162434 639.750241
499.967885 638.215274
616.481947 636.720681
730.346335 635.289139
841.227271 633.952812
143.134644 756.713032
264.405472 753.990387
384.063981 751.187928
501.692927 748.575082
617.101463 745.733169
729.796127 742.973494
839.655228 740.307533
158.200584 221.044504
297.379835 226.459771
431.710671 232.157686
560.982155 238.182279
685.186638 244.459686
803.927720 250.813552
917.340826 257.228569
169.633065 345.248697
304.056721 348.027475
433.970208 351.196180
559.163391 354.562496
679.452034 358.098689
794.854559 361.638061
905.062160 365.411978
181.070271 461.652964
310.969621 462.257522
436.530380 463.027965
557.856421 463.948072
674.408533 465.086273
786.313926 466.185250
893.517003 467.557500
192.428898 570.751889
317.937061 569.217323
439.339889 567.950756
556.773243 566.805486
669.852081 565.780627
778.411177 564.808734
882.660422 564.111405
203.630469 672.742426
324.908870 669.539393
442.471089 666.340771
556.088431 663.342904
665.792039 660.395434
771.071100 657.747042
872.429071 655.109487
214.611473 768.347604
331.884247 763.566351
445.580399 758.808452
555.714524 754.148126
662.037421 749.595819
764.485427 745.229167
862.861741 740.948824
225.253525 857.760948
338.651507 851.576754
448.793848 845.360322
555.559525 839.396544
658.685667 833.397757
758.074407 827.508262
853.830384 821.803987
138.640826 288.827080
255.382859 288.634453
372.381343 288.719461
489.488220 289.252302
606.400238 290.098044
722.642907 291.284217
837.809730 292.842410
130.544135 401.689462
248.496221 401.325610
366.740720 401.252319
485.106988 401.564352
603.305055 401.976277
720.701802 402.660569
837.050611 403.599417
123.096468 517.211959
242.140198 516.782424
361.448779 516.516245
481.142284 516.441958
600.396393 516.487202
718.834061 516.554272
836.409355 516.989581
116.227146 635.043763
236.416671 634.503430
356.876277 633.999709
477.447149 633.593046
597.806188 633.159823
717.352547 632.760890
835.856887 632.555898
110.174691 754.836654
231.139541 754.168273
352.529876 753.614551
474.166112 752.791464
595.443768 751.943243
716.005973 751.029294
835.329641 750.149931
104.610979 876.456703
226.463750 875.664730
348.775388 874.928730
471.212820 873.817309
593.379352 872.471095
714.830267 870.883580
835.019198 869.170979
100.116325 999.063330
222.268215 998.625751
345.773957 997.260165
468.823938 996.087016
591.657212 994.224519
713.656036 992.063564
834.568056 989.567896
258.807883 180.986857
374.162575 186.734492
486.012240 192.651307
594.221477 198.883944
698.730768 205.179742
799.407369 211.590142
896.231003 218.081975
247.652394 271.225953
367.065413 275.419000
482.813656 279.956616
594.621983 284.745765
702.506214 289.541078
806.246128 294.450945
905.862871 299.474154
236.190566 368.065147
359.915185 370.664152
479.572181 373.509965
595.365473 376.569426
706.572714 379.755350
813.458406 382.866392
916.131939 386.310687
224.390874 472.213152
352.698106 472.887413
476.666282 473.763538
596.203125 474.862929
711.093663 476.092920
821.331589 477.379705
927.069981 478.887193
212.477956 584.153569
345.351918 582.580848
473.624330 581.347910
597.437781 580.171522
716.084625 579.146480
829.777355 578.261688
938.566461 577.516842
200.167671 704.435072
337.970065 700.323746
471.102690 696.584759
599.048428 692.868698
721.701025 689.233467
838.880288 685.883685
950.949885 682.588468
187.705408 833.551941
330.754808 826.678910
468.799109 819.849923
601.077330 813.294531
727.885152 806.687938
848.647038 800.396751
963.921878 794.215290
996.328331 412.197748
1088.885950 408.906082
1186.861429 405.696029
1290.719621 402.357455
1400.594015 399.200119
1516.657149 395.949768
1639.153206 392.794728
1008.130119 504.369298
1099.235769 503.877315
1195.554747 503.549097
1297.467119 503.204931
1405.140837 503.056049
1518.826676 503.043181
1638.581710 503.119613
1019.440113 593.416177
1108.991475 595.476118
1203.623916 597.614151
1303.621586 600.015021
1409.100143 602.701252
1520.351059 605.430354
1637.436271 608.533536
1030.203346 678.887164
1118.203006 683.254045
1211.109787 687.930788
1309.202659 692.861691
1412.566335 698.008536
1521.349410 703.472244
1635.729449 709.224285
1040.486552 761.060899
1127.014603 767.650112
1218.240408 774.534488
1314.332401 781.628715
1415.518321 789.210655
1521.867103 797.086871
1633.540493 805.347489
1050.303117 839.986854
1135.241060 848.586250
1224.715755 857.526936
1318.897004 866.770040
1417.954693 876.432309
1521.981047 886.427532
1630.999795 896.855113
1059.676565 915.793057
1143.132341 926.122369
1230.856313 936.877427
1323.194621 948.102833
1420.052337 959.696671
1521.714458 971.678788
1628.183318 984.072316
1037.965024 238.382415
1125.349723 230.768722
1217.473160 223.023515
1314.661373 215.169519
1416.945599 207.244662
1524.539691 199.253904
1637.645275 191.244656
1034.533334 326.246314
1122.593960 321.050913
1215.503211 315.751008
1313.500740 310.417024
1416.789139 305.059841
1525.478014 299.748100
1639.679359 294.439746
1030.988043 416.001143
1119.620657 413.218624
1213.195412 410.418346
1312.065377 407.697124
1416.151579 405.115827
1525.823727 402.432011
1641.151779 400.023967
1027.229033 507.132802
1116.448440 506.892393
1210.681095 506.791665
1310.161705 506.881754
1415.104116 506.996591
1525.608589 507.270326
1642.017412 507.746398
1023.413739 599.697439
1113.125305 602.088597
1207.840522 604.750699
1307.954033 607.512773
1413.580452 610.668129
1524.897034 613.877647
1642.097541 617.517316
1019.442603 693.375400
1109.394726 698.553801
1204.607413 704.089592
1305.248282 709.751530
1411.492111 715.836211
1523.586613 722.173226
1641.549641 728.928300
1015.289540 788.068861
1105.629616 795.926469
1201.266325 804.254616
1302.323863 813.049147
1409.103942 822.159032
1521.731736 831.748305
1640.344747 841.699704
1067.316869 186.792921
1151.103490 178.420491
1239.131405 169.874145
1331.731884 161.251852
1428.842721 152.511491
1530.721642 143.698571
1637.468986 134.871946
1057.895617 263.067388
1143.164135 256.527181
1232.956286 249.897309
1327.367792 243.207756
1426.713210 236.417434
1530.895564 229.696097
1640.201099 222.923529
1048.017335 342.822428
1134.772132 338.300681
1226.234757 333.690381
1322.698654 329.129799
1424.049693 324.627550
1530.651028 319.948152
1642.611045 315.571393
1037.627063 425.922350
1125.938531 423.563729
1219.128720 421.266147
1317.424496 419.081822
1420.974329 416.902848
1529.946613 414.859800
1644.611311 412.871763
1026.783942 512.621537
1116.608937 512.665086
1211.387974 512.891315
1311.666253 513.156787
1417.371924 513.736867
1528.797612 514.349390
1646.042671 515.271974
1015.417065 602.771946
1106.508044 605.486292
1203.093941 608.522205
1305.178059 611.622892
1413.055582 615.064080
1526.896123 618.646032
1646.940068 622.635782
1003.438607 696.527292
1096.070766 702.064464
1194.259723 707.960962
1298.230522 714.206480
1408.224204 720.748410
1524.529072 727.757950
1647.197325 735.015222
1146.102078 260.372394
1235.365890 255.760472
1327.905813 251.263538
1423.787850 246.909771
1522.806513 242.709270
1625.133902 238.598114
1730.557774 234.696881
1138.982425 335.399573
1230.556335 332.148424
1325.697094 329.046332
1424.293256 326.075767
1526.327811 323.186077
1631.710892 320.537845
1740.377740 318.000375
1131.325691 414.842283
1225.339716 413.122189
1323.089177 411.517464
1424.599645 410.124796
1529.560187 408.881844
1638.176551 407.627303
1750.328344 406.762499
1123.134807 498.823645
1219.658425 498.796457
1320.122290 498.975496
1424.499059 499.337795
1532.626599 499.819030
1644.579650 500.493485
1760.396679 501.273113
1114.361701 587.671900
1213.456433 589.555728
1316.583138 591.791971
1424.051776 594.010001
1535.444113 596.605403
1651.028959 599.153739
1770.286283 602.040517
1104.913453 681.519345
1206.442412 685.643161
1312.553322 690.088712
1423.007708 694.592883
1537.841129 699.320645
1656.988716 704.197762
1780.287719 709.298755
1094.666778 780.618925
1198.899456 787.195187
1307.951268 794.007088
1421.695458 801.119956
1539.945946 808.357835
1662.751292 815.811547
1790.114213 823.376184
1149.943362 378.906953
1253.808436 377.262138
1360.340741 375.943099
1469.399893 374.789561
1580.752518 373.887545
1694.198973 373.169095
1809.547768 372.723931
1149.931229 479.733343
1253.810225 479.620870
1360.531676 479.674192
1469.702251 479.930988
1581.152887 480.333139
1694.827702 480.905837
1810.155151 481.660281
1149.677981 580.966847
1253.531886 582.330174
1360.256974 583.814301
1469.464954 585.371076
1580.921426 587.157407
1694.571108 588.876431
1809.997343 590.857218
1149.159525 682.122624
1253.022030 684.899237
1359.550027 687.833372
1468.725321 690.881479
1580.162575 693.893496
1693.589145 696.985785
1809.021963 700.114745
1148.493645 782.969873
1252.165897 787.264487
1358.552655 791.655466
1467.513728 795.996202
1578.717510 800.455125
1692.063960 804.787513
1807.226553 809.230263
1147.647246 883.361426
1250.973629 889.190420
1357.082996 895.054421
1465.729410 900.797081
1576.682277 906.518108
1689.799732 912.158232
1804.689885 917.723755
1146.624270 983.061299
1249.561970 990.321172
1355.306941 997.473761
1463.666908 1004.770731
1574.216666 1011.816002
1686.910773 1018.704173
1801.602099 1025.631569
1077.676850 259.917983
1182.774421 253.683810
1292.578968 247.607474
1407.195464 241.650270
1526.548520 235.881747
1650.418653 230.235080
1778.918067 224.788976
1088.164394 359.404927
1190.608468 355.758162
1297.504809 352.184575
1408.929739 348.690181
1524.756896 345.412695
1645.041777 342.270470
1769.408128 339.293342
1097.990700 454.108952
1197.741953 452.672350
1301.805499 451.237813
1410.148523 449.973656
1522.552655 448.950314
1639.187253 447.907181
1759.766546 447.157723
1107.067137 543.873460
1204.304737 544.328534
1305.484849 545.003667
1410.817354 545.831197
1520.034436 546.698619
1633.099698 547.725550
1750.017208 548.873186
1115.568360 628.939853
1210.346540 631.217648
1308.908949 633.627939
1411.175825 636.140445
1517.272606 638.857665
1626.927451 641.712844
1740.170084 644.671992
1123.495489 709.591952
1215.787272 713.526011
1311.642686 717.526552
1411.098833 721.625567
1514.118631 725.956721
1620.678228 730.295777
1730.408214 734.785867
1130.887196 786.029157
1220.802278 791.262450
1314.111399 796.628873
1410.933046 802.267115
1510.925131 807.971960
1614.270705 813.747267
1720.807723 819.657372
1137.044404 95.988946
1243.102687 89.938152
1351.994186 84.313861
1463.586655 79.018203
1577.590237 74.184945
1693.828978 69.670693
1811.986497 65.689649
1138.717055 199.647264
1244.317006 195.179104
1352.848983 191.034385
1464.004665 187.240726
1577.477321 183.811331
1693.196758 180.739013
1810.697215 177.982455
1140.155994 302.879312
1245.239363 299.982919
1353.243963 297.343922
1463.839867 294.959762
1576.653719 292.947856
1691.718719 291.056769
1808.692880 289.592921
1141.379848 405.207013
1245.824586 403.827111
1353.134547 402.721804
1463.063538 401.838730
1575.232957 401.058506
1689.521490 400.575084
1805.749710 400.254152
1142.424097 506.525431
1246.229747 506.694262
1352.811584 506.988855
1461.847070 507.404592
1573.224112 508.102125
1686.735741 508.872263
1802.020720 509.776574
1143.201528 606.575061
1246.133145 608.211932
1351.889924 609.938176
1460.029423 611.775989
1570.556335 613.754048
1683.152581 615.742711
1797.586764 617.837385
1143.713791 705.135310
1245.823063 708.079628
1350.610118 711.107031
1457.919276 714.372997
1567.445423 717.603922
1678.965847 720.811762
1792.422681 724.087986
