-1.90375414332993 -1.77719440257459 0.11076099762640 
-1.96910967865223 -1.97622314390771 0.43172857021299 
-1.99922734554313 -2.15725101869648 0.78088598807401 
2.03736513187520 2.12927858944969 0.64944187227314 
2.00534468004488 2.01160944707444 0.41351298772691 
1.93047513610237 1.81795290429845 0.08875903300458 
-1.99537230898472 -2.03311012067493 -0.52485246804920 
2.08467814298518 2.07584887940976 -0.12231553047958 
-2.05805445875101 -2.03576093731759 -0.09639319580981 
2.01254609178245 2.07726255757485 -0.55325982245768 
1.95469396635268 1.88663326989183 -0.21807678809533 
-2.01774706819275 -2.15012752492100 -0.76033085022763 
2.06629055263775 2.07276395104134 0.31340512595943 
1.96693042291661 1.88498460681141 -0.01274292697773 
-2.00905419204322 -2.09343216071038 -0.63944180579965 
2.03682751930003 2.12874803421033 0.64996691747287 
2.16090502806141 2.18782341336794 0.32792075510798 
-2.02271695218076 -2.20333296017823 -0.88611421591340 
2.13319792797785 2.13264760765205 -0.01367491118877 
1.89834630140688 1.74995697753195 -0.01235233700830 
-1.90677813700784 -1.77655278066577 -0.09024206578145 
-2.03087615971825 -2.03848948403315 0.33483023526871 
2.03017428883596 2.19332660851311 -0.79246120787769 
-1.93373092810900 -1.84383319674874 -0.19307890165911 
2.02306455324951 2.13617848829732 -0.67007594891948 
2.03218747049734 2.24708955911899 -0.91745286863994 
2.03182677281221 2.24717435435577 -0.91920286759311 
-2.08982908087937 -2.09795418954500 0.22917101658747 
-1.87641611860150 -1.70868271482359 0.00977772235788 
-2.10422552453803 -2.09503790144452 0.01045739808553
