-32.77947390328454 -13.97813665851133 83.17007507712448
-30.03011371768592 -23.81453834360828 88.57849337003525
-25.84671277659793 -31.34218416729519 96.26381107874502
-6.67642552905151 -17.32977889200253 64.07604335643305
-8.25036480533684 -23.87252939539129 68.28301627895243
-11.37610419730427 -31.22356339581975 76.31026077285783
-19.88677855253573 -13.54459082141664 64.64606351364266
-20.74528607849611 -32.37482110873044 77.53044365220731
-25.20489029566977 -14.44208676233088 72.26160178077915
-22.62174551813114 -30.31269083186013 88.47248075048451
-47.90347694235676 -32.79678027362984 83.54295552962422
-40.54558661460004 -10.19707755286230 63.03549157404952
-42.50415701556749 -23.51830480448717 69.93504787508338
-44.77489428255136 -30.92957068176569 78.26637775005381
-43.38051595504783 -14.79487920833176 64.06663854548354
-35.88140665727519 -21.67106656138811 63.84140561101556
-46.37065529478190 -30.55602791751411 63.49587007821214
-36.73508988841238 -20.32205401883412 56.08412321335501
-47.76442721911479 -19.18900724182517 69.22770340047835
-41.70368644041793 -25.46845011188845 72.37689988201878
-1.45142365478671 -9.84537912723254 80.24884326615954
1.04599658720823 -23.15901007180024 87.11375962261793
5.59261749968580 -32.15465413934795 98.53280212250824
1.23090018660684 -9.79314667066006 76.74268361483080
6.40703321208678 -32.39640906588757 95.67561196379768
5.32483982723060 -27.40155663724246 102.75345141981876
7.97414297871657 -24.59293530249595 99.56550952542423
5.92423640656585 -15.52686490306543 81.82397324861071
-1.55549396409687 -21.64745193416177 81.22883122909653
7.19787632921439 -31.71267806458342 75.59503648927219
