-32.79135079547374 -13.98385570451688 83.16045587890521
-30.04325572385196 -23.82066733190440 88.56964209152625
-25.86090897697600 -31.34866840229425 96.25527892148892
-6.68557101769735 -17.33394920934415 64.07200715166672
-8.26013385555698 -23.87703268354363 68.27963241520796
-11.38696064430262 -31.22834657723824 76.30505161859487
-19.89568915922299 -13.54881380356027 64.63836242276496
-20.75621788442804 -32.37967884860164 77.52335384760742
-8.80361248893777 -20.62406220545077 62.47341036213952
-27.89473335190599 -26.33160600442108 91.32913615831144
-25.21474532264051 -14.44708522956236 72.25251038067879
-22.63419541129675 -30.31821867251357 88.46424875051028
-47.91557552154566 -32.80194658666529 83.53003616060657
-36.62308925394270 -13.71143776245231 62.99149162399164
-39.77030255971938 -26.48050595555814 71.04846648303233
-41.92883226370294 -30.91393525703736 76.56391132347879
-43.38863793450442 -14.79934409950055 64.05355587717797
-35.89087324253309 -21.67536284837506 63.83210784408641
-46.37896383996466 -30.56007060527066 63.48088139727790
-41.21068257162301 -20.31103450980279 57.17113674993013
-47.77412960594985 -19.19471204548178 69.21580247748706
-44.20840830682755 -25.47737476326767 74.19537983921761
-3.36378098004390 -13.56505263090220 85.25116598620643
0.65634884341217 -25.96907828995256 92.94180953717436
3.50434509201544 -30.35356882791966 98.36809099554705
1.22037771971384 -9.79814763608931 76.73798604519516
6.39391056510229 -32.40282091513972 95.67162151004624
5.31095335787743 -27.40813203230312 102.74939629913922
8.43522224103202 -24.59119468725348 96.62656275524422
5.91329615111091 -15.53249878152068 81.82187753979639
0.79637258258531 -21.51622847042949 77.40375320970121
4.77484621487065 -31.72983656942760 78.64199046843733
