-1.90367021136601 -1.77724667863575 0.11038256528430 
-1.96909938454632 -1.97631499350661 0.43130945699316 
-1.99926332005881 -2.15734546349728 0.78048815036325 
2.03744579989793 2.12927599768081 0.64977195514636 
2.00546692840809 2.01162320433019 0.41379583842693 
1.93061976868724 1.81796044598849 0.08900794992522 
-1.99525205866335 -2.03301823868755 -0.52518585613245 
2.08477157548343 2.07588486158198 -0.12199457072120 
2.03773007247883 2.12916743559963 0.65004902802041 
-1.99420896796112 -2.09913069861997 0.66191039414868 
-2.05797709880657 -2.03574948665860 -0.09681832494734 
2.01262956512626 2.07731846145837 -0.55293630540935 
1.95470859798168 1.88657622938120 -0.21767162655307 
2.04627870275128 2.18330398261818 0.77215427342302 
1.98290065731017 1.94913033387233 0.30158877253130 
1.92986886359297 1.81794309090495 0.08920037812463 
-2.00882844077420 -2.09333190397711 -0.63981053136991 
2.03689720268965 2.12883709380331 0.65026643112546 
2.16090932416606 2.18789827743085 0.32840727348646 
2.04668938328597 2.18288808892250 0.77229013858476 
2.13317991121016 2.13273412530314 -0.01308374917794 
1.93023106479672 1.81823464711739 0.08954202051548 
-1.90409120358414 -1.77789343801452 0.10995836718946 
-1.98334674685791 -2.03955728295300 0.54501963288320 
-1.99883095344708 -2.15768972350726 0.77999854307722 
-1.93370905464120 -1.84382959505696 -0.19347703959053 
2.02326379603733 2.13630400256525 -0.66979587263807 
2.03230129186311 2.24721368844598 -0.91726800752042 
-1.99862385520403 -2.15794502014006 0.78059867348388 
-2.08989075814932 -2.09795921847393 0.22848137060197 
-1.90477401000205 -1.77765792751951 0.11018303363499 
-2.10427337163728 -2.09497002549257 0.00988216851901
