504.950303 401.762387
584.555655 397.722298
669.399565 393.562610
760.144540 389.110372
857.286262 384.342998
961.750765 379.141049
1074.089102 373.548237
527.110903 496.797560
605.750914 495.943573
689.407830 495.048085
778.739448 494.101700
874.249606 492.957993
976.743914 491.864163
1086.837953 490.632143
548.470246 588.118587
626.080801 590.038329
708.592711 592.087658
796.513445 594.275688
890.472745 596.693696
991.044447 599.099454
1098.929256 601.862876
568.923390 675.641056
645.580148 680.182329
726.925034 685.027569
813.511769 690.290437
905.950664 695.720621
1004.706130 701.516384
1110.425713 707.791548
588.651577 759.808192
664.344665 766.774637
744.622391 774.125847
829.886146 781.948357
920.799880 790.328999
1017.751628 799.216318
1121.438205 808.767938
607.546591 840.836197
682.287068 850.027476
761.457439 859.741346
845.455561 869.947853
934.917604 880.933698
1030.241099 892.608449
1131.909292 905.081426
625.778065 918.779117
699.580896 929.894592
777.633875 941.720037
860.511172 954.293699
948.488920 967.654948
1042.123219 981.846224
1141.895198 997.057029
555.452149 256.753103
632.972593 248.583899
715.388138 240.016327
803.227894 230.886002
897.011096 221.064923
997.555479 210.596404
1105.265530 199.317072
555.647096 351.907401
633.126160 346.754480
715.489219 341.258867
803.252389 335.461263
896.994842 329.204322
997.360212 322.540846
1104.976983 315.403604
555.899564 447.112992
633.303636 444.833431
715.593319 442.448137
803.296680 439.907751
896.954218 437.235777
997.198269 434.236252
1104.691514 431.200791
556.117226 542.008652
633.493223 542.629964
715.689127 543.397649
803.317737 544.224681
896.904969 544.984388
997.012746 545.834113
1104.360291 546.756269
556.418541 636.801869
633.705317 640.325987
715.850946 644.145707
803.392654 648.168034
896.844613 652.580314
996.833347 657.133511
1104.053399 662.148465
556.633052 731.431599
633.783068 737.889784
715.970227 744.795516
803.355783 752.129800
896.752367 759.995110
996.707070 768.272307
1103.738545 777.257257
556.872043 825.946722
634.020734 835.198512
716.081502 845.149124
803.471757 855.772533
896.695597 867.058737
996.561746 879.163722
1103.433175 892.188781
631.904392 159.737909
706.390806 149.482652
785.210918 138.713193
868.888882 127.323758
957.833593 115.092551
1052.720816 102.106883
1153.776801 88.313352
614.007931 239.286917
689.321631 231.231660
769.137417 222.730787
853.892437 213.668134
944.241648 204.014171
1040.523984 193.770603
1143.363870 182.837135
595.471652 321.865421
671.666506 316.060711
752.485279 309.951117
838.423201 303.487764
930.030365 296.639701
1027.823069 289.214696
1132.486234 281.443672
576.323848 407.305267
653.369814 404.012003
735.180846 400.625658
822.245435 396.998521
915.227870 393.030838
1014.646682 388.856467
1121.130423 384.375010
556.531374 496.088860
634.395235 495.464893
717.114495 494.956480
805.489860 494.219710
899.789004 493.591538
1000.816232 492.772563
1109.140899 492.084865
535.852538 588.224742
614.458014 590.507151
698.407973 593.063878
787.896975 595.656213
883.675289 598.557918
986.348122 601.488051
1096.676874 604.747583
514.368251 683.925399
593.998068 689.302594
678.993458 695.099263
769.714144 701.378302
866.837374 707.983874
971.307242 715.130655
1083.558092 722.798876
916.566293 307.105953
1026.975081 314.588275
1130.220376 321.688889
1227.077899 328.408776
1318.098955 334.733504
1403.879712 340.537968
1484.724893 346.184332
907.069045 427.167700
1015.941963 430.642275
1117.807659 434.029067
1213.538086 437.172795
1303.508364 440.120004
1388.436754 442.890289
1468.417680 445.525032
897.970840 543.072095
1005.190789 542.861756
1105.786799 542.669100
1200.333347 542.501094
1289.368962 542.401993
1373.382516 542.089070
1452.670898 542.037113
889.025504 655.121180
994.832766 651.325887
1094.035006 647.807424
1187.529375 644.550717
1275.576104 641.495969
1358.694848 638.530824
1437.332036 635.786950
880.475437 763.286751
984.799180 756.273707
1082.783038 749.708472
1175.047077 743.591704
1262.240068 737.659516
1344.487867 732.207818
1422.372337 726.930278
872.212641 868.027631
975.102440 857.966461
1071.834449 848.498924
1163.073163 839.580809
1249.254865 831.108846
1330.764139 823.137200
1407.940790 815.630685
864.213292 969.314731
965.554405 956.386626
1061.205744 944.142745
1151.415175 932.761978
1236.676534 921.844941
1317.310876 911.506395
1393.832250 901.850511
896.528458 193.662755
1002.988571 204.603339
1102.843298 214.882475
1196.761795 224.644618
1285.232240 233.867152
1368.777956 242.449390
1447.720268 250.612240
896.012334 309.663517
1002.433162 316.928159
1102.200200 323.806236
1196.099679 330.304530
1284.527156 336.412267
1368.034973 342.144369
1446.840856 347.606548
895.564348 425.465150
1001.807025 429.078885
1101.566239 432.511256
1195.404918 435.773944
1283.798202 438.877297
1367.213255 441.633667
1446.052371 444.430432
895.015200 541.122431
1001.268690 541.058130
1100.877372 541.066611
1194.695201 541.100816
1283.047096 541.146084
1366.390291 541.142306
1445.255253 541.184521
894.488993 656.554310
1000.621393 652.866644
1100.197846 649.502835
1193.909380 646.339154
1282.277321 643.255632
1365.594030 640.479724
1444.320366 637.736772
894.019020 771.853664
1000.046806 764.585519
1099.570060 757.828043
1193.217112 751.461490
1281.466263 745.363026
1364.853526 739.625815
1443.575842 734.311431
893.525307 886.939966
999.370133 876.091564
1098.939196 865.822057
1192.535560 856.360899
1280.778003 847.232976
1363.999418 838.696089
1442.763814 830.724743
857.651778 86.689274
956.784516 99.898219
1050.247428 112.284257
1138.636406 124.148562
1222.209534 135.370005
1301.555656 145.952884
1376.871243 156.048441
868.179986 180.470153
969.082964 191.145674
1064.204360 201.266339
1153.994097 210.796516
1238.845081 219.889835
1319.174809 228.427207
1395.288414 236.529362
879.148248 278.481885
981.912927 286.441623
1078.709289 293.951917
1169.951493 301.073331
1256.023119 307.875066
1337.411147 314.103634
1414.570905 320.160450
890.652724 381.103171
995.454842 386.005905
1093.834014 390.684252
1186.497815 395.068932
1273.843274 399.288903
1356.376201 403.252278
1434.496320 407.002062
902.714058 488.488511
1009.439495 490.099738
1109.517889 491.739505
1203.702617 493.302609
1292.453366 494.590891
1376.122676 495.972877
1455.143415 497.227040
915.426117 601.118151
1024.101235 599.125565
1126.116999 597.357734
1221.754288 595.722397
1311.819456 594.096300
1396.727176 592.566719
1476.806320 591.204824
928.651100 719.240233
1039.428922 713.381515
1143.364920 707.789498
1240.655888 702.753879
1332.092924 697.818423
1418.069802 693.250295
1499.210547 688.960762
662.166947 375.558427
785.283966 376.710987
906.618310 377.939705
1026.347744 379.204460
1144.324741 380.435945
1260.702349 381.498515
1375.357868 382.646935
668.192643 487.298502
787.018521 487.710097
904.065660 488.142563
1019.663622 488.573896
1133.546688 488.896577
1246.038071 489.275444
1356.799695 489.694710
673.931800 591.501459
788.578102 591.197614
901.676080 590.866708
1013.345355 590.516650
1123.558600 590.290783
1232.295788 589.815748
1339.507584 589.567950
679.188720 688.712158
790.006887 687.786906
899.380531 686.777474
1007.444314 685.924658
1114.136995 685.020391
1219.401205 684.023859
1323.302280 683.134441
684.182445 779.571309
791.466173 778.128769
897.371713 776.616384
1001.941394 775.187297
1105.344405 773.733153
1207.331919 772.400525
1308.088195 770.956702
688.828410 864.899051
792.833136 862.949873
895.420478 861.008781
996.846428 859.067424
1097.027606 857.155817
1196.091868 855.299024
1293.873364 853.483625
693.250586 945.082695
793.938194 942.634602
893.589631 940.210867
992.027972 937.988355
1089.224083 935.652157
1185.413626 933.331318
1280.434376 931.226682
686.175951 68.499126
794.578565 71.795078
901.597885 75.023436
1007.369176 78.285651
1111.793264 81.468568
1215.021856 84.652474
1317.015901 87.835799
683.435859 167.188752
793.519990 169.934539
902.181086 172.640285
1009.619494 175.338060
1115.649943 177.985505
1220.413019 180.626727
1323.752278 183.277679
680.584712 269.139531
792.399069 271.258572
902.789241 273.352914
1011.926541 275.432029
1119.588213 277.534459
1225.841706 279.519206
1330.777119 281.626217
677.626942 374.338012
791.315614 375.746997
903.449951 377.248133
1014.233379 378.684168
1123.577541 380.115155
1231.442918 381.568755
1337.987438 382.982122
674.673028 483.020210
790.172727 483.721902
904.050802 484.551280
1016.615317 485.282684
1127.716219 486.010413
1237.245487 486.786562
1345.313141 487.538415
671.591421 595.282146
788.848153 595.297140
904.797910 595.356427
1019.128889 595.370158
1131.937719 595.421365
1243.300537 595.443702
1353.076561 595.518102
668.313800 711.380938
787.596709 710.543193
905.471720 709.782668
1021.752636 709.073737
1136.370838 708.336442
1249.388449 707.622586
1360.959287 706.927782
871.476542 233.428903
985.977404 243.592746
1092.924991 253.146582
1193.088500 262.145638
1287.124020 270.619975
1375.541082 278.452979
1458.819121 285.938498
862.563048 357.703660
975.390731 363.559860
1080.839717 369.153554
1179.807217 374.339343
1272.686429 379.259371
1360.217069 383.810342
1442.593271 388.165779
854.031290 477.577765
965.117195 479.446908
1069.154382 481.210268
1166.859099 482.906309
1258.725283 484.557703
1345.286167 485.912788
1426.922982 487.370154
845.665482 593.304540
955.219680 591.371524
1057.817020 589.607943
1154.341987 588.023853
1245.138193 586.561839
1330.745199 585.076334
1411.657633 583.731135
837.662564 704.989001
945.590103 699.633519
1046.908088 694.582945
1142.132422 689.948729
1231.989638 685.459569
1316.664771 681.337346
1396.796492 677.337055
829.977614 813.028657
936.377649 804.446616
1036.294599 796.342311
1130.426062 788.753915
1219.206356 781.538758
1303.135149 774.773988
1382.450554 768.387348
822.551174 917.441461
927.335211 905.756237
1026.043854 894.766595
1119.038341 884.555518
1206.860685 874.731098
1289.801462 865.495242
1368.468009 856.853525
588.090025 221.154437
665.131131 212.128079
746.860186 202.608212
833.902637 192.506971
926.761678 181.630423
1026.124665 170.093174
1132.399953 157.690659
575.036446 309.769479
652.624692 303.408216
735.083950 296.615170
822.888105 289.423159
916.704010 281.694677
1017.059792 273.480811
1124.605584 264.703093
561.689838 400.756676
639.854645 397.067175
723.007076 393.177032
811.621462 389.045161
906.342141 384.681890
1007.743717 379.850988
1116.595382 374.907515
547.998160 493.913692
626.781653 493.114353
710.598786 492.327827
799.992721 491.507686
895.668690 490.508758
998.187043 489.497748
1108.320031 488.416385
534.035256 589.489788
613.367692 591.663015
697.821017 594.119350
788.111769 596.633114
884.658346 599.474657
988.303262 602.306692
1099.725872 605.534209
519.608281 687.504624
599.416089 692.880672
684.751853 698.758920
775.736873 704.912262
873.298831 711.641727
978.113704 718.656572
1090.859677 726.322867
504.827560 788.077967
585.337009 796.785227
671.301689 806.173383
763.234383 816.221799
861.659194 826.951036
967.722485 838.526943
1081.741383 851.002195
588.050291 378.119302
698.178640 376.723362
810.618477 375.398608
925.661970 373.972856
1043.266498 372.518196
1163.531307 371.029916
1286.336443 369.468884
597.081743 488.701011
705.414339 488.529408
815.979635 488.403599
928.965123 488.253178
1044.399925 487.930846
1162.444391 487.778122
1282.885156 487.555326
605.930898 595.538438
712.460070 596.437772
821.089436 597.343206
932.127754 598.315690
1045.559228 599.240649
1161.392072 600.163874
1279.642856 601.230765
614.437586 698.607809
719.256827 700.517776
826.019061 702.506172
935.147227 704.555158
1046.606968 706.572221
1160.324371 708.616007
1276.445573 710.753289
622.724271 798.247399
725.821426 801.104698
830.898915 804.058546
938.114089 807.034260
1047.632931 810.121761
1159.336731 813.273520
1273.327820 816.483128
630.686510 894.680059
732.119004 898.450735
835.489458 902.288159
940.944832 906.190395
1048.593659 910.232796
1158.462410 914.314963
1270.401421 918.502284
638.425065 987.975388
738.243878 992.499505
839.998546 997.123559
943.806752 1001.998578
1049.534457 1006.884172
1157.463782 1011.841998
1267.536167 1017.052823
674.987003 142.466209
769.601057 139.305220
865.846844 136.058757
964.012722 132.842247
1063.997234 129.498441
1166.045169 126.078485
1269.928100 122.649064
661.695720 221.782875
758.825642 219.259635
857.815426 216.684973
958.769807 214.099860
1061.766359 211.477241
1166.719496 208.778793
1273.643717 206.120497
647.553705 305.756748
747.441453 303.959818
849.267847 302.142464
953.230881 300.315079
1059.254001 298.515787
1167.347917 296.542076
1277.641826 294.765504
632.606460 394.752342
735.488982 393.774894
840.304452 392.896505
947.307881 391.888175
1056.584335 390.900963
1168.047842 389.961816
1281.847968 389.017499
616.843225 489.345573
722.680518 489.296168
830.592423 489.426479
941.014486 489.379915
1053.690950 489.398645
1168.763289 489.441567
1286.242701 489.544988
600.009662 589.968640
708.909588 591.028077
820.434428 592.207356
934.278140 593.347141
1050.622194 594.534492
1169.595340 595.677523
1291.139452 596.959102
581.958284 697.249188
694.481367 699.503252
809.488247 701.888869
927.099081 704.339359
1047.323128 706.743762
1170.422016 709.319298
1296.244250 711.889883
252.927814 86.535238
359.768427 92.806883
463.707276 98.819704
565.001467 104.805985
663.738755 110.549233
760.086069 116.187455
853.958016 121.711772
239.882616 167.281269
349.934924 172.517887
456.958017 177.739007
561.250111 182.832788
662.812957 187.738084
761.747544 192.547000
858.058534 197.221406
226.015943 252.827703
339.459371 257.115988
449.799343 261.308547
557.283478 265.371833
661.740601 269.368059
763.397371 273.145780
862.439786 276.964079
211.174255 343.768929
328.459063 346.853685
442.278310 349.922993
552.972565 352.786199
660.570739 355.689936
765.177174 358.503576
867.035421 361.259559
195.563132 440.625396
316.646227 442.317405
434.106615 444.136654
548.348563 445.792286
659.291164 447.371834
767.066005 448.975215
871.810314 450.493208
178.816695 543.860228
303.974119 544.061072
425.654965 544.385367
543.521441 544.635963
658.008675 544.831075
769.134547 545.019535
877.044443 545.234590
160.905461 654.154137
290.602498 652.681004
416.574278 651.183259
538.397975 649.844452
656.641877 648.423615
771.208075 647.154230
882.466297 645.819256
295.721536 375.494160
427.641441 380.800397
551.000702 385.731548
666.580443 390.438855
775.160707 394.895837
877.397305 398.930621
973.838428 402.814065
297.838840 492.282615
426.456558 493.621435
546.772038 494.976528
659.827932 496.233224
766.149165 497.380570
866.481806 498.409969
961.060795 499.444892
299.909126 603.186127
425.239323 601.044068
542.771330 599.012374
653.434399 597.111153
757.614655 595.363248
855.955691 593.550409
948.895552 591.956896
301.729437 708.775409
424.120380 703.366935
538.920102 698.261422
647.214789 693.541479
749.345161 689.094694
845.820087 684.784831
937.159151 680.786989
303.640377 809.203441
422.991925 800.981867
535.376169 793.133072
641.285499 785.826089
741.497695 778.805022
836.130844 772.328045
925.857448 766.031552
305.334041 905.160174
422.067745 894.266151
531.915039 883.915446
635.725303 874.205282
733.890552 864.939474
826.907459 856.213342
915.097867 847.977016
307.035726 996.727867
420.944585 983.368077
528.601482 970.687561
630.308926 958.847274
726.673461 947.546090
817.905461 936.824606
904.699373 926.739973
305.831200 154.814893
427.338148 166.794406
541.505288 178.002432
649.092859 188.653835
750.587140 198.714894
846.553268 208.156846
937.440606 217.125942
305.143519 264.682507
427.550443 273.285747
542.459166 281.444003
650.750374 289.130790
752.853050 296.390879
849.380701 303.211725
940.659703 309.703291
304.413816 376.061803
427.667554 381.346585
543.404985 386.277787
652.419268 390.984020
755.133493 395.404653
852.159159 399.457813
943.994625 403.381346
303.611806 489.306529
427.852704 490.946491
544.350540 492.592787
654.040589 494.144004
757.401732 495.644469
854.971030 496.968304
947.323229 498.288809
302.972193 604.088578
427.982244 602.179157
545.278683 600.448247
655.682428 598.833337
759.694841 597.192151
857.826186 595.782030
950.621622 594.330237
302.210123 720.693157
428.173917 715.097055
546.352749 709.802945
657.463152 704.898852
762.048753 700.207455
860.784719 695.829504
954.072501 691.658611
301.512042 839.050013
428.330138 829.637056
547.394545 820.635185
659.165844 812.422937
764.519341 804.521940
863.658523 797.132192
957.497256 790.157120
312.317570 93.806671
426.949257 106.885779
535.006410 119.127253
637.221485 130.814340
733.913142 141.880211
825.615502 152.327242
912.701167 162.256181
310.891916 187.455851
427.931971 197.921264
538.210619 207.887628
642.375918 217.280261
740.825875 226.189231
834.087122 234.592515
922.465287 242.600807
309.278834 285.167266
428.882840 293.005568
541.481219 300.357149
647.770168 307.315347
747.995850 313.941921
842.820061 320.056817
932.727917 325.997042
307.517739 387.526801
430.000222 392.316809
544.938315 396.841892
653.273947 401.088392
755.411922 405.199313
851.911388 409.018073
943.342954 412.642020
305.846306 494.680735
431.017303 496.190807
548.434041 497.681505
658.977591 499.078761
763.114017 500.314604
861.356029 501.563658
954.234865 502.664942
304.071590 607.011239
432.091983 604.915414
552.301992 603.028981
665.074914 601.274580
771.194992 599.508476
871.313930 597.928547
965.761352 596.407200
302.173683 724.839375
433.265336 718.838457
556.246618 713.110810
671.405047 707.964203
779.652778 702.989885
881.453680 698.332101
977.631253 693.914714
175.835022 350.316051
306.707234 353.359747
433.395994 356.366605
556.126000 359.282832
675.090045 362.117091
790.420451 364.786098
902.263863 367.396367
193.716342 463.027715
319.895187 464.227111
442.051922 465.491400
560.562380 466.651476
675.481707 467.724830
787.151476 468.785713
895.400290 469.824348
210.500869 568.166853
332.138907 567.790136
450.083254 567.396220
564.689781 566.979748
675.934017 566.644848
784.024933 566.153988
889.013143 565.827049
226.048020 666.457589
343.579192 664.603443
457.553732 662.776399
568.453686 661.085438
676.294347 659.412044
781.023883 657.707157
882.933077 656.128566
240.778596 758.411389
354.342755 755.398613
464.750475 752.338817
572.039235 749.460044
676.666772 746.561178
778.228499 743.931054
877.225348 741.210403
254.458054 844.856383
364.491509 840.747767
471.380196 836.652087
575.515646 832.718007
676.936026 828.836737
775.723305 825.083412
871.910791 821.453837
267.476338 926.123547
373.949329 920.965332
477.704104 915.948707
578.767126 911.165620
677.274716 906.391966
773.198647 901.725076
866.839744 897.288569
318.278853 218.299625
448.886275 228.886092
571.042660 238.743263
685.539566 248.074582
793.162773 256.883360
894.465026 265.003014
990.049452 272.733054
319.301945 340.314119
447.696521 346.718830
567.803067 352.787362
680.591516 358.468481
786.644478 363.771794
886.708965 368.729809
981.003571 373.469220
320.321669 458.135157
446.439747 460.710722
564.626320 463.079564
675.774178 465.324453
780.377944 467.478313
879.082504 469.313323
972.270929 471.216970
321.216704 572.018449
445.241663 570.883235
561.500414 569.809175
671.072547 568.879842
774.242380 567.998332
871.618006 567.039515
963.725486 566.271769
322.203571 681.933976
444.079386 677.457261
558.612066 673.215579
666.458650 669.310045
768.281862 665.493769
864.373117 662.002003
955.350604 658.607982
323.077247 788.371607
443.022447 780.743811
555.780814 773.471099
662.106582 766.716441
762.518653 760.251048
857.462984 754.212157
947.329039 748.454561
323.949420 891.327298
441.861384 880.671150
553.055211 870.555441
657.857205 861.240615
756.940623 852.250853
850.578600 843.773645
939.495077 835.829586
91.352017 24.419375
229.156597 33.677280
360.958013 41.945971
489.312452 50.386471
613.270898 58.233283
733.380417 65.841864
849.779373 73.111160
97.868982 153.407279
233.132392 159.721464
364.029117 166.098043
490.856208 172.256670
613.696230 178.167752
732.782156 183.873734
848.068909 189.486237
103.720796 279.201903
237.529582 283.627799
367.045629 287.884292
492.694348 292.069753
614.330318 296.080769
732.226635 299.882364
846.477432 303.707680
109.254682 402.675904
241.867592 404.998834
370.080224 407.298510
494.354606 409.511940
614.868169 411.698745
731.583945 413.737638
844.897088 415.811099
115.026230 523.590176
246.072856 524.019530
373.046421 524.440795
495.998303 524.854731
615.384066 525.164930
731.023549 525.591672
843.249102 525.913434
120.513883 642.214257
250.244240 640.761272
375.939186 639.369630
497.724527 638.012979
615.914534 636.604455
730.564519 635.291232
841.724272 634.046175
126.048881 758.482781
254.323496 755.128794
378.828868 751.912353
499.401966 748.967516
616.466029 745.915561
729.991812 742.978234
840.177554 740.270741
136.024480 207.999063
284.046904 216.869128
424.204681 225.345896
557.196077 233.386927
683.405697 241.079393
803.390922 248.242709
917.604355 255.104052
151.087873 337.187223
293.418105 342.359180
428.326649 347.414356
556.557830 352.114101
678.484866 356.554949
794.700624 360.778506
905.329928 364.801323
165.137385 457.077954
302.071160 459.117753
432.107068 461.006877
555.973745 462.795818
673.949299 464.534645
786.502687 466.045973
893.879705 467.564441
178.142379 568.674294
310.118486 567.849631
435.551842 567.027557
555.350259 566.291565
669.642210 565.600894
778.742920 564.811789
883.104720 564.177506
190.416703 672.590044
317.636165 669.420431
439.008298 666.228408
554.747310 663.288726
665.638662 660.384236
771.437867 657.741556
872.905025 655.090540
201.790982 769.901373
324.766945 764.529020
442.086219 759.338957
554.303328 754.407850
661.762769 749.635862
764.744846 745.153738
863.364574 740.852938
212.571477 860.997114
331.305352 853.673346
445.019711 846.690322
553.837065 840.162161
658.207576 833.755114
758.215157 827.583253
854.295591 821.809707
116.731297 278.249779
241.163574 280.474510
363.703657 282.645634
484.651857 284.909290
603.966280 287.058793
721.694200 289.178687
837.716481 291.297353
110.339360 394.908354
235.847092 396.268258
359.425010 397.731457
481.403873 399.209762
601.751431 400.579920
720.371369 401.947094
837.256691 403.316699
103.848523 513.497756
230.386457 514.107149
355.079145 514.725561
478.188977 515.357943
599.436658 515.930482
718.945373 516.424432
836.848046 517.086171
97.170508 634.130108
225.041044 633.840131
350.797410 633.592267
474.779549 633.364438
597.058549 633.082370
717.555726 632.820736
836.409922 632.660575
90.587904 756.760986
219.391658 755.548113
346.238729 754.487089
471.303114 753.357438
594.606515 752.199111
716.134156 751.112075
835.842817 750.103665
83.674919 881.562988
213.743138 879.370824
341.710778 877.378153
467.820300 875.387975
592.185086 873.336984
714.735143 871.360576
835.445011 869.452870
76.506497 1008.640492
207.897986 1005.250765
337.204082 1002.207955
464.318823 999.485615
589.697254 996.478406
713.248797 993.586008
835.015509 990.752335
242.162570 168.847870
363.626972 177.468673
479.593814 185.616203
590.553343 193.563986
696.740006 201.098586
798.575867 208.329592
896.256438 215.230986
232.560490 262.376844
357.960094 268.966442
477.622002 275.385039
591.937744 281.476273
701.247908 287.366670
805.851586 292.888830
906.004697 298.235813
222.209880 361.949123
351.899351 366.468160
475.452656 370.734452
593.456231 374.815195
705.958869 378.773344
813.478776 382.417892
916.433016 386.045250
211.092867 468.511779
345.595124 470.445664
473.277418 472.341998
594.927024 474.074539
710.901107 475.848249
821.571180 477.459919
927.434256 479.073209
199.394047 582.600976
338.601470 581.578907
470.703532 580.807731
596.499195 579.979219
716.181713 579.128951
830.189192 578.422069
938.966973 577.715622
186.763125 704.983119
331.125108 700.679740
468.288616 696.742849
598.261339 692.964003
721.884662 689.292840
839.383240 685.925611
951.441262 682.667694
173.028697 836.709267
323.212711 828.624953
465.563839 820.933647
600.106794 813.803102
727.889665 806.899681
849.123498 800.473161
964.591742 794.295968
996.970751 412.012217
1089.951161 408.386001
1188.852319 404.728790
1294.506398 400.706628
1407.384735 396.484669
1528.400051 391.831034
1658.285373 386.860119
1008.667145 504.487293
1100.110510 503.899529
1197.224553 503.293380
1300.786663 502.568849
1411.254339 501.799004
1529.508248 501.057607
1656.242537 500.209186
1019.933153 593.548479
1109.824518 595.547709
1205.251753 597.696876
1306.721940 599.998019
1415.000464 602.545351
1530.577498 605.090078
1654.371411 608.013210
1030.760345 678.921284
1119.163542 683.392257
1212.878069 688.225490
1312.503282 693.358838
1418.565385 698.742392
1531.598750 704.582040
1652.485757 710.765075
1041.217506 761.103726
1128.233077 767.908283
1220.336994 775.121530
1318.052280 782.702552
1421.999397 790.919495
1532.616682 799.625715
1650.728817 808.989687
1051.233820 840.270451
1136.806023 849.211418
1227.323560 858.643540
1323.277257 868.584338
1425.188805 879.282135
1533.551437 890.607366
1648.997764 902.716059
1060.898522 916.546221
1145.115353 927.296681
1234.088046 938.778420
1328.378199 950.991281
1428.194715 963.961364
1534.325338 977.646259
1647.282480 992.341057
1039.271456 235.703643
1127.730208 227.323676
1221.454174 218.536244
1321.138128 209.228737
1427.132195 199.305346
1540.306072 188.734896
1661.225646 177.390960
1035.485165 325.151476
1124.327517 319.468811
1218.529153 313.383325
1318.680829 306.970901
1425.323328 300.123437
1539.119952 292.869678
1660.762928 285.150231
1031.699995 415.774366
1120.902046 412.659566
1215.585340 409.407946
1316.232629 405.954332
1423.465215 402.378831
1537.855805 398.393446
1660.304465 394.383083
1027.835456 507.253269
1117.471029 506.865265
1212.580775 506.575490
1313.712182 506.266438
1421.545512 505.825431
1536.622912 505.432854
1659.883389 504.991531
1024.000428 599.809828
1114.050240 602.210611
1209.538564 604.875554
1311.216525 607.597369
1419.623363 610.641801
1535.365189 613.735821
1659.375567 617.245667
1020.061846 693.453143
1110.389559 698.766314
1206.426312 704.445479
1308.572294 710.355275
1417.636514 716.815370
1534.155096 723.646391
1658.924321 731.069480
1016.060006 788.160983
1106.830955 796.260485
1203.361614 805.004644
1306.106223 814.345118
1415.680927 824.258684
1532.925707 834.967409
1658.485166 846.427442
1069.148285 182.669888
1154.246874 173.303839
1244.157943 163.508804
1339.517341 153.166966
1440.576038 142.191228
1548.150784 130.512757
1662.651891 118.054283
1059.207338 260.837195
1145.488183 253.649987
1236.866841 245.990250
1333.744685 237.921870
1436.686480 229.327594
1546.204708 220.230623
1662.944158 210.589792
1048.928152 341.897711
1136.467661 336.874043
1229.285850 331.584823
1327.791477 325.965106
1432.562475 320.084002
1544.122173 313.654157
1663.315735 307.037487
1038.308108 425.761534
1127.203258 423.086614
1221.458262 420.410263
1321.577846 417.497865
1428.237536 414.349291
1542.001892 411.116843
1663.682769 407.559378
1027.344836 512.741468
1117.553149 512.665785
1213.210353 512.692649
1315.172290 512.589851
1423.789306 512.640863
1539.844653 512.572337
1664.059179 512.677804
1015.921310 602.926962
1107.326384 605.652450
1204.710251 608.660036
1308.354915 611.686839
1419.091046 615.094930
1537.490809 618.579241
1664.440333 622.471989
1004.001881 696.530376
1096.953365 702.209206
1195.889566 708.326932
1301.457020 714.834833
1414.188241 721.739792
1535.126638 729.273925
1664.882521 737.302470
1085.556842 463.037923
1193.424659 461.875676
1305.236354 460.818051
1421.339994 459.685561
1541.715863 458.569423
1666.922659 457.297827
1797.026814 456.019200
1090.935864 557.924671
1195.647043 558.603545
1303.990955 559.283459
1416.360608 559.955435
1532.703008 560.632408
1653.589523 561.420309
1778.870793 562.184799
1096.111748 647.421895
1197.693315 649.518832
1302.807153 651.699233
1411.604168 653.913227
1524.249812 656.374701
1641.039334 658.717029
1762.061110 661.331042
1100.896491 731.688366
1199.655246 735.108795
1301.631440 738.674325
1407.175683 742.383513
1516.302284 746.205248
1629.180039 750.156939
1746.275453 754.146676
1105.501181 811.238697
1201.551765 815.881443
1300.681336 820.622331
1403.021192 825.542862
1508.871819 830.731762
1618.213162 836.020556
1731.416761 841.512846
1109.794034 886.596242
1203.258634 892.276635
1299.613063 898.095726
1399.045192 904.104204
1501.725816 910.438099
1607.843024 916.888165
1717.404665 923.592844
1113.916657 957.930771
1204.870370 964.465078
1298.632748 971.241022
1395.367026 978.380019
1495.029208 985.634915
1597.966598 993.037264
1704.266850 1000.829381
1125.006105 140.236609
1216.727073 134.632722
1311.140455 128.928924
1408.657077 123.134528
1509.114863 117.100702
1612.980487 110.911956
1720.318986 104.456715
1120.626475 213.752411
1214.600036 209.216458
1311.603422 204.524702
1411.692798 199.721439
1515.048697 194.799875
1621.799811 189.721986
1732.226979 184.490125
1115.924256 291.265253
1212.363276 287.825794
1311.957800 284.317138
1414.870278 280.676461
1521.164063 277.033725
1631.134432 273.112698
1744.980309 269.240175
1111.027856 372.912715
1210.108536 370.707487
1312.449539 368.576083
1418.251805 366.256952
1527.671994 363.912127
1640.966628 361.561331
1758.384684 359.012773
1105.898017 459.171130
1207.679576 458.380319
1312.821955 457.701056
1421.807466 456.882683
1534.583767 456.121823
1651.459982 455.244621
1772.541210 454.478575
1100.511950 550.387079
1204.916004 551.206752
1313.359050 552.176860
1425.528919 553.018654
1541.854537 554.043994
1662.575647 554.992044
1787.859549 556.052406
1094.618158 647.001418
1202.222165 649.559663
1313.812028 652.254876
1429.620144 655.091792
1549.625707 658.035851
1674.426242 661.145741
1804.141140 664.262026
1086.449401 234.620563
1168.598355 227.059581
1255.172977 219.172875
1346.736440 210.857797
1443.599344 202.039637
1546.372227 192.702868
1655.448777 182.791761
1074.331644 306.161868
1157.985483 300.459286
1246.335208 294.440110
1339.901103 288.075318
1438.998589 281.355148
1544.180347 274.228882
1656.060865 266.707243
1061.671638 381.106241
1146.931579 377.316964
1237.121065 373.380618
1332.710566 369.161553
1434.086828 364.816025
1541.829609 360.081407
1656.712369 355.222973
1048.442781 459.423094
1135.415948 457.804833
1227.461613 456.214901
1325.064680 454.452225
1428.903689 452.566960
1539.409563 450.682223
1657.337492 448.576090
1034.632767 541.543255
1123.302936 542.300917
1217.183817 543.224832
1317.115917 544.124328
1423.460757 545.133205
1536.872575 546.145903
1657.984832 547.373047
1020.113887 627.629010
1110.382708 631.050763
1206.471855 634.769183
1308.617101 638.609387
1417.662394 642.824517
1534.088567 647.208832
1658.755614 652.041688
1004.752005 718.052281
1096.988712 724.310854
1195.173087 731.065175
1299.834633 738.264017
1411.511663 745.880612
1531.263002 754.198674
1659.633279 763.046278
1148.428748 257.547669
1239.302130 251.960743
1334.117284 246.196694
1433.424832 240.218175
1537.197066 233.969845
1646.248851 227.378362
1760.626130 220.452570
1140.706261 333.946309
1233.636210 330.011609
1330.867850 325.885353
1432.709469 321.579796
1539.394590 317.106081
1651.398334 312.414938
1769.089910 307.500399
1132.575794 414.299344
1227.776987 412.064382
1327.470833 409.774924
1431.988205 407.381539
1541.595618 404.976436
1656.806931 402.280640
1778.083710 399.668994
1124.099071 498.799509
1221.664388 498.482249
1323.884658 498.305533
1431.194013 498.026456
1543.884858 497.780162
1662.553074 497.583037
1787.654604 497.275079
1115.180712 587.802076
1215.192359 589.629427
1319.971492 591.760734
1430.376673 593.807306
1546.352078 596.166987
1668.811730 598.466272
1797.745188 601.074967
1105.774231 681.691376
1208.144652 686.002123
1315.947499 690.619387
1429.379351 695.352710
1548.928765 700.514119
1675.270382 705.846448
1808.685513 711.532001
1095.691144 780.871037
1200.860568 787.835012
1311.627477 795.211085
1428.559200 803.035002
1551.679824 811.327075
1682.127045 820.084393
1820.254549 829.300670
1151.682083 377.890101
1257.072802 375.494072
1366.072362 373.196215
1479.108854 370.799526
1596.147215 368.356366
1717.787411 365.712346
1844.009879 363.047955
1151.239212 479.479803
1256.443927 479.017708
1365.469094 478.458553
1478.346206 477.931750
1595.259680 477.409738
1716.731401 476.861246
1842.767341 476.370124
1150.779171 581.037193
1255.859690 582.302774
1364.805918 583.583260
1477.506093 584.887002
1594.344209 586.394607
1715.617011 587.736773
1841.412714 589.343527
1150.352685 682.293270
1255.388061 685.275049
1364.055737 688.399653
1476.698868 691.662467
1593.412810 695.030033
1714.474185 698.513839
1840.145415 702.049801
1149.967783 783.371487
1254.857931 788.093318
1363.432399 793.033314
1475.929058 798.136024
1592.485268 803.544737
1713.454940 808.974731
1838.863928 814.778010
1149.556158 884.283027
1254.257385 890.794734
1362.759134 897.531014
1475.004678 904.569078
1591.442316 911.885897
1712.325163 919.347662
1837.623479 927.160823
1149.089638 984.944769
1253.669205 993.160410
1362.005507 1001.719316
1474.281652 1010.677904
1590.494555 1019.748908
1711.193638 1029.355617
1836.625791 1039.403656
1079.377136 257.435424
1185.853473 250.232268
1297.987441 242.817268
1416.463194 234.956547
1541.538321 226.668992
1673.927358 217.797112
1814.286775 208.450290
1089.387379 358.426387
1192.985141 354.194777
1301.832128 349.668993
1416.608116 344.864540
1537.536879 339.798241
1665.414695 334.531915
1800.593932 328.879711
1098.963477 453.895156
1199.710644 452.039956
1305.517500 450.063364
1416.738919 447.973120
1533.870618 445.928439
1657.410274 443.566926
1787.829146 441.241585
1107.898881 543.899988
1206.000710 544.225097
1308.834317 544.621815
1416.891426 545.077172
1530.468265 545.462429
1649.922564 545.887133
1775.944336 546.278995
1116.453471 629.015406
1212.052759 631.362625
1312.149396 633.782675
1417.043904 636.293726
1527.291487 639.046687
1642.998139 641.884407
1764.818791 644.877467
1124.492174 709.750075
1217.688402 713.900605
1315.095459 718.140801
1417.122612 722.553083
1524.097867 727.346308
1636.479430 732.211818
1754.368446 737.406301
1132.144501 786.356990
1222.985506 791.943120
1317.928641 797.810479
1417.323050 804.052480
1521.197756 810.603038
1630.221493 817.350677
1744.580935 824.559858
1140.846638 87.962932
1249.522835 80.183285
1362.145852 72.319055
1479.125412 64.105994
1600.146662 55.621687
1726.377344 46.852269
1857.798359 36.695129
1141.523744 195.215907
1249.244094 189.547491
1360.904684 183.609939
1476.753424 177.532932
1596.792641 171.225870
1721.603808 164.642014
1850.948176 157.907658
1142.181436 300.801503
1249.031352 296.992285
1359.777321 293.051932
1474.471446 288.949796
1593.344461 284.871136
1716.859037 280.393023
1845.002693 275.982859
1142.881067 404.479352
1248.801407 402.512180
1358.470754 400.524092
1472.163585 398.505029
1589.919059 396.350085
1712.207659 394.135869
1839.104055 391.778898
1143.617641 506.413011
1248.673521 506.261399
1357.389851 506.098356
1469.958004 505.905810
1586.668409 505.870944
1707.719284 505.686606
1833.308181 505.566425
1144.272457 606.711386
1248.344729 608.330415
1356.169833 609.917194
1467.682592 611.618331
1583.286832 613.511288
1703.287912 615.279509
1827.707317 617.214607
1144.906406 705.323142
1248.109458 708.490349
1354.949291 711.835854
1465.634688 715.400307
1580.088943 719.084750
1698.826940 722.766439
1822.055773 726.770350
