508.178222 403.870734
586.426541 399.263530
670.298998 394.630906
760.426386 389.720266
857.173782 384.691446
961.238077 379.521447
1073.021260 374.252291
529.310036 497.778295
606.831917 496.552727
689.680015 495.326130
778.558980 494.141789
873.914340 492.824228
976.271091 491.674078
1086.028987 490.641459
550.015584 588.473760
626.660162 590.177679
708.549765 592.095782
796.147848 594.159958
890.038587 596.528819
990.560008 598.957677
1098.148564 601.692270
570.097407 675.636133
645.929496 680.116606
726.757015 685.008168
813.106644 690.273646
905.471404 695.685157
1004.158913 701.456866
1109.483754 707.589184
589.661958 759.553892
664.651221 766.615794
744.478124 774.072463
829.506013 781.942944
920.232364 790.304763
1017.031822 799.056231
1120.163773 808.302926
608.554546 840.260153
682.622936 849.599454
761.370456 859.420265
845.087536 869.724559
934.275064 880.619390
1029.202054 892.036745
1130.120076 904.059428
626.902040 917.756896
700.025726 929.067444
777.598994 940.978237
860.092121 953.560879
947.695400 966.727586
1040.762143 980.478704
1139.539768 994.975797
559.060174 260.987546
635.338499 252.214661
716.802237 243.152439
803.898117 233.717651
896.961176 223.900088
996.595281 213.807695
1103.023888 203.395010
558.342463 354.350963
634.718353 348.658913
716.246551 342.691145
803.446707 336.577488
896.791199 330.158291
996.672413 323.651688
1103.435037 317.051929
557.897926 448.401559
634.302624 445.689805
715.861398 442.966828
803.178703 440.107845
896.645720 437.292114
996.630035 434.377461
1103.604838 431.601478
557.678346 542.617781
634.091199 542.952614
715.651834 543.522081
802.981190 544.149943
896.489253 544.823060
996.544348 545.725184
1103.527073 546.713928
557.735859 636.969308
634.143906 640.409319
715.708431 644.169187
803.006637 648.147006
896.341920 652.518374
996.343834 657.071234
1103.203838 662.028499
557.965994 731.265375
634.260532 737.776131
715.922308 744.751256
802.981298 752.154198
896.217662 760.019488
996.026596 768.246923
1102.641035 776.997624
558.469306 825.259199
634.731263 834.753977
716.154847 844.834630
803.198222 855.591271
896.145156 866.893200
995.688651 878.784297
1101.925639 891.381652
635.177500 165.717062
708.596278 155.070368
786.502484 144.077946
869.269382 132.785891
957.156326 121.000276
1050.686425 108.894309
1149.841537 96.515345
616.800791 243.290813
691.150650 234.772363
770.147478 225.883792
854.210656 216.756092
943.846388 207.260329
1039.133517 197.563444
1140.505773 187.628295
597.797078 324.415917
673.056361 318.116219
753.154166 311.638419
838.600122 304.906514
929.751554 298.038317
1026.882851 290.925955
1130.491683 283.816923
578.308330 408.888949
654.385139 405.093787
735.511173 401.323904
822.217172 397.382720
914.940371 393.346568
1014.033323 389.346209
1119.779740 385.236967
558.253390 497.011495
635.153641 496.020439
717.223492 495.205502
805.311145 494.257042
899.423409 493.481334
1000.377338 492.716045
1108.244129 492.216908
537.570829 588.659951
615.171330 590.740621
698.469663 593.136368
787.564937 595.585568
883.233114 598.472835
985.892100 601.441860
1095.897107 604.685361
516.360992 683.915213
594.884738 689.297483
679.113778 695.089069
769.426296 701.417066
866.360091 708.106494
970.770463 715.187766
1082.701884 722.709476
916.154264 308.320260
1025.969255 315.940287
1128.426334 323.335282
1224.046554 330.613396
1313.329662 337.643131
1396.714290 344.286894
1474.596729 350.813718
906.571114 427.275084
1015.202005 430.798549
1116.657037 434.431047
1211.382627 437.925705
1299.909131 441.397796
1382.713618 444.708050
1460.093928 447.970328
897.394417 542.952156
1004.573499 542.745786
1104.918024 542.595844
1198.729173 542.609838
1286.478630 542.705872
1368.634904 542.711626
1445.512455 542.973390
888.426834 655.081913
994.244766 651.275625
1093.269194 647.715713
1186.125819 644.380686
1273.077326 641.287549
1354.519755 638.308703
1430.920204 635.681162
879.853012 763.333786
984.099436 756.284193
1081.879259 749.539625
1173.556145 743.226306
1259.758791 737.093900
1340.446170 731.406489
1416.293656 725.941257
871.616921 867.841025
974.274237 857.772815
1070.659255 848.126592
1161.350957 838.938480
1246.531568 830.038053
1326.601039 821.678583
1401.884251 813.762394
863.639311 968.477874
964.597760 955.580665
1059.798521 943.169151
1149.282866 931.481054
1233.559596 920.105761
1312.798963 909.253783
1387.442681 899.020083
896.347962 197.120809
1001.883945 207.971239
1100.735184 218.438953
1193.339300 228.731796
1280.128347 238.646307
1361.471060 248.106665
1437.707743 257.254788
895.716080 310.849111
1001.594173 318.084168
1100.764832 325.243297
1193.583704 332.202441
1280.541138 338.977000
1362.001385 345.438014
1438.327311 351.704448
895.109046 425.573531
1001.147160 429.233173
1100.505411 432.839645
1193.530418 436.483122
1280.581175 440.001506
1362.128706 443.297604
1438.560792 446.686783
894.459471 540.981934
1000.655094 540.922147
1100.074621 541.003837
1193.154745 541.161064
1280.273993 541.446071
1361.852610 541.681641
1438.372400 542.103085
893.863067 656.520765
1000.000766 652.807223
1099.376079 649.355581
1192.409844 646.128292
1279.663637 643.029038
1361.213824 640.283179
1437.693743 637.587775
893.349827 771.900188
999.302719 764.578117
1098.503917 757.645934
1191.533714 751.062297
1278.632123 744.645220
1360.305517 738.684623
1436.794984 733.131037
892.832058 886.704776
998.418717 875.777097
1097.550218 865.258042
1190.364406 855.452158
1277.424740 845.867522
1358.939910 836.870524
1435.423960 828.400134
858.111502 93.553340
955.981164 106.320501
1048.272258 118.608139
1135.339219 130.751754
1217.397921 142.436918
1294.859617 153.699813
1367.927522 164.677465
868.340488 184.317913
968.332768 194.711115
1062.542235 204.895331
1151.189714 214.839142
1234.634216 224.503896
1313.129800 233.812175
1387.067177 242.746183
879.022802 280.182182
981.232984 288.043303
1077.306212 295.738058
1167.627217 303.315881
1252.349398 310.643586
1331.960751 317.598923
1406.849281 324.479643
890.290649 381.518479
994.779334 386.404706
1092.722062 391.310661
1184.507197 396.079850
1270.566583 400.799426
1351.289113 405.317733
1427.069564 409.780016
902.191226 488.407348
1008.789945 490.013855
1108.541024 491.793670
1201.901275 493.574755
1289.341670 495.236811
1371.101407 497.056855
1447.689846 498.764409
914.781610 600.997661
1023.453816 599.023860
1125.098616 597.298453
1219.966035 595.654182
1308.587583 594.125113
1391.462689 592.762820
1468.929336 591.561710
927.904735 719.322112
1038.626976 713.364750
1142.125159 707.585262
1238.479688 702.365515
1328.357740 697.264844
1412.141285 692.570000
1490.407448 688.191533
663.174542 376.831484
785.363688 377.375187
906.276513 378.305225
1025.608734 379.670482
1142.781121 381.340791
1257.457418 383.101761
1369.464879 385.241947
668.576532 487.677650
786.736186 487.711061
903.649016 488.005135
1019.052329 488.453363
1132.455073 489.016108
1243.632681 489.724383
1352.257714 490.703075
674.031914 591.555010
788.131082 591.095841
901.192794 590.684496
1012.820232 590.349195
1122.662567 590.127234
1230.376574 589.765664
1335.706264 589.670926
679.234625 688.654043
789.583711 687.749039
898.864739 686.775315
1006.914071 685.887737
1113.261779 684.839257
1217.642480 683.689026
1319.853821 682.697064
684.326482 779.390377
791.090699 778.113857
896.819373 776.630029
1001.272609 775.123008
1104.324318 773.472822
1205.437641 771.827781
1304.672161 769.996746
689.103065 864.434726
792.540177 862.705714
894.813317 860.829512
996.043829 858.815118
1095.775450 856.601014
1193.958046 854.333498
1290.302250 851.974357
693.750627 944.108142
793.800657 941.944385
892.990740 939.617032
991.042269 937.232086
1087.732976 934.589439
1182.970045 931.808471
1276.529287 928.982363
689.383881 77.089322
796.006750 79.499479
901.528496 82.331090
1005.815579 85.715792
1108.595805 89.468809
1209.681650 93.667111
1308.792398 98.259291
685.771473 172.445117
794.461674 174.355166
902.085459 176.674221
1008.404777 179.478177
1113.158575 182.665861
1216.064645 186.210276
1316.909288 190.094527
682.121825 271.955839
792.892603 273.337346
902.588412 275.131578
1011.023771 277.320575
1117.687807 279.862603
1222.416505 282.622874
1325.040671 285.799095
678.514134 375.608981
791.361773 376.441674
903.141024 377.669083
1013.526206 379.167240
1122.161263 380.994436
1228.750444 383.025957
1333.122529 385.275286
675.013240 483.472279
789.876268 483.793827
903.616599 484.448993
1016.047852 485.214318
1126.612322 486.151045
1234.986594 487.288774
1341.015729 488.576102
671.671948 595.405813
788.395302 595.250372
904.265136 595.263329
1018.560872 595.275073
1130.954172 595.314871
1241.202446 595.395306
1348.922181 595.628628
668.453403 711.369087
787.143338 710.602622
904.884049 709.811291
1021.063662 709.051104
1135.232125 708.165261
1247.093176 707.205991
1356.465453 706.258766
871.438052 235.996768
985.120051 246.037454
1091.149740 255.761412
1190.060208 265.313385
1282.390776 274.520131
1368.517880 283.258648
1448.924493 291.763972
862.301196 358.358386
974.742839 364.135920
1079.738971 369.943730
1177.760044 375.533376
1269.279669 381.043946
1354.798942 386.266534
1434.691627 391.382758
853.592100 477.526336
964.549289 479.372246
1068.386253 481.202137
1165.457631 483.179658
1256.153630 485.125103
1341.025153 486.924433
1420.392423 488.841629
845.129345 593.170445
954.678189 591.234789
1057.208522 589.488111
1153.242995 587.940861
1243.082214 586.536382
1327.190926 585.169842
1406.020015 584.074136
837.101324 704.993451
944.997613 699.628199
1046.239861 694.485959
1141.027130 689.740637
1230.070242 685.140497
1313.373596 680.902392
1391.618161 676.846555
829.483257 812.973378
935.708840 804.426775
1035.413951 796.225836
1129.170390 788.427737
1217.135152 780.887762
1299.796903 773.814051
1377.411881 767.128422
822.171193 916.981021
926.585161 905.400914
1024.999004 894.259303
1117.473769 883.795656
1204.498522 873.598543
1286.230967 863.930933
1363.181443 854.801306
591.504464 225.827162
667.398199 216.276284
748.225999 206.365067
834.492814 196.111207
926.504818 185.413146
1024.774598 174.467324
1129.498664 163.166828
577.824917 312.711379
654.346440 305.792949
735.977458 298.525944
823.193212 291.097025
916.499703 283.321150
1016.162368 275.413746
1122.602730 267.348058
563.937598 402.460999
641.092131 398.290664
723.466289 394.030530
811.660783 389.551246
906.087566 385.063856
1007.115731 380.369647
1115.233687 375.846054
549.916680 494.856479
627.650079 493.666856
710.739306 492.597758
799.805430 491.506496
895.330351 490.403788
997.729510 489.466586
1107.386975 488.548488
535.792618 589.916342
614.085837 591.895742
697.846162 594.197086
787.823047 596.576881
884.235250 599.343966
987.889598 602.205750
1098.962265 605.454350
521.499761 687.499258
600.235068 692.856924
684.879155 698.734213
775.437582 704.927873
872.822550 711.673792
977.585436 718.688159
1089.984420 726.187013
507.190883 787.458410
586.500262 796.377701
671.629274 805.898751
763.099459 816.121200
861.217613 826.934864
967.030730 838.387090
1080.555088 850.531901
589.939238 379.916500
698.832772 377.817568
810.587383 375.982581
925.278732 374.380528
1042.361985 373.129160
1161.550623 372.184868
1282.421196 371.509749
598.237014 489.400251
705.526840 488.786010
815.642333 488.385205
928.493910 488.112063
1043.705724 487.912768
1160.985472 487.962176
1279.833304 488.229660
606.671468 595.732017
712.315260 596.429984
820.641932 597.228464
931.632725 598.163716
1044.919737 599.088513
1160.145204 600.046959
1276.928645 601.166543
615.053605 698.537878
719.075647 700.458909
825.515349 702.517650
934.608088 704.553702
1045.901292 706.447131
1159.014558 708.328390
1273.694120 710.232891
623.410822 797.903563
725.738525 800.953958
830.442380 804.015886
937.496373 806.975414
1046.724487 809.880573
1157.723894 812.691859
1270.227379 815.341451
631.583500 893.849598
732.186946 897.891900
835.087893 901.865705
940.223245 905.757422
1047.404029 909.484882
1156.329138 913.100810
1266.696535 916.488705
639.685473 986.208485
738.500522 991.111948
839.594267 995.918862
942.861408 1000.695978
1048.001032 1005.191596
1154.772004 1009.466196
1262.998886 1013.592856
677.704091 148.526156
771.017745 144.743502
866.206101 141.210017
963.265986 138.133865
1061.979464 135.316009
1162.285374 132.878336
1263.706075 130.884415
663.914056 225.737702
759.926019 222.572481
858.071977 219.632166
958.207781 217.112890
1060.199823 214.889968
1163.694081 213.017953
1268.475374 211.538744
649.263726 308.154605
748.182920 305.702873
849.330041 303.556927
952.799907 301.682881
1058.090525 300.152383
1164.991283 298.867955
1273.359219 298.054481
633.905008 396.083827
735.792772 394.530870
840.173472 393.286131
946.878009 392.190535
1055.688992 391.431320
1166.274479 390.992652
1278.287453 390.773944
617.774525 490.028900
722.711747 489.549311
830.264910 489.405805
940.623598 489.277219
1053.011837 489.383063
1167.390333 489.701273
1283.220863 490.274461
600.820576 590.246677
708.828403 591.095428
820.025230 592.152950
933.786497 593.240143
1050.003033 594.437800
1168.347548 595.640202
1288.267788 596.992316
582.960026 697.211396
694.475068 699.516334
809.049900 701.919163
926.576626 704.395412
1046.637910 706.756924
1169.026359 709.106567
1293.094384 711.383961
271.016972 102.280892
372.257641 105.739789
472.075674 109.348295
570.351800 113.489533
666.958417 117.821263
761.772730 122.445963
854.448191 127.390956
256.624523 179.621364
361.106412 182.374938
464.152926 185.433328
565.567359 188.903443
665.284921 192.592626
762.896796 196.521486
858.327784 200.659261
241.649245 262.246865
349.494583 264.341304
455.876217 266.748558
560.711185 269.419922
663.477416 272.308743
764.081806 275.340164
862.429507 278.732252
226.030097 350.625673
337.534987 351.890947
447.465285 353.492336
555.593572 355.249207
661.660557 357.288929
765.450574 359.469337
866.823066 361.896504
209.862702 445.220477
325.089757 445.580945
438.587574 446.311051
550.422222 447.128604
659.903325 448.099403
766.965492 449.254366
871.473040 450.576639
193.139668 546.400086
312.126258 545.836200
429.721789 545.544091
545.131433 545.276916
658.274446 545.117915
768.792531 545.054217
876.566838 545.140084
175.762443 654.622792
298.966522 653.064678
420.561958 651.450947
539.905425 650.018311
656.773371 648.532953
770.792825 647.186452
881.857024 645.863454
305.863615 380.256597
432.909360 383.947643
553.388407 387.675301
667.434795 391.546046
775.244521 395.417399
877.115017 399.181212
973.320286 403.028787
306.556101 494.775803
430.731689 495.204165
548.589765 495.891943
660.244172 496.602213
765.958401 497.440783
866.049274 498.272827
960.630639 499.280561
307.966480 604.107348
429.061122 601.630962
544.282387 599.289043
653.678551 597.205557
757.259500 595.278877
855.455491 593.433517
948.399590 591.831368
309.620840 708.349348
427.930665 703.139507
540.422774 698.167652
647.506730 693.496569
749.037517 689.071509
845.312269 684.761282
936.642772 680.799616
311.741706 807.476031
427.080712 799.929143
537.112862 792.535255
641.726360 785.538874
741.321647 778.753752
835.651746 772.352426
925.301767 766.083884
314.080345 901.907574
426.666333 892.187822
534.015803 882.693248
636.488657 873.539299
733.900398 864.574800
826.524160 856.047761
914.530569 847.859882
316.773173 991.532535
426.446062 979.909899
531.387693 968.445212
631.490852 957.427486
726.911161 946.624224
817.676533 936.201310
904.105288 926.230540
319.431448 166.218444
435.655420 175.412329
546.356095 184.441144
651.726625 193.596864
751.861393 202.559987
846.892419 211.338836
937.056793 220.008946
316.515279 272.214125
434.096432 278.699788
546.063330 285.241477
652.470399 291.768390
753.548169 298.238895
849.393515 304.560225
940.308368 310.848233
314.144306 380.785526
432.882927 384.514360
545.958343 388.319837
653.438836 392.218755
755.310327 396.022985
851.955439 399.768732
943.580303 403.619127
312.219929 491.884997
432.191224 492.622952
546.241683 493.548852
654.543571 494.596668
757.232457 495.748408
854.620153 496.855856
946.889019 498.173345
310.888055 605.016744
431.812610 602.760709
546.747641 600.739204
655.902967 598.903367
759.359652 597.162363
857.333898 595.681606
950.158208 594.246170
310.106084 720.167931
431.872663 714.810283
547.680003 709.714841
657.661689 704.879141
761.691834 700.223030
860.253938 695.859927
953.562798 691.679599
309.913533 836.873042
432.373743 828.357096
549.011923 819.970265
659.518646 812.124061
764.257818 804.449404
863.148609 797.161331
956.838576 790.186369
326.977204 107.760118
436.388245 117.798857
540.885582 127.662914
640.640821 137.672335
735.735494 147.489969
826.319952 157.093553
912.490706 166.566615
323.455110 197.461980
435.616474 205.471748
542.738064 213.517169
644.800816 221.534869
742.005568 229.456600
834.392544 237.231637
922.192594 244.906774
320.069274 292.091143
435.093965 297.933791
544.810858 303.825020
649.375537 309.722739
748.569956 315.529815
842.808867 321.193182
932.322006 326.959318
316.942159 391.953651
435.010211 395.284094
547.368993 398.748771
654.162175 402.217183
755.479682 405.775797
851.665343 409.262312
942.878862 412.830648
314.191883 497.184290
435.174368 497.759890
550.150597 498.594411
659.385827 499.478750
762.881672 500.409195
860.933723 501.490213
953.760609 502.593137
311.911701 607.915283
435.744752 605.495574
553.586208 603.369032
665.198925 601.389675
770.769142 599.486222
870.778985 597.841693
965.263185 596.306155
309.979366 724.302707
436.834561 718.598727
557.443695 713.028481
671.475657 707.954906
779.186965 703.049781
880.909007 698.398445
977.006688 693.967981
192.639807 357.453779
316.676657 358.477109
438.758800 359.837054
558.714579 361.531054
676.081276 363.477651
790.505520 365.523062
901.960424 367.879910
207.870312 467.012303
327.996000 467.019284
446.205379 467.296790
562.286217 467.671534
675.900240 468.199122
786.894231 468.836160
895.033497 469.728201
222.942889 570.005618
339.044173 569.020978
453.478963 568.125975
565.948175 567.354004
676.046233 566.728478
783.619636 566.086989
888.524478 565.659153
237.385838 666.609674
349.898546 664.699597
460.586429 662.857278
569.572091 661.120251
676.357567 659.376075
780.607297 657.638463
882.441160 656.105699
251.469751 757.129531
360.390641 754.569818
467.712748 751.831415
573.182833 749.181204
676.805203 746.473208
777.886046 743.924526
876.702441 741.259626
265.014593 842.245883
370.537212 838.957767
474.455129 835.505695
576.843494 832.063567
677.233082 828.492108
775.478640 824.944744
871.429372 821.414780
278.179339 922.087009
380.319338 918.148631
481.126317 914.055172
580.371044 909.951803
677.797488 905.643475
773.111154 901.266869
866.381464 896.953537
329.929368 227.097700
455.457097 235.218250
574.443854 243.200544
687.113146 251.243192
793.695242 259.196222
894.289724 266.911451
989.282253 274.581153
328.776513 345.607515
452.679956 350.287449
570.202711 355.103940
681.466288 359.852325
786.753885 364.591199
886.368712 369.232012
980.443196 373.932879
328.417946 461.099833
450.379914 462.589792
566.288394 464.141856
676.153292 465.837392
780.147284 467.581404
878.658345 469.281114
971.738108 471.157990
328.524785 573.276057
448.676959 571.648620
562.796925 570.231890
671.189615 569.015256
773.851336 567.938058
871.127931 566.886779
963.220567 566.146411
329.191745 681.859112
447.333135 677.442365
559.785694 673.194614
666.543861 669.271434
767.871837 665.478046
863.823433 661.985902
954.826734 658.598783
330.289292 787.039710
446.458090 779.965274
557.052049 773.097766
662.331948 766.582000
762.202003 760.235241
856.911268 754.258082
946.762117 748.497821
331.783968 888.500592
445.838866 878.939257
554.747148 869.572680
658.308852 860.718105
756.767808 852.002242
850.101828 843.677798
938.815798 835.739407
123.079271 48.474660
249.669056 52.679560
374.529623 57.070032
497.506656 62.264472
617.981125 67.895270
735.728165 73.997437
850.385109 80.559996
124.226868 169.761014
250.437160 172.572121
374.801243 175.872257
497.075803 179.601604
617.057409 183.756550
734.280381 188.243590
848.413515 193.148919
126.583096 290.083670
251.892764 291.754987
375.526560 293.795092
497.224531 296.185080
616.476634 298.906287
732.976121 301.778086
846.478694 305.027049
129.545001 409.269796
254.147800 409.773537
376.875519 410.578197
497.688958 411.634550
616.150295 412.927100
731.823324 414.325890
844.616529 416.032366
133.404990 526.928188
256.973108 526.405543
378.782643 525.995287
498.602048 525.742801
616.143624 525.599764
730.864328 525.666000
842.805636 525.798286
137.929189 642.895877
260.395865 641.261236
381.146787 639.690878
499.930372 638.195557
616.451701 636.655898
730.282692 635.258607
841.207604 633.964390
143.163984 756.677997
264.395156 753.979718
384.003546 751.181654
501.646814 748.535080
617.053826 745.690986
729.775863 742.924424
839.631921 740.275204
237.386743 148.825400
376.346303 159.441502
507.797558 170.021439
632.008711 180.662451
749.093203 191.140830
859.164513 201.359518
962.784470 211.408140
238.427861 277.734806
374.367485 284.364103
502.997074 291.189269
624.611720 297.996057
739.435110 304.678619
847.614301 311.213065
949.520573 317.824402
240.487304 401.135472
372.999218 404.184890
498.796446 407.293409
617.910781 410.579315
730.352561 413.840367
836.561666 417.047645
936.718744 420.354974
243.005966 518.959423
372.372342 518.617579
495.149516 518.453625
611.685317 518.482987
721.813343 518.627121
825.989368 518.707272
924.437370 519.157047
246.057826 631.079887
372.180247 627.756723
492.160273 624.524293
605.957829 621.648435
713.938972 618.860167
815.936589 616.355734
912.584251 614.019563
249.574016 737.877399
372.539931 731.767356
489.521870 725.848545
600.908823 720.259172
706.532942 714.815827
806.562880 709.798158
901.372075 704.957776
253.441869 839.263345
373.132637 830.637623
487.433002 822.191010
596.176439 814.263014
699.591530 806.488053
797.529552 799.075368
890.497572 792.014439
138.686452 288.901736
255.438463 288.685533
372.360978 288.738408
489.490100 289.323805
606.363350 290.158686
722.625014 291.339000
837.801914 292.900710
130.576804 401.746865
248.532885 401.398323
366.740618 401.314181
485.100477 401.587361
603.297182 402.033758
720.689802 402.707082
837.049894 403.651326
123.148215 517.248647
242.141549 516.803288
361.497530 516.578787
481.144109 516.482374
600.397559 516.507868
718.877842 516.603283
836.380375 516.999824
116.222065 635.066203
236.450571 634.518906
356.852286 634.052986
477.452044 633.625769
597.776637 633.204141
717.340857 632.815157
835.842525 632.598800
110.132620 754.846648
231.171783 754.246711
352.569586 753.632068
474.149700 752.830506
595.421017 751.951344
715.981525 751.061469
835.303456 750.163952
104.607380 876.434795
226.443012 875.713219
348.807379 874.893435
471.207073 873.822101
593.377569 872.462448
714.797153 870.922267
834.988157 869.221263
100.218383 999.021702
222.346822 998.619075
345.725982 997.278881
468.832028 996.055830
591.619021 994.212101
713.678691 992.028583
834.539522 989.609238
289.599013 199.051889
411.250303 207.584382
526.900921 215.964244
636.819786 224.531543
741.137178 232.873024
839.969077 241.091470
933.570504 249.203111
285.141028 301.468570
410.078223 307.343394
528.890611 313.334311
641.489668 319.375109
748.222871 325.346122
849.150365 331.179560
944.626299 336.989975
280.900186 409.817013
409.261787 412.897664
531.158796 416.078353
646.674177 419.394693
755.712446 422.630422
858.818738 425.825288
956.175146 429.190013
277.039918 524.557227
409.019285 524.336810
534.011914 524.340830
652.123108 524.477502
763.622101 524.838325
868.938469 525.185852
968.224120 525.762373
273.680225 645.644921
409.094052 641.783724
537.133930 638.358130
658.207326 635.126504
772.184916 632.076725
879.559870 629.371539
980.632324 626.788149
270.925143 773.278226
409.729392 765.521856
541.109475 758.233540
664.956658 751.253386
781.336367 744.557560
890.835178 738.257882
993.732266 732.252999
268.794446 907.566113
411.037037 895.551082
545.667350 883.814250
672.167985 872.801433
791.046777 862.026598
902.519104 851.862735
1007.148747 842.163806
996.439829 412.186572
1088.975546 408.824716
1186.946692 405.635350
1290.865099 402.294721
1400.686405 399.125660
1516.746918 395.880310
1639.241788 392.715886
1008.199133 504.360281
1099.313237 503.869744
1195.597277 503.513627
1297.551469 503.206777
1405.216225 502.979858
1518.874048 502.931925
1638.701328 503.064825
1019.500586 593.397232
1109.090397 595.393122
1203.729282 597.569501
1303.664861 599.961505
1409.190979 602.627768
1520.406304 605.375314
1637.552282 608.463710
1030.261243 678.839132
1118.287332 683.202811
1211.202128 687.897908
1309.276940 692.825269
1412.643312 697.946274
1521.439584 703.425279
1635.819958 709.150960
1040.579973 761.010949
1127.080581 767.617556
1218.295452 774.490610
1314.402728 781.606206
1415.575245 789.168748
1521.960931 797.033352
1633.652856 805.246408
1050.331278 839.965100
1135.316756 848.556779
1224.806787 857.460231
1318.985762 866.708070
1418.031439 876.365912
1522.047339 886.376002
1631.106887 896.816171
1059.748493 915.762115
1143.174246 926.080204
1230.911759 936.834836
1323.240018 948.050817
1420.139311 959.632801
1521.799715 971.569756
1628.306843 984.016170
1038.021979 238.441263
1125.425593 230.780746
1217.555995 223.038993
1314.749687 215.208489
1417.005493 207.267566
1524.643950 199.294037
1637.716608 191.274110
1034.618335 326.300478
1122.668731 321.115684
1215.546285 315.783183
1313.575965 310.492099
1416.851611 305.103320
1525.544481 299.766468
1639.772688 294.497349
1031.039148 416.038180
1119.722579 413.218156
1213.303030 410.478478
1312.115570 407.724235
1416.269525 405.136203
1525.895458 402.465361
1641.264719 400.053981
1027.314351 507.171959
1116.548355 506.891638
1210.756494 506.857027
1310.233526 506.890123
1415.182446 507.010974
1525.724706 507.352676
1642.085016 507.801769
1023.506266 599.725861
1113.202907 602.120278
1207.909327 604.783071
1308.050360 607.564307
1413.608886 610.656770
1524.995896 613.908645
1642.215508 617.526659
1019.488351 693.422450
1109.474139 698.603430
1204.746437 704.072171
1305.334469 709.738192
1411.586595 715.847383
1523.686551 722.221508
1641.690147 728.966583
1015.377137 788.072570
1105.721085 795.942029
1201.326812 804.263922
1302.428939 813.058989
1409.164046 822.183066
1521.840480 831.735925
1640.423356 841.766427
1067.353993 186.852740
1151.158249 178.446723
1239.206957 169.905864
1331.790565 161.317472
1428.882014 152.558644
1530.811870 143.771358
1637.548400 134.931466
1057.980602 263.136344
1143.236985 256.637174
1232.993256 249.940593
1327.431280 243.297722
1426.761225 236.497359
1530.964955 229.742784
1640.278944 223.006283
1048.065924 342.874567
1134.872656 338.328882
1226.326312 333.786119
1322.748039 329.191554
1424.149451 324.671014
1530.721989 320.033669
1642.705417 315.647155
1037.707390 425.994229
1126.024907 423.590111
1219.204673 421.377262
1317.473010 419.128814
1421.037591 416.963338
1530.055750 414.970137
1644.682243 412.964856
1026.858468 512.699344
1116.671765 512.722930
1211.442514 512.967731
1311.755497 513.232644
1417.396380 513.760380
1528.894571 514.418632
1646.138875 515.338981
1015.456767 602.852822
1106.583247 605.575005
1203.233032 608.557275
1305.262905 611.645057
1413.141960 615.124381
1527.057276 618.746016
1647.014053 622.699223
1003.530478 696.549675
1096.165898 702.101706
1194.330076 707.995588
1298.340131 714.260042
1408.283400 720.850201
1524.629029 727.815488
1647.271310 735.133078
1084.690503 463.136772
1191.644315 462.339579
1301.666784 461.839181
1414.713051 461.460003
1530.259121 461.338917
1648.230538 461.298246
1768.434440 461.482052
1090.208707 557.820840
1194.113160 558.577685
1300.830469 559.512648
1410.362466 560.516360
1522.286057 561.598222
1636.609038 562.854881
1752.897041 564.256359
1095.351151 647.276437
1196.196339 649.291389
1299.787573 651.382961
1405.907431 653.560457
1514.419401 655.915102
1625.133510 658.182408
1737.769152 660.647580
1100.002020 731.509266
1197.974623 734.684693
1298.446836 737.924386
1401.421817 741.257815
1506.654014 744.545703
1613.857958 747.842520
1722.960208 751.168506
1104.385537 810.886584
1199.537420 815.131774
1297.123335 819.342543
1396.968019 823.563906
1499.020748 827.836654
1602.911377 832.067103
1708.577990 836.222719
1108.332452 885.847148
1200.834210 891.017785
1295.544333 896.091781
1392.489741 901.169550
1491.432516 906.201171
1592.271835 911.216837
1694.684778 916.203678
1112.126979 956.575761
1201.929713 962.463619
1293.956435 968.301622
1388.110055 974.201596
1484.153738 979.966284
1581.939316 985.586614
1681.341569 991.243952
1122.100915 146.134667
1211.988362 141.717847
1303.924289 137.522506
1397.887108 133.676069
1493.639667 130.047443
1591.241283 126.743388
1690.375437 123.702134
1118.387184 217.478907
1210.790559 213.900466
1305.454041 210.488855
1402.214764 207.438143
1500.977132 204.594629
1601.500828 202.076132
1703.660595 199.807983
1114.234805 293.320594
1209.353217 290.645056
1306.795993 288.235588
1406.601198 286.044288
1508.343435 284.118642
1612.026675 282.312033
1717.489951 280.955220
1109.809297 373.841888
1207.690464 372.174996
1308.134356 370.851559
1410.898857 369.635400
1515.855768 368.671083
1622.849979 367.953303
1731.660987 367.394766
1104.986519 459.445563
1205.735572 458.975002
1309.109346 458.833456
1415.179681 458.768319
1523.412600 458.913922
1633.888701 459.221679
1746.155802 459.765781
1099.743829 550.343337
1203.314389 551.308196
1310.035852 552.514666
1419.249784 553.719235
1531.011474 555.163380
1645.095741 556.692437
1761.105329 558.350224
1093.907421 646.938480
1200.667053 649.382235
1310.576540 651.984428
1423.333333 654.783178
1538.632519 657.624342
1656.408014 660.569606
1776.250265 663.545074
1084.763231 237.598740
1165.752926 230.833684
1250.651290 224.006086
1339.696073 217.159365
1432.947706 210.194166
1530.614984 203.224175
1632.634667 196.267534
1073.177547 307.748033
1155.915888 302.622074
1242.785843 297.406490
1334.070054 292.260262
1429.845464 287.023891
1530.136964 281.821022
1635.157258 276.661475
1060.841334 381.721837
1145.434256 378.345619
1234.344455 375.036477
1327.955967 371.660732
1426.195065 368.439397
1529.268148 365.140247
1637.411335 362.074090
1047.869458 459.523548
1134.283529 458.117160
1225.306529 456.901769
1321.124923 455.671842
1422.015549 454.584243
1528.017593 453.671977
1639.294883 452.789584
1034.152297 541.479458
1122.430036 542.309476
1215.439793 543.377357
1313.784372 544.540192
1417.234133 545.891440
1526.270115 547.418983
1640.762989 549.235285
1019.635779 627.583698
1109.613004 630.967941
1204.968845 634.613327
1305.539919 638.416524
1411.793668 642.603079
1523.874250 646.960727
1641.777325 651.659434
1004.261914 718.084973
1096.191715 724.200411
1193.570590 730.701073
1296.692112 737.583412
1405.613468 744.794978
1520.843987 752.415053
1642.201213 760.377615
1111.427030 288.718027
1198.303281 282.991400
1289.603335 277.200581
1385.592394 271.459067
1486.297809 265.634040
1591.992804 259.836275
1702.689099 254.079597
1102.579896 369.144590
1190.968971 365.493484
1284.055340 361.760525
1382.006384 358.178178
1484.931971 354.519986
1592.999293 350.966959
1706.326669 347.525468
1093.206892 453.131927
1183.173014 451.633826
1277.991930 450.235076
1377.971100 448.916510
1483.044733 447.745939
1593.537755 446.590281
1709.623021 445.739421
1083.350777 540.517061
1174.883798 541.370750
1271.480847 542.536471
1373.340869 543.810020
1480.652176 545.227239
1593.645819 546.964777
1712.395339 548.784182
1073.012637 631.439380
1166.038763 634.933990
1264.259082 638.810660
1368.192752 642.842556
1477.652726 647.225573
1593.200779 651.862266
1714.563954 656.861631
1062.073587 725.818796
1156.464217 732.268799
1256.565511 739.116764
1362.243678 746.170664
1474.019824 753.772366
1592.011888 761.648229
1716.132475 769.947993
1050.646144 823.652588
1146.541089 833.148358
1248.196773 843.157998
1355.911679 853.709054
1469.723635 864.666568
1590.116399 876.144393
1717.014989 888.119512
1149.992945 378.937684
1253.845922 377.278082
1360.375747 375.932233
1469.438558 374.807740
1580.782232 373.895714
1694.240103 373.176028
1809.572305 372.722570
1149.971611 479.756206
1253.870514 479.638459
1360.576685 479.676899
1469.744210 479.952338
1581.163711 480.326409
1694.783098 480.891519
1810.195833 481.657348
1149.686794 580.990571
1253.595156 582.328660
1360.322128 583.809190
1469.491520 585.380683
1580.964740 587.168328
1694.567406 588.885911
1810.098198 590.907768
1149.207872 682.119582
1253.060499 684.882567
1359.627721 687.855666
1468.734677 690.870553
1580.174417 693.891173
1693.649135 696.967284
1809.031899 700.102189
1148.562594 782.976418
1252.185241 787.267391
1358.556089 791.622315
1467.526233 796.000051
1578.748339 800.428602
1692.110414 804.799396
1807.274898 809.156107
1147.663814 883.378104
1251.021202 889.203101
1357.128655 894.988293
1465.772194 900.766370
1576.707128 906.496091
1689.846019 912.135366
1804.804598 917.708413
1146.670700 983.039975
1249.590094 990.295963
1355.344413 997.474399
1463.687185 1004.719714
1574.239315 1011.712271
1686.851082 1018.376448
1801.570734 1025.612732
1035.613874 216.619138
1131.937362 207.273230
1234.084550 197.812994
1342.430166 188.090913
1456.940853 178.313946
1578.042043 168.428489
1705.873980 158.392536
1047.194997 314.533458
1142.140631 308.427105
1242.621432 302.162513
1349.045924 295.911529
1461.477744 289.423500
1580.266062 283.051341
1705.351482 276.702432
1058.304336 409.508461
1151.799959 406.222892
1250.622850 402.924199
1355.090706 399.614899
1465.408635 396.491562
1581.706075 393.288953
1704.152833 390.289070
1068.860322 501.085408
1160.864636 500.427003
1257.940179 500.010094
1360.491969 499.668987
1468.671817 499.332621
1582.488744 499.247680
1702.197341 499.244897
1078.994442 589.355787
1169.433225 591.266828
1264.793379 593.341869
1365.336614 595.580592
1471.290547 598.033648
1582.675641 600.705381
1699.697218 603.612332
1088.495071 674.371675
1177.366370 678.641840
1271.002842 683.047212
1369.551111 687.713137
1473.303108 692.656750
1582.384729 697.841641
1696.694263 703.311886
1097.609172 756.151240
1184.882407 762.393990
1276.746861 768.960019
1373.440658 775.923115
1474.982283 783.139105
1581.603374 790.633281
1693.298357 798.526994
1186.863648 82.809517
1296.027098 80.200820
1406.206539 78.185546
1517.243857 76.716649
1628.716398 75.687056
1740.450700 75.052358
1852.188069 75.124727
1187.198214 189.580149
1295.914387 187.820385
1405.641976 186.434817
1516.148598 185.532294
1627.073912 184.992679
1738.291771 184.851070
1849.431551 185.088274
1187.299067 295.938594
1295.387075 294.881261
1404.560977 294.174352
1514.455719 293.789517
1624.785864 293.787272
1735.326035 293.893285
1845.922408 294.460599
1187.078031 401.392083
1294.523649 401.009045
1402.964031 400.941453
1512.176367 401.149235
1621.831979 401.498455
1731.685883 402.070685
1841.516216 402.862956
1186.635959 505.687158
1293.277231 506.039336
1400.945373 506.591894
1509.335942 507.277336
1618.294697 508.130644
1727.391593 509.085984
1836.388883 510.139254
1185.857305 608.646507
1291.664873 609.743973
1398.457482 610.907980
1506.011328 612.110895
1614.060745 613.382144
1722.418983 614.657842
1830.646865 616.061343
1184.874110 709.941951
1289.681327 711.636268
1395.629098 713.341807
1502.276135 715.174155
1609.419353 716.878695
1716.723226 718.482753
1824.154814 720.217330
