504.957462 401.742035
584.573923 397.675562
669.423859 393.534008
760.243074 389.051965
857.364258 384.297613
961.790074 379.118859
1074.154063 373.536202
527.113234 496.799050
605.776047 495.939784
689.419784 495.055263
778.788675 494.109784
874.283506 492.932606
976.789063 491.818394
1086.875762 490.658522
548.474251 588.136658
626.074891 590.020914
708.610403 592.103919
796.537749 594.272672
890.514474 596.676908
991.077880 599.108945
1098.959526 601.863648
568.919328 675.678495
645.567561 680.201666
726.926239 685.070158
813.557234 690.306321
905.983853 695.715806
1004.741516 701.547300
1110.433999 707.813409
588.627463 759.868136
664.331130 766.825667
744.632066 774.202241
829.939289 782.001471
920.808937 790.352139
1017.785451 799.232093
1121.406954 808.771699
607.539074 840.929229
682.285725 850.089117
761.489242 859.785938
845.508483 870.002603
934.954165 880.936819
1030.228953 892.625286
1131.873109 905.119651
625.779170 918.881863
699.596795 930.006326
777.650483 941.810929
860.546343 954.354922
948.509849 967.671059
1042.109745 981.848126
1141.912799 997.059776
631.940998 159.747191
706.437361 149.488735
785.285083 138.732988
868.995350 127.362958
957.906537 115.163099
1052.773249 102.217737
1153.785253 88.472267
614.062455 239.286691
689.380448 231.267182
769.170770 222.747460
853.960093 213.726097
944.325847 204.037956
1040.630053 193.851515
1143.389588 182.948394
595.507652 321.877682
671.727261 316.074328
752.514115 310.016370
838.473967 303.537808
930.092662 296.677917
1027.895670 289.279024
1132.535461 281.524998
576.347718 407.366185
653.385737 404.037234
735.201083 400.664594
822.291285 397.011342
915.270458 393.070736
1014.700324 388.953526
1121.153063 384.443370
556.521921 496.158019
634.393443 495.517350
717.124753 495.015861
805.558799 494.279886
899.814974 493.609661
1000.903710 492.822503
1109.174098 492.157016
535.848835 588.299648
614.470968 590.559727
698.458326 593.113033
787.926190 595.684863
883.707177 598.607007
986.401524 601.575218
1096.673228 604.832049
514.379467 683.973171
594.013518 689.370060
678.996412 695.163265
769.760010 701.453178
866.856486 708.100664
971.344344 715.214036
1083.578668 722.917239
916.534017 307.076605
1026.945674 314.642169
1130.152681 321.708198
1226.995156 328.447082
1317.977806 334.796302
1403.724405 340.609260
1484.524031 346.260268
906.981850 427.148180
1015.865145 430.654408
1117.757211 434.061475
1213.433859 437.187084
1303.379222 440.174035
1388.229545 442.955280
1468.241825 445.592544
897.883047 543.077714
1005.102913 542.886946
1105.715548 542.664543
1200.218851 542.545839
1289.219724 542.432182
1373.207237 542.152408
1452.497947 542.106565
888.945617 655.119041
994.782099 651.342104
1093.991367 647.841581
1187.428509 644.594777
1275.444980 641.534069
1358.546712 638.556689
1437.168757 635.875807
880.400353 763.310527
984.721839 756.291276
1082.696347 749.718789
1174.919086 743.613292
1262.121286 737.719097
1344.334271 732.258949
1422.228695 726.978512
872.171606 868.071834
975.033754 858.001016
1071.698555 848.550440
1162.954374 839.654872
1249.125043 831.154996
1330.612511 823.204447
1407.799466 815.704193
864.151667 969.385203
965.472019 956.419522
1061.100533 944.183691
1151.275930 932.796453
1236.553939 921.882022
1317.197905 911.559694
1393.706176 901.922238
857.660267 86.709284
956.788071 99.982984
1050.209265 112.385452
1138.576205 124.294337
1222.138146 135.537820
1301.444011 146.128708
1376.704507 156.210331
868.152962 180.494156
969.098445 191.210859
1064.232793 201.339132
1153.950967 210.904072
1238.763036 220.008428
1319.015846 228.589837
1395.132235 236.638078
879.104194 278.530865
981.903896 286.511892
1078.672415 294.030782
1169.886990 301.208626
1255.915510 307.975959
1337.256444 314.214514
1414.401525 320.297914
890.603775 381.149430
995.409896 386.070666
1093.820497 390.758889
1186.410149 395.160140
1273.710355 399.400192
1356.216256 403.341296
1434.318858 407.116385
902.639408 488.549453
1009.373807 490.143330
1109.452553 491.793157
1203.572674 493.362979
1292.322091 494.688213
1375.955826 496.083942
1454.991972 497.334824
915.354144 601.159271
1024.047623 599.202037
1126.013612 597.474648
1221.647273 595.800095
1311.679318 594.184727
1396.568371 592.662340
1476.642685 591.298099
928.543877 719.333885
1039.329699 713.480143
1143.260477 707.881214
1240.537019 702.840625
1331.930943 697.928280
1417.921825 693.347784
1499.021393 689.111574
686.197365 68.475804
794.625134 71.823116
901.630005 75.062923
1007.373411 78.393127
1111.782338 81.618814
1214.976045 84.831032
1316.864298 88.051216
683.443721 167.196731
793.544913 169.988763
902.219338 172.675818
1009.660561 175.412000
1115.652445 178.086068
1220.335420 180.784129
1323.644298 183.422002
680.576340 269.165727
792.400262 271.288710
902.793213 273.404730
1011.929200 275.518515
1119.569014 277.614670
1225.774962 279.639088
1330.673857 281.754025
677.618699 374.374178
791.302428 375.792090
903.462195 377.277853
1014.225778 378.725796
1123.533102 380.194481
1231.375690 381.667096
1337.861408 383.093719
674.617718 483.070822
790.142089 483.755997
904.029013 484.584909
1016.595485 485.328677
1127.664712 486.075610
1237.173958 486.873177
1345.204834 487.646053
671.532910 595.343487
788.831417 595.355897
904.778147 595.415564
1019.081104 595.431275
1131.886395 595.485072
1243.211329 595.518045
1352.960894 595.605564
668.287884 711.464471
787.573664 710.622114
905.458347 709.836396
1021.703143 709.146694
1136.295234 708.422905
1249.294661 707.705282
1360.815510 707.044741
588.051266 378.098886
698.210729 376.705238
810.631629 375.367889
925.729299 373.937131
1043.316364 372.517823
1163.507343 371.057604
1286.268994 369.506128
597.077876 488.687335
705.422756 488.519582
815.983311 488.418734
928.984386 488.242884
1044.393635 487.958677
1162.387932 487.788890
1282.816689 487.610667
605.921350 595.551831
712.441712 596.438900
821.107423 597.349687
932.122088 598.308706
1045.545546 599.241442
1161.358316 600.197786
1279.579349 601.262177
614.410223 698.640276
719.246076 700.535263
826.027825 702.536261
935.164944 704.585458
1046.589325 706.574005
1160.293507 708.646464
1276.379023 710.794777
622.688648 798.305748
725.804717 801.157055
830.895812 804.112381
938.119538 807.077559
1047.598649 810.144463
1159.300100 813.314640
1273.249368 816.508636
630.659427 894.795474
732.121836 898.530772
835.508751 902.333530
940.960019 906.213858
1048.555786 910.224276
1158.384697 914.350875
1270.344115 918.562318
638.430026 988.069522
738.247980 992.609127
839.999684 997.203221
943.769880 1002.025106
1049.496611 1006.889673
1157.424174 1011.852487
1267.492685 1017.034013
295.672823 375.444388
427.607133 380.782718
550.912189 385.677406
666.525457 390.413031
775.140851 394.879729
877.376101 398.917380
973.824827 402.812431
297.648755 492.243716
426.320862 493.618657
546.716512 494.987423
659.764128 496.197520
766.110359 497.379716
866.404893 498.388091
961.038572 499.437595
299.751136 603.202959
425.077634 601.068985
542.701350 598.990638
653.339009 597.122047
757.536616 595.350599
855.900029 593.560040
948.845911 591.967085
301.571934 708.811378
424.020017 703.398958
538.854869 698.296653
647.138781 693.587701
749.287321 689.116578
845.768534 684.784609
937.111680 680.818806
303.440563 809.259672
422.865894 801.045888
535.282449 793.181148
641.183884 785.865526
741.448681 778.864784
836.074158 772.357699
925.804321 766.063100
305.185020 905.301914
421.919230 894.390273
531.776560 884.042311
635.655240 874.303408
733.846930 864.995511
826.867185 856.263477
915.082752 848.009128
306.917334 996.891555
420.838804 983.557337
528.524122 970.845281
630.240208 958.945339
726.616800 947.624740
817.899642 936.880316
904.686059 926.759436
305.806219 154.800779
427.330237 166.821557
541.463797 177.977385
649.042179 188.662450
750.562837 198.741626
846.554073 208.186603
937.432956 217.168894
305.041198 264.639460
427.486599 273.303327
542.438640 281.449556
650.691651 289.120457
752.822802 296.404028
849.323544 303.238823
940.648472 309.721698
304.339248 376.086970
427.568377 381.359968
543.336929 386.285582
652.349257 391.023058
755.080858 395.412296
852.120906 399.484661
943.967813 403.425447
303.513379 489.331012
427.767072 491.004480
544.296412 492.612588
653.980340 494.173786
757.350201 495.683396
854.934394 496.985992
947.278471 498.328634
302.777861 604.128603
427.884090 602.207651
545.195793 600.460266
655.578153 598.851078
759.643777 597.239240
857.776340 595.824100
950.571250 594.383232
302.070769 720.779419
428.036849 715.172279
546.202488 709.897951
657.372774 704.977857
761.991073 700.254929
860.734014 695.870985
954.032060 691.707535
301.351479 839.165225
428.175721 829.776070
547.289667 820.763717
659.084598 812.507553
764.444433 804.599389
863.622386 797.194799
957.422506 790.245289
312.302849 93.835560
426.954566 106.935801
534.990385 119.134277
637.195077 130.864467
733.905140 141.934302
825.654425 152.365723
912.713795 162.303838
310.821066 187.427504
427.899449 197.954059
538.218145 207.896717
642.330254 217.286445
740.803376 226.210339
834.047910 234.642948
922.460280 242.625902
309.212285 285.194865
428.832252 293.038641
541.421680 300.388856
647.716617 307.369534
747.949881 313.968438
842.789174 320.098947
932.695795 326.041380
307.447241 387.567514
429.923376 392.355281
544.900274 396.859439
653.207506 401.125816
755.352469 405.245098
851.877789 409.050375
943.314826 412.692494
305.686330 494.733556
430.926403 496.234971
548.357838 497.709441
658.906417 499.102322
763.070632 500.359497
861.323418 501.613328
954.202517 502.739754
303.939205 607.077475
432.003540 604.991661
552.196882 603.120242
664.993896 601.337903
771.132363 599.566661
871.270473 597.980165
965.725244 596.457457
301.994994 724.959658
433.136491 718.964726
556.139716 713.217207
671.332330 708.049923
779.567934 703.072059
881.422894 698.403563
977.557573 694.024146
91.027431 24.149543
229.267408 33.857263
360.729738 41.662415
489.300445 50.331512
613.299984 58.188048
733.552318 65.859805
849.822890 73.159328
97.607302 153.190604
233.099344 159.704743
364.054013 166.091275
490.842875 172.211704
613.690895 178.120878
732.752314 183.861584
848.099981 189.496425
103.638417 279.197691
237.440983 283.593804
367.034270 287.871289
492.633190 292.036901
614.286778 296.060170
732.191870 299.874673
846.485282 303.675460
109.195249 402.680080
241.814904 404.994405
370.010589 407.286341
494.312333 409.518267
614.803689 411.704669
731.563209 413.745409
844.879690 415.826008
114.855936 523.593807
245.970844 524.029073
372.963064 524.450184
495.953257 524.852123
615.341269 525.174695
730.987793 525.605132
843.224289 525.919885
120.434760 642.271888
250.122868 640.794074
375.836746 639.407660
497.663828 638.041900
615.860960 636.617695
730.505183 635.313442
841.713001 634.070278
125.921893 758.545085
254.208446 755.230620
378.704320 751.997991
499.320593 749.017401
616.391702 745.942457
729.945311 743.019500
840.150665 740.301664
135.953651 207.876816
284.050357 216.810700
424.150003 225.246903
557.177594 233.312828
683.408236 241.020886
803.371277 248.188653
917.614048 255.066906
150.878132 337.077104
293.310565 342.311032
428.297758 347.388715
556.491691 352.037558
678.443708 356.513067
794.621548 360.716411
905.324771 364.776440
165.037336 457.063182
301.901555 459.082217
432.045327 460.947062
555.874689 462.749351
673.874232 464.479711
786.447300 466.032054
893.849878 467.536572
178.019249 568.680899
310.018872 567.839114
435.478156 567.027258
555.296390 566.304162
669.583854 565.591960
778.696466 564.780698
883.072392 564.183771
190.192793 672.597200
317.512394 669.426596
438.906456 666.220768
554.652332 663.285329
665.572865 660.401345
771.396006 657.723540
872.862592 655.083503
201.656454 769.950408
324.622655 764.572905
441.925348 759.394412
554.232518 754.466591
661.699755 749.647609
764.683123 745.163567
863.352854 740.871434
212.439987 861.081858
331.160741 853.804157
444.894919 846.809278
553.747562 840.228786
658.148231 833.786199
758.180664 827.624387
854.291262 821.823670
116.675157 278.256945
241.164702 280.482095
363.686268 282.639737
484.646393 284.933748
603.946270 287.081071
721.685712 289.200502
837.723883 291.337046
110.221075 394.925999
235.794266 396.308557
359.413257 397.751405
481.369245 399.224452
601.721676 400.594530
720.356315 401.974394
837.265089 403.342560
103.784323 513.580016
230.291954 514.148450
355.018448 514.788117
478.119767 515.416800
599.393835 515.971594
718.936394 516.473959
836.825589 517.104054
97.120875 634.250947
224.933049 633.915740
350.704582 633.648077
474.726138 633.423168
596.986091 633.149367
717.516050 632.878408
836.388882 632.702756
90.416382 756.865970
219.281151 755.647839
346.143278 754.576798
471.245123 753.438909
594.543670 752.262359
716.093053 751.205425
835.819794 750.181358
83.715662 881.712626
213.619549 879.514282
341.612719 877.536674
467.745010 875.524575
592.125142 873.455706
714.700083 871.477530
835.443498 869.546707
76.705778 1008.649240
207.893278 1005.438484
337.099717 1002.398329
464.321345 999.623974
589.647917 996.621210
713.241454 993.710053
834.970594 990.894196
242.118375 168.852239
363.619168 177.513310
479.578798 185.632489
590.506631 193.609712
696.708462 201.142691
798.581294 208.368846
896.252177 215.285347
232.495782 262.381969
357.918043 269.024326
477.610374 275.406633
591.887639 281.511886
701.223660 287.395194
805.811336 292.955857
905.983330 298.269606
222.126138 362.007844
351.838285 366.512506
475.388242 370.788450
593.394928 374.905297
705.905762 378.823178
813.454233 382.481660
916.404591 386.117662
211.022327 468.598412
345.493630 470.516824
473.230701 472.385992
594.855748 474.121884
710.829043 475.920973
821.544394 477.520012
927.396119 479.133363
199.205724 582.705244
338.482892 581.664172
470.622571 580.866713
596.429114 580.038222
716.126628 579.199585
830.150604 578.498837
938.937327 577.812900
186.601079 705.129364
331.002656 700.804486
468.180817 696.876404
598.158021 693.061830
721.802033 689.401374
839.357495 686.020792
951.404813 682.754030
172.880465 836.874545
323.073585 828.833041
465.441828 821.128460
600.045422 813.947959
727.802369 807.050330
849.096546 800.600550
964.498791 794.473546
997.009700 412.019971
1089.975575 408.391022
1188.844167 404.756790
1294.528173 400.709820
1407.343122 396.515372
1528.268043 391.883332
1658.144374 386.903504
1008.690396 504.501640
1100.127346 503.921671
1197.179881 503.330973
1300.742727 502.636139
1411.153297 501.854661
1529.375746 501.078970
1656.119136 500.286487
1019.948727 593.557642
1109.826869 595.548619
1205.227375 597.715688
1306.665989 600.028433
1414.923246 602.573146
1530.474549 605.149954
1654.289870 608.068377
1030.759598 678.938910
1119.147446 683.415569
1212.853177 688.274176
1312.463336 693.410488
1418.501879 698.773157
1531.534211 704.645802
1652.407018 710.840083
1041.227924 761.146508
1128.188082 767.957286
1220.274769 775.192790
1318.000604 782.784110
1421.896684 790.983553
1532.568447 799.688518
1650.666329 809.003502
1051.213173 840.318838
1136.754116 849.258878
1227.286737 858.691650
1323.215695 868.660409
1425.104756 879.351656
1533.467653 890.689300
1648.938146 902.781632
1060.893756 916.557751
1145.065344 927.335197
1234.037902 938.825798
1328.319584 951.047429
1428.165342 964.021802
1534.297526 977.701671
1647.323410 992.384371
1039.339967 235.761319
1127.760201 227.397477
1221.453445 218.644902
1321.121604 209.343007
1427.065201 199.420567
1540.173393 188.874257
1661.032999 177.558121
1035.553411 325.192471
1124.365321 319.537548
1218.499101 313.471680
1318.638946 307.103241
1425.216230 300.223493
1538.971542 292.989149
1660.555611 285.289033
1031.731426 415.825102
1120.929433 412.713174
1215.554149 409.503445
1316.170272 406.054967
1423.388031 402.470173
1537.733840 398.499311
1660.178315 394.468326
1027.857963 507.300205
1117.470954 506.910226
1212.547833 506.643609
1313.669922 506.329382
1421.458565 505.904215
1536.529660 505.556915
1659.746348 505.096706
1024.024831 599.873153
1114.029393 602.278842
1209.499349 604.959057
1311.196794 607.687174
1419.518893 610.693742
1535.330070 613.833512
1659.314555 617.319221
1020.064618 693.523008
1110.382225 698.830961
1206.434321 704.496362
1308.527586 710.408873
1417.552072 716.885891
1534.081639 723.760283
1658.862527 731.163938
1016.087702 788.212213
1106.825081 796.327790
1203.313313 805.077792
1306.044684 814.440337
1415.581041 824.388635
1532.845868 835.066863
1658.428816 846.565536
1069.200284 182.740466
1154.258384 173.414243
1244.134642 163.654221
1339.460896 153.336663
1440.473751 142.356712
1547.998475 130.692081
1662.438014 118.266452
1059.289709 260.898065
1145.539300 253.755377
1236.829627 246.098089
1333.684175 238.084028
1436.576423 229.451668
1546.044439 220.388765
1662.719227 210.760102
1048.979188 341.956857
1136.515357 336.945960
1229.260454 331.717826
1327.730716 326.108235
1432.463991 320.207473
1543.974532 313.790449
1663.156942 307.170011
1038.339667 425.834256
1127.188944 423.157115
1221.422909 420.501712
1321.524349 417.579873
1428.139522 414.459776
1541.882878 411.259849
1663.518381 407.682327
1027.358553 512.827515
1117.544940 512.739826
1213.164745 512.796910
1315.135689 512.697588
1423.675978 512.724073
1539.774244 512.686281
1663.958758 512.779933
1015.920922 603.000982
1107.335773 605.729453
1204.738688 608.720347
1308.301909 611.758381
1418.998029 615.186033
1537.428749 618.719338
1664.332989 622.587823
1004.052621 696.584459
1096.971298 702.273292
1195.865577 708.384212
1301.410435 714.932134
1414.107605 721.895567
1535.055346 729.391125
1664.811200 737.459839
1148.414189 257.637743
1239.249833 252.085234
1334.042388 246.326546
1433.305206 240.375525
1537.057978 234.111304
1646.062415 227.537425
1760.343508 220.635967
1140.722329 334.034512
1233.637822 330.124791
1330.778971 325.985832
1432.594004 321.745909
1539.238774 317.225167
1651.179424 312.572437
1768.805138 307.655155
1132.573855 414.396422
1227.770379 412.160322
1327.386145 409.919644
1431.886555 407.543340
1541.466167 405.107872
1656.629403 402.421141
1777.938348 399.798548
1124.108836 498.894357
1221.607162 498.570552
1323.810231 498.406960
1431.086340 498.126516
1543.753046 497.904143
1662.428225 497.727896
1787.475374 497.416528
1115.172939 587.914004
1215.140696 589.719015
1319.890456 591.868394
1430.301797 593.942665
1546.217324 596.254958
1668.710919 598.613838
1797.669596 601.212329
1105.745762 681.793160
1208.112756 686.093788
1315.932134 690.717498
1429.284029 695.449268
1548.816293 700.639496
1675.195269 706.005944
1808.592939 711.672523
1095.711467 780.961917
1200.841958 787.931517
1311.578136 795.321038
1428.470832 803.192950
1551.573790 811.507602
1682.054583 820.240059
1820.162162 829.555657
1151.666724 377.949073
1257.009241 375.593856
1365.978266 373.282042
1478.990892 370.878162
1596.033272 368.431132
1717.577284 365.812154
1843.725839 363.156227
1151.227740 479.541897
1256.407164 479.072809
1365.370011 478.528704
1478.228399 478.044448
1595.089242 477.487758
1716.500692 476.949129
1842.576096 476.509505
1150.750622 581.098175
1255.804228 582.346883
1364.710391 583.652762
1477.389048 584.988116
1594.208756 586.482505
1715.457013 587.837344
1841.511121 589.496605
1150.315753 682.355041
1255.323371 685.318866
1364.005737 688.493927
1476.596887 691.747133
1593.306977 695.097575
1714.362441 698.585541
1840.010792 702.190377
1149.928014 783.456058
1254.776450 788.172206
1363.315535 793.128661
1475.797748 798.247689
1592.362239 803.617006
1713.361501 809.102028
1838.793049 814.898472
1149.477691 884.361161
1254.201559 890.871943
1362.688637 897.615557
1474.944078 904.652023
1591.342561 911.956396
1712.233049 919.470190
1837.564251 927.313598
1149.064597 984.974895
1253.618491 993.203566
1361.955102 1001.801614
1474.216729 1010.782541
1590.342641 1019.740336
1711.066172 1029.349436
1836.653883 1039.745587
1079.442055 257.443335
1185.878214 250.262179
1297.948452 242.882749
1416.450785 234.980370
1541.466674 226.717345
1673.739288 217.878963
1814.061232 208.517716
1089.413119 358.444950
1192.974010 354.218532
1301.759105 349.714391
1416.516677 344.935393
1537.395618 339.849091
1665.186612 334.554845
1800.373500 328.968947
1098.959656 453.915677
1199.676418 452.053430
1305.452887 450.090945
1416.620370 448.006187
1533.749919 445.946990
1657.248219 443.622391
1787.732237 441.275187
1107.888271 543.906776
1205.974364 544.237156
1308.770546 544.672842
1416.812620 545.130769
1530.366261 545.486572
1649.816168 545.930445
1775.806829 546.380194
1116.457134 629.039398
1211.995794 631.383751
1312.065033 633.827805
1416.959183 636.353570
1527.170870 639.087523
1642.915085 641.921179
1764.733599 644.884967
1124.455224 709.791499
1217.637873 713.928672
1315.035184 718.158301
1417.048783 722.605541
1523.998634 727.362996
1636.351493 732.269138
1754.281369 737.465752
1132.120436 786.391575
1222.932926 791.988385
1317.839868 797.870184
1417.182065 804.125730
1521.099850 810.649281
1630.123621 817.399514
1744.523010 824.595152
1140.838077 88.075616
1249.449501 80.367126
1362.005816 72.489999
1479.062072 64.300599
1600.044921 55.755677
1726.157641 46.928056
1857.288803 37.045690
1141.552820 195.272564
1249.234156 189.660952
1360.812507 183.733944
1476.621494 177.674376
1596.604065 171.337429
1721.312762 164.807872
1850.665780 158.007407
1142.195622 300.875364
1248.989949 297.051233
1359.682959 293.146803
1474.333595 289.048531
1593.174061 284.964618
1716.609551 280.512757
1844.986745 276.097468
1142.856975 404.529238
1248.747709 402.557398
1358.404857 400.607422
1472.034062 398.580082
1589.778434 396.416857
1712.031734 394.211643
1838.872704 391.895133
1143.612744 506.463017
1248.587980 506.317155
1357.266273 506.167567
1469.824313 506.008111
1586.502703 505.945859
1707.594582 505.761373
1833.186298 505.612400
1144.231139 606.771152
1248.288628 608.370869
1356.074706 609.958754
1467.578351 611.688784
1583.150072 613.550621
1703.140303 615.353575
1827.574380 617.308722
1144.884105 705.354139
1248.058923 708.533354
1354.865098 711.888840
1465.492341 715.467037
1579.969083 719.143974
1698.711368 722.832122
1821.982134 726.858395
