421.607490 389.045221
496.043323 384.207965
575.958653 379.263612
661.999613 374.042141
754.331895 368.587287
853.738218 362.882101
960.729871 356.975410
445.103278 482.797083
518.970227 481.311063
598.050589 479.767495
682.971937 478.223089
774.039305 476.480216
871.849468 474.746868
976.921243 472.984768
468.256044 573.315929
541.358483 574.579533
619.581613 576.159294
703.330984 577.808405
793.094164 579.726556
889.184167 581.735432
992.275446 583.856917
490.641828 659.909708
563.088314 664.027687
640.381039 668.565137
723.057771 673.278226
811.438213 678.171583
905.918877 683.419216
1006.942815 688.881823
512.583091 743.176566
584.273809 749.960543
660.632066 756.869583
742.095442 764.178902
829.047960 771.964153
921.791511 779.978317
1020.777182 788.548709
533.804863 823.195555
604.649361 831.968352
680.023317 841.201054
760.248480 851.026635
845.802333 861.337697
936.856714 871.962163
1033.740434 883.156218
554.154398 899.747294
624.327166 910.573321
698.790518 921.720180
777.903645 933.707417
861.876232 946.304356
951.213554 959.208524
1046.123196 972.779865
557.408430 149.909583
627.960711 139.057453
702.920954 127.749454
782.634543 116.069376
867.372386 103.843429
957.565177 91.272268
1053.378315 78.284159
537.776695 227.919387
609.044090 219.140251
684.977923 209.957639
765.800130 200.515942
852.013518 190.613360
943.811127 180.397490
1041.576897 169.836026
517.523569 309.372891
589.620414 302.777789
666.460284 296.050379
748.460716 288.982928
835.945530 281.728739
929.350087 274.103405
1029.068952 266.341983
496.864418 393.898495
569.642076 389.860209
647.352084 385.858004
730.377121 381.502755
819.256605 377.090633
914.271452 372.550839
1015.871538 367.802638
475.731062 481.929358
549.158168 480.731967
627.640575 479.552196
711.841962 478.209913
801.858582 477.051564
898.458906 475.634441
1001.901660 474.405699
454.089409 573.304433
528.033475 575.051404
607.470933 577.053812
692.527976 579.159148
783.873316 581.578738
881.880166 584.010616
987.200903 586.728735
432.042137 668.030069
506.639070 673.108061
586.757415 678.414982
672.885350 684.259377
765.293739 690.479887
864.899548 696.946192
971.820980 703.776905
805.397780 291.775050
918.964022 298.963008
1025.094988 305.874886
1124.185273 312.662735
1216.707472 319.197804
1303.104654 325.333590
1383.886309 331.323124
798.262315 410.750040
910.325029 413.806609
1015.167757 416.889170
1113.248163 419.968278
1204.842996 422.951224
1290.511877 425.765777
1370.627414 428.489776
791.629190 526.158005
901.935494 525.469036
1005.443879 524.753310
1102.520355 524.370912
1193.087393 523.991041
1277.909623 523.541646
1357.408799 523.209465
785.251308 637.634558
893.979217 633.565234
996.000342 629.773009
1091.820212 625.846248
1181.437908 622.093255
1265.403272 618.576870
1344.261973 615.415943
779.287544 745.071173
886.363346 737.678639
986.892815 730.536003
1081.226607 723.741095
1169.930314 717.181707
1253.052617 711.021913
1331.176912 705.090933
773.759316 848.594703
879.018457 838.191469
977.921108 828.144652
1071.103493 818.561475
1158.619418 809.286508
1240.944169 800.451398
1318.286398 792.123217
768.522378 948.021655
871.839577 934.911838
969.348917 922.108372
1061.138667 910.054236
1147.598159 898.305969
1228.894694 887.040106
1305.468576 876.331470
761.894604 76.647372
862.719406 89.090878
957.854086 101.113410
1047.639616 112.953583
1132.324664 124.336992
1212.189201 135.333303
1287.491854 145.970280
769.738237 167.805232
872.782316 177.896592
969.945372 187.751260
1061.398977 197.328955
1147.530325 206.592827
1228.586892 215.544115
1304.821016 224.143277
778.065654 263.959463
883.367088 271.444632
982.462961 278.734153
1075.701109 285.881135
1163.175614 292.739550
1245.392389 299.315853
1322.679584 305.681097
786.934590 365.231161
894.552617 369.679142
995.600230 374.117955
1090.424926 378.453927
1179.312046 382.723616
1262.685127 386.740440
1340.976566 390.693583
796.390036 471.780395
906.228528 472.882232
1009.151621 474.052434
1105.720815 475.475793
1196.006583 476.782185
1280.487448 478.038820
1359.702057 479.249962
806.663570 583.739029
918.541853 581.451751
1023.522390 579.276174
1121.701442 577.101018
1213.190460 574.964571
1298.881784 573.082138
1379.017792 571.355155
817.457384 701.097256
931.555392 694.807295
1038.426655 688.557061
1137.998864 682.799582
1230.869790 677.193149
1317.578205 671.941293
1398.612491 667.000054
593.670477 60.657408
700.601062 62.703949
806.576058 65.135614
911.406242 68.117784
1014.829878 71.448892
1116.587787 75.190135
1216.405182 79.324182
588.471193 156.374155
697.422006 157.988412
805.441127 159.950333
912.256981 162.332260
1017.654160 165.050754
1121.230835 168.099569
1222.734615 171.450031
583.349132 256.215181
694.346307 257.304814
804.350826 258.737985
913.196459 260.488088
1020.465509 262.482392
1125.851163 264.717073
1229.105248 267.233953
578.378993 359.960274
691.382595 360.489340
803.391403 361.334624
914.089974 362.336841
1023.258830 363.566586
1130.463548 365.020503
1235.436779 366.614999
573.619732 467.608380
688.579557 467.649542
802.416849 467.840308
915.042816 468.006649
1026.055887 468.297480
1135.080458 468.971147
1241.647394 469.635948
569.103466 579.080545
685.834142 578.571910
801.706024 578.081271
916.079911 577.692591
1028.941469 577.247663
1139.708813 576.576676
1247.874781 576.028340
564.773044 694.269650
683.386170 693.142394
801.090219 691.768359
917.379420 690.543849
1031.852927 689.147385
1144.137026 687.458055
1253.954803 685.783423
489.578314 364.393310
596.592500 362.013851
706.543283 359.766087
819.438560 357.725948
934.888562 355.920198
1052.645789 354.261793
1172.244890 352.851881
500.367242 473.728078
605.834665 472.818338
714.056183 471.966377
825.084452 471.190499
938.578399 470.347442
1054.397686 469.734297
1171.886217 469.426909
511.341668 579.739956
615.045996 579.996285
721.568841 580.375195
830.673445 580.812966
942.156340 581.390839
1056.009111 581.687508
1171.270307 581.900949
522.165153 681.816938
624.226874 683.391231
728.959341 684.992479
836.235731 686.513299
945.770744 687.902675
1057.320391 689.138627
1170.428881 690.238662
533.099987 780.332363
633.473049 783.141973
736.359863 785.605135
841.619947 788.005807
949.126690 790.282213
1058.484513 792.411942
1169.437810 794.382333
543.911247 875.273409
642.487309 878.828072
743.511735 882.349958
846.862469 885.744487
952.274925 888.840288
1059.570245 891.671124
1168.335809 894.325161
554.532405 966.327313
651.380696 970.884796
750.617565 975.099230
852.063136 979.316774
955.409881 983.259597
1060.501636 986.691522
1167.096684 989.964239
199.134119 364.930675
328.743620 368.618568
451.684361 372.167635
568.477317 375.797391
679.079318 379.435283
783.618814 382.891007
882.404896 386.370166
203.680833 479.176942
330.153227 479.667851
450.272971 480.223485
564.444247 480.739213
672.722840 481.304914
775.263659 481.870410
872.145854 482.460184
208.946276 588.155606
332.070663 585.688639
449.348406 583.268098
560.949003 581.009562
666.884550 578.890761
767.346518 576.749510
862.388299 574.780125
214.352185 691.571962
334.427829 686.469795
448.773578 681.641535
557.806904 676.846829
661.474330 672.141299
759.889931 667.518784
853.230915 663.250746
220.201118 789.774890
337.209806 782.531785
448.812344 775.195089
555.034838 768.115869
656.551063 761.160252
752.821021 754.448977
844.396434 747.908877
226.328810 883.151104
340.262870 873.701998
449.007056 864.278478
552.887222 855.154628
651.912768 846.155009
746.294497 837.380237
836.032133 828.923218
232.602967 971.510133
343.403325 960.190681
449.548193 948.796899
550.930942 937.949382
647.778671 927.171164
740.089161 916.579803
827.998787 906.389393
220.511367 150.666994
339.274939 159.832498
452.370087 168.687044
560.116635 177.624047
662.710653 186.378243
760.173902 194.941239
852.687523 203.399322
217.455182 256.913124
337.361694 263.382744
451.650488 269.744244
560.445094 276.062984
663.993628 282.331693
762.268504 288.448117
855.462648 294.483485
215.013736 365.570604
335.978749 369.238472
451.261800 372.867677
561.124422 376.553691
665.457214 380.196983
764.471170 383.699549
858.327098 387.193773
213.103310 476.329188
335.182025 477.033587
451.391452 477.905148
562.014848 478.742826
667.168999 479.669543
766.852281 480.536532
861.294745 481.462733
212.035518 588.821445
334.977609 586.742654
451.996421 584.645355
563.269656 582.611083
669.173268 580.639566
769.411787 578.867663
864.344827 577.219384
211.733209 703.062789
335.289020 697.869899
453.123419 692.801871
565.068598 687.883111
671.384874 683.020224
772.252099 678.302076
867.670362 673.863244
212.122889 818.557004
336.296109 810.334319
454.773535 801.966042
567.209045 794.149197
673.976252 786.348997
775.123046 778.696061
870.930620 771.360308
233.767361 91.910771
345.529262 102.002120
452.270859 111.759733
554.177650 121.563980
651.486615 131.144635
744.267396 140.569486
832.588537 149.879310
228.485953 182.026909
342.923101 190.046931
452.270852 197.908520
556.569062 205.736975
656.033529 213.482517
750.702234 221.077019
840.684807 228.533828
223.350940 276.925872
340.649111 282.743338
452.495236 288.426753
559.332613 294.146204
660.912411 299.772813
757.473894 305.252620
849.157014 310.697092
218.450771 376.731487
338.701377 380.002265
453.260721 383.392423
562.332037 386.661611
666.143279 389.982705
764.655131 393.220778
858.091066 396.451429
214.012731 481.634945
337.169885 482.243805
454.334415 482.941872
565.890760 483.629887
671.879666 484.331495
772.249714 485.117576
867.304742 485.893721
210.139528 591.695864
336.047853 589.376727
456.038573 587.190004
569.981991 585.018928
678.041652 582.932636
780.423079 580.929441
877.104696 579.155740
206.684243 707.112814
335.566343 701.624034
458.288543 696.000904
574.622668 690.816005
684.768545 685.674212
788.943469 680.678433
887.350033 675.928413
118.831627 133.159383
261.175979 143.763587
395.873883 154.180874
523.297796 164.498897
643.654208 174.689015
757.048454 184.597188
863.875144 194.299868
124.153698 262.224876
263.142076 268.909966
394.723476 275.596106
519.275278 282.087126
637.156641 288.590754
748.404571 294.914298
853.223115 301.141238
130.497570 385.682946
265.704755 388.717678
394.114112 391.689583
515.885160 394.761925
631.206465 397.869927
740.205139 400.819540
843.021534 403.723092
137.186250 503.098340
268.912456 502.824048
394.052576 502.684677
513.008801 502.549516
625.817661 502.412076
732.541873 502.258590
833.423032 502.338998
144.397687 614.547772
272.647673 611.468466
394.699577 608.280529
510.590830 605.220081
620.947050 602.265647
725.335984 599.476817
824.256608 596.843298
152.052390 720.550084
276.800389 714.680614
395.623148 708.882830
508.882045 703.223412
616.502485 697.703487
718.799447 692.276698
815.729020 687.189279
159.939236 820.965372
281.125079 812.722922
397.076917 804.329282
507.501264 796.458845
612.629222 788.664172
712.550555 780.927583
807.504056 773.537672
186.444940 183.452204
310.770174 192.001681
428.928906 200.218842
541.376546 208.543695
648.269020 216.664438
749.699032 224.657204
845.802576 232.554759
179.955635 286.028463
307.494285 291.940915
428.765872 297.765339
543.992217 303.570148
653.419634 309.313034
757.018310 314.910703
855.001367 320.431990
173.723177 394.347117
304.622233 397.394039
428.908342 400.438674
547.064481 403.519291
658.931764 406.548545
764.717037 409.470463
864.633724 412.416960
167.840178 508.579681
302.283677 508.388926
429.722218 508.391090
550.535976 508.304128
664.919355 508.395588
772.925311 508.458292
874.776011 508.591536
162.668684 628.789769
300.482494 625.145600
430.980163 621.719264
554.586524 618.337001
671.507068 615.026746
781.668982 611.949836
885.384819 609.130694
158.193840 755.103092
299.196904 747.677425
433.109035 740.482161
559.435143 733.411591
678.678448 726.550093
791.073067 719.884941
896.700932 713.544971
154.401173 887.591613
298.813088 876.029899
435.853059 864.442513
564.898085 853.502397
686.486026 842.688358
800.831142 832.255787
908.293656 822.188118
909.480785 395.228424
998.692068 391.270946
1093.319986 387.451352
1193.674830 383.465848
1299.890242 379.411602
1412.280409 375.279634
1531.052595 371.113413
923.276941 487.034892
1011.231031 485.914924
1104.282286 485.044197
1202.707732 484.119873
1306.808892 483.021339
1416.958295 482.067523
1533.057474 481.174896
936.684205 575.998498
1023.327858 577.483947
1114.759816 578.842069
1211.195948 580.388157
1313.205970 582.247492
1420.887817 584.087330
1534.326888 586.058385
949.692068 660.799863
1034.725243 664.588405
1124.420803 668.469884
1219.110900 672.638861
1319.057287 676.914173
1424.354371 681.377426
1535.046116 685.999824
962.121876 742.068674
1045.678959 748.026251
1133.734138 754.163583
1226.533720 760.579697
1324.372846 767.268176
1427.298996 774.057747
1535.326127 781.091652
973.961892 820.223469
1056.045659 828.070428
1142.458894 836.205425
1233.460993 844.672824
1329.137451 853.396565
1429.709552 862.262307
1535.094102 871.411940
985.318125 895.102921
1065.941448 904.677907
1150.745408 914.522492
1239.951847 924.834819
1333.498497 935.369070
1431.687131 946.065545
1534.464928 957.126999
956.704521 221.287054
1041.362088 213.151582
1130.603471 204.849747
1224.829456 196.374175
1324.061956 187.662453
1428.579577 178.889943
1538.412457 170.033181
952.823132 309.350591
1038.038171 303.647913
1127.949014 297.749908
1222.876882 291.800249
1322.993507 285.598996
1428.480788 279.457083
1539.406285 273.232215
948.824098 398.972247
1034.557182 395.623880
1125.113733 392.369621
1220.699134 388.972146
1321.564669 385.557265
1427.865923 382.066592
1539.852405 378.626371
944.702129 489.693412
1031.017006 488.836089
1122.113140 488.428490
1218.201892 487.814499
1319.747947 487.116097
1426.890967 486.589340
1539.740865 485.988463
940.687023 582.272176
1027.447506 584.125414
1118.915674 585.950463
1215.537697 587.900593
1317.576481 590.190491
1425.454791 592.542823
1538.982493 595.094040
936.761704 675.186906
1023.571649 679.726591
1115.456331 684.399256
1212.477816 689.328703
1315.121283 694.616387
1423.528512 699.950759
1537.630002 705.519368
932.658726 768.858210
1019.704767 776.079398
1111.844041 783.604508
1209.354314 791.614451
1312.303910 799.868338
1421.148695 808.305129
1535.565049 817.016725
990.225347 169.430172
1071.516186 160.567943
1157.008692 151.532214
1246.853966 142.347395
1341.209715 132.939811
1440.341707 123.421629
1544.102564 113.879700
979.313082 246.036196
1061.953146 239.040892
1148.963163 231.838201
1240.607460 224.527695
1337.018954 217.016534
1438.253716 209.511575
1544.463108 201.903802
967.878282 325.939644
1051.947255 320.890456
1140.508177 315.783780
1233.909244 310.509239
1332.272421 305.215040
1435.687614 299.788093
1544.448539 294.437138
955.997493 408.870448
1041.398771 405.958513
1131.594535 403.231762
1226.646453 400.387444
1326.985732 397.416748
1432.715253 394.511614
1543.964835 391.575779
943.624896 495.235500
1030.485410 494.697120
1122.147089 494.513679
1218.966641 494.169315
1321.177362 493.904097
1429.246094 493.611077
1542.895059 493.567361
930.872731 585.441581
1018.907852 587.641816
1112.198916 589.721670
1210.598537 592.021849
1314.817808 594.690116
1425.055914 597.365992
1541.174463 600.225154
917.823900 678.330922
1007.006130 683.302475
1101.594963 688.378681
1201.829574 693.840858
1307.935318 699.568958
1420.325245 705.519337
1538.775629 711.635182
1032.450379 271.331036
1116.649444 265.056919
1205.191075 258.694232
1298.360428 252.237907
1396.189658 245.634274
1498.950445 239.017985
1606.395816 232.482985
1022.064228 351.765120
1107.641080 347.581758
1197.789145 343.258150
1292.760103 338.938951
1392.678056 334.449296
1497.682089 330.094201
1607.690122 325.724109
1011.102911 435.425025
1098.184944 433.514578
1189.954324 431.585488
1286.741433 429.517368
1388.663829 427.525569
1495.921840 425.472850
1608.537426 423.548973
999.757150 522.575302
1088.362375 522.971476
1181.647014 523.522168
1280.111564 524.039908
1384.120573 524.604946
1493.618233 525.312158
1608.742274 526.057985
988.076191 613.493991
1077.973810 616.256963
1172.716384 619.227382
1273.067828 622.425027
1378.981657 625.929861
1490.826753 629.516381
1608.296778 633.372658
975.897657 706.866460
1066.853186 712.570105
1163.341447 718.642265
1265.321503 724.915750
1373.265805 731.595529
1487.287382 738.280826
1607.140161 745.256547
963.183839 803.717835
1055.484380 812.488540
1153.398205 821.619732
1257.178906 831.297684
1366.902126 841.235687
1483.028668 851.410536
1605.211327 861.857913
1057.934350 361.037310
1159.901364 358.787113
1264.518612 356.646879
1371.837438 354.688094
1481.542863 352.877669
1593.227298 351.267770
1706.264114 350.062116
1058.070954 461.531153
1160.025962 460.916596
1264.738225 460.193281
1372.162028 459.602975
1481.804822 459.007303
1593.592723 458.654597
1706.665073 458.436298
1058.238539 562.577150
1160.040222 563.091650
1264.623994 563.818889
1371.935131 564.552717
1481.576775 565.361769
1593.162051 566.118641
1706.296888 566.969926
1058.112670 663.012016
1159.809685 664.913221
1264.242100 667.115324
1371.369064 669.298357
1480.825769 671.306375
1592.152465 673.247293
1705.146935 675.258132
1058.007734 762.785712
1159.471797 766.375670
1263.626633 769.941356
1370.446213 773.407014
1479.561398 776.773542
1590.623176 779.889528
1703.223629 782.985878
1057.761886 862.072080
1158.881643 867.103772
1262.735535 872.043837
1369.101548 876.810957
1477.703259 881.423088
1588.393347 885.723150
1700.730704 889.852796
1057.476859 960.403476
1158.143160 966.782440
1261.555515 973.008069
1367.470056 979.083699
1475.556657 984.855936
1585.597535 990.311213
1697.371553 995.604595
944.912118 199.243756
1037.962608 189.303612
1136.672683 179.204270
1241.493281 168.779487
1352.421214 158.187485
1469.851467 147.310489
1593.793790 136.362329
958.519790 297.387136
1050.259267 290.724590
1147.366901 283.837296
1250.316900 276.771728
1359.168640 269.481095
1474.353905 262.185604
1595.751351 254.839522
971.709032 392.215946
1062.033675 388.391625
1157.546261 384.523507
1258.540025 380.527027
1365.359715 376.559618
1478.106271 372.429053
1596.903066 368.327413
984.232712 483.298003
1073.184102 482.230204
1167.004102 481.320009
1266.137989 480.277296
1370.855678 479.118957
1481.212193 478.038784
1597.339467 476.976206
996.402759 571.652370
1083.989363 572.898047
1176.077603 574.127147
1273.198547 575.597823
1375.793029 577.307783
1483.794889 578.981146
1597.168039 580.821613
1008.093187 656.060963
1093.966388 659.489529
1184.390779 663.128879
1279.704498 667.004382
1380.125626 671.159511
1485.728613 675.308254
1596.406896 679.653198
1019.220738 736.779419
1103.516012 742.335075
1192.271870 748.182971
1285.806249 754.358865
1384.040135 760.687008
1487.210050 767.102428
1595.119415 773.689266
1088.421955 63.664052
1196.737719 60.451777
1306.121354 57.608497
1416.391761 55.401985
1526.872451 53.807813
1637.412411 52.758745
1747.755229 52.394020
1089.464291 171.027804
1197.206159 168.630939
1306.020570 166.538205
1415.713195 164.864964
1525.903561 163.489770
1636.007204 162.895383
1745.548166 162.527046
1090.379915 277.654530
1197.423214 275.946738
1305.603282 274.462271
1414.562163 273.290799
1524.083003 272.455035
1633.647986 271.855369
1742.729732 271.684468
1090.990026 383.100197
1197.371035 382.093665
1304.756100 381.257451
1413.020564 380.595943
1521.796955 380.058145
1630.630560 379.741168
1738.978092 379.809378
1091.691119 487.091296
1197.116802 486.875489
1303.584411 486.640643
1411.007429 486.462646
1519.038699 486.408696
1627.072782 486.392310
1734.525881 486.576621
1092.162713 589.786049
1196.593408 590.016266
1302.074760 590.339221
1408.618356 590.751960
1515.611245 591.120669
1622.759343 591.358354
1729.521184 591.720082
1092.352254 690.229724
1195.801409 691.175629
1300.430679 692.090229
1405.919921 693.051406
1511.825650 693.771449
1617.753330 694.345239
1723.577672 694.946500
