-1.87581819533561 -1.70731167299063 0.01061013923637 
-2.00188591470138 -2.21199899107148 0.90550869075401 
2.04647641600728 2.18424283029530 0.77180629584972 
1.89845160088011 1.74995788302650 -0.01311515125010 
2.08442446105105 2.07561294435053 -0.12294440652599 
-2.05810301204491 -2.03581848441193 -0.09650514021016 
2.04592937633530 2.18302267574967 0.77163074283012 
1.98287821523885 1.94924247954269 0.30120459272302 
1.92976317648351 1.81791217125414 0.08865277116403 
-2.12872420378007 -2.15164859505853 -0.32519278581181 
-2.01802566589491 -2.14971415662771 -0.76077454849995 
2.13292063713322 2.13214242801554 -0.01393428723515 
1.92830199459899 1.81875951949923 -0.11403273782980 
-1.90413243402448 -1.77771407782596 0.11069993366802 
-1.98359625514908 -2.03971469645495 0.54549124888446 
-1.99893296881975 -2.15783389029937 0.78083678276190 
2.02978453355787 2.19389060802872 -0.79322134727390 
-2.08992080732941 -2.09815614073144 0.22996656333742 
-1.90760923313053 -1.77637108093672 -0.09015986990071 
-2.05602919556383 -2.03681279912175 0.11840430715253 
