-33.29513735037828 -10.37216033820409 81.91371972743245
-24.25351400302633 -33.20353671184908 99.42909452508488
-6.05771709586304 -13.85471563971354 62.55939850157942
-12.62940254856820 -33.05852770433772 79.29629415105821
-20.75138404508041 -32.35564051639589 77.48199746645443
-25.21243422046703 -14.42211089026439 72.20479331023783
-36.61971966685140 -13.68956550636257 62.95353973532723
-39.76608091474388 -26.45569848804239 71.00642153597579
-41.92548553998444 -30.88977249426436 76.52609735883716
-49.50867655036039 -27.13294933176552 63.46560438167105
-41.20791665107539 -20.28983714189879 57.13822227036459
-47.77251951338351 -19.16946440836216 69.17924790983045
-44.20567378268696 -25.45440545708709 74.15906447844299
-3.36009123433780 -13.53553808915339 85.20168539208849
0.65874533966258 -25.94062452132338 92.88564927704589
3.50992510858244 -30.32501823856082 98.31623898186285
8.44300461033636 -24.56356819874755 96.57461392607097
5.92000784174721 -15.50621550495751 81.77356881399005
0.80101372696177 -21.48980155160531 77.36323794423490
4.78280897655395 -31.70519187142822 78.60164780947076
