500.053616 458.085343
578.725097 455.236319
663.161347 452.434516
753.853011 449.442553
851.396492 446.385979
956.433684 443.303629
1069.303085 440.166446
528.402118 547.992216
606.090667 548.352737
689.177943 548.798598
778.245288 549.368124
873.825468 549.946008
976.445941 550.724213
1086.495342 551.630042
555.744846 633.676760
632.323254 636.787945
714.031982 640.102995
801.414891 643.715885
895.030106 647.672615
995.213097 651.703920
1102.344687 656.169078
581.829587 715.030066
657.300836 720.611016
737.660039 726.625854
823.397628 733.098932
915.027913 739.736026
1012.789318 746.739711
1117.044325 754.191436
606.850512 792.378639
681.201570 800.235997
760.248950 808.427470
844.303257 817.131539
933.890861 826.356577
1029.236932 835.983522
1130.756970 846.125545
630.694513 865.949709
703.917638 875.753025
781.516930 885.974583
863.959047 896.700449
951.588000 908.047999
1044.673007 919.866547
1143.441276 932.276593
653.587960 935.867054
725.534560 947.227699
801.767564 959.216332
882.658951 971.858035
968.292359 984.984027
1059.122545 998.717841
1155.290306 1013.144868
663.712885 146.478527
735.817154 135.715692
812.127487 124.536881
893.008395 113.048466
978.702088 101.080574
1069.653402 88.896568
1165.863292 76.312149
641.003415 216.436710
714.277647 207.340900
792.065498 197.909343
874.570419 188.192035
962.344469 178.149723
1055.470857 167.785843
1154.362699 157.222729
617.302633 290.349077
691.752309 283.147491
770.901075 275.669228
855.164071 267.951173
944.869869 260.089694
1040.327159 251.914309
1141.875840 243.753427
592.569738 368.158372
668.180172 363.165870
748.667886 358.098577
834.550687 352.760584
926.324498 347.291531
1024.173955 341.825459
1128.503860 336.250302
566.765762 450.351397
643.435101 447.834740
725.212657 445.436738
812.873484 442.759574
906.548951 440.301314
1006.834242 437.638370
1113.973278 435.175971
539.727231 536.968822
617.372017 537.333266
700.671006 537.935729
789.846880 538.425197
885.590087 539.167345
988.219822 539.920545
1098.220650 540.942026
511.462119 628.182855
590.338226 631.675504
674.982868 635.498977
765.773425 639.688834
863.344858 644.098960
968.424382 648.906892
1081.193662 653.889694
923.801475 371.740994
1034.987793 377.247885
1138.603148 382.735010
1235.068915 388.096503
1325.122806 393.296809
1409.077985 398.221928
1487.445605 403.061262
909.662521 488.675666
1018.811210 490.170991
1120.681609 491.837353
1215.773348 493.468525
1304.587358 495.089256
1387.679543 496.681254
1465.188714 498.302559
896.263001 600.319345
1003.182267 598.217002
1103.256225 596.281139
1196.993482 594.469089
1284.609911 592.928643
1366.616339 591.340968
1443.385624 590.028957
883.361964 706.662644
988.206691 701.226837
1086.419441 696.115573
1178.630277 691.288510
1265.071204 686.730109
1346.029347 682.361575
1422.068816 678.350963
871.288133 807.603038
973.891931 799.346347
1070.300393 791.386377
1160.881610 783.863729
1246.102991 776.590293
1326.008333 769.817801
1401.208422 763.264114
859.738865 903.678807
960.249618 892.781848
1054.784646 882.287155
1143.829202 872.320951
1227.653614 862.683124
1306.632845 853.536780
1380.929512 844.862909
848.845564 994.873854
947.095305 981.595456
1039.952062 968.790995
1127.394115 956.757206
1209.905572 945.021339
1287.699163 933.784200
1361.179394 923.132543
843.541910 72.942100
938.783043 85.773355
1028.815325 98.214397
1113.880315 110.418890
1194.257893 122.287258
1270.302074 133.697855
1342.137164 144.811883
856.388703 153.780557
954.143324 164.707045
1046.473712 175.427120
1133.519887 185.861832
1215.605491 196.070927
1293.047971 205.840013
1366.013189 215.355889
869.965880 240.170742
970.466814 248.997016
1065.084207 257.648563
1154.251354 266.126625
1237.946000 274.406770
1316.753776 282.271709
1390.939128 289.991801
884.512866 332.754822
987.877651 339.045589
1084.854216 345.340576
1175.910579 351.442041
1261.334129 357.410338
1341.509574 363.190626
1416.904853 368.803174
900.113492 431.914098
1006.235738 435.298416
1105.595754 438.844432
1198.699081 442.263586
1285.816478 445.511685
1367.442739 448.848308
1443.796454 452.010431
916.822040 538.113873
1025.713243 538.174833
1127.647724 538.454140
1222.677998 538.796650
1311.457397 539.073287
1394.486621 539.487759
1471.997241 539.968029
934.579518 651.720646
1046.371914 648.017137
1150.765156 644.377987
1247.823427 641.212305
1338.300218 638.130511
1422.526318 635.357775
1501.188968 632.707638
689.413279 77.069585
796.020250 79.448783
901.547319 82.310738
1005.829050 85.679426
1108.603515 89.424969
1209.670268 93.637569
1308.816632 98.224621
685.768034 172.432166
794.462888 174.304326
902.083972 176.650339
1008.418888 179.438972
1113.171229 182.642570
1216.101941 186.157117
1316.922751 190.073995
682.125371 271.921238
792.891285 273.302419
902.589710 275.083012
1011.045824 277.257736
1117.703161 279.834596
1222.438080 282.581592
1325.042336 285.763969
678.507850 375.579406
791.373510 376.399598
903.136726 377.645734
1013.535034 379.155898
1122.189876 380.966475
1228.757550 382.991645
1333.141118 385.236039
675.045963 483.431753
789.893618 483.766543
903.632689 484.425984
1016.058568 485.194639
1126.630413 486.129478
1234.995542 487.258156
1341.018151 488.532390
671.695740 595.372390
788.400616 595.217251
904.275687 595.225716
1018.587611 595.241864
1130.964292 595.299039
1241.223764 595.373586
1348.929414 595.601438
668.436670 711.343662
787.144289 710.573675
904.878410 709.801347
1021.079341 709.031844
1135.257001 708.134916
1247.106038 707.186679
1356.500240 706.202774
589.916514 379.931440
698.796269 377.838642
810.574095 376.019863
925.218475 374.423641
1042.322523 373.152211
1161.543640 372.210661
1282.410913 371.531997
598.205972 489.430110
705.499561 488.807348
815.636311 488.379445
928.469941 488.132434
1043.696416 487.921060
1160.993785 487.995487
1279.820844 488.232422
606.644104 595.751074
712.303853 596.459817
820.606820 597.244088
931.623859 598.195056
1044.912408 599.120918
1160.143728 600.058827
1276.910484 601.187860
615.026900 698.560317
719.053880 700.488417
825.490426 702.533341
934.572631 704.568750
1045.889612 706.493410
1158.992974 708.351025
1273.677400 710.250254
623.401269 797.926072
725.730305 800.975839
830.433312 804.030584
937.472899 806.992980
1046.711521 809.914049
1157.694321 812.723210
1270.216791 815.398660
631.564731 893.856561
732.170159 897.919874
835.069098 901.906756
940.199144 905.778441
1047.386808 909.531699
1156.331878 913.134249
1266.676299 916.509558
639.652766 986.250805
738.482117 991.131697
839.582640 995.940389
942.858150 1000.740455
1047.978862 1005.237268
1154.749884 1009.519303
1262.952625 1013.650882
305.874123 380.294610
432.917954 383.957021
553.451363 387.726744
667.476011 391.576421
775.263818 395.432982
877.136595 399.204952
973.341513 403.042211
306.649753 494.832515
430.809394 495.229825
548.608344 495.898762
660.284342 496.654894
765.985843 497.458310
866.124721 498.305459
960.642911 499.302127
308.014293 604.140925
429.147034 601.648264
544.302624 599.341225
653.734959 597.230052
757.319212 595.314692
855.504879 593.450086
948.433681 591.846812
309.665141 708.387599
427.949073 703.167636
540.434211 698.189428
647.535812 693.504820
749.073876 689.098193
845.347904 684.798442
936.673092 680.803391
311.823223 807.529745
427.110869 799.969039
537.147836 792.579231
641.779864 785.573201
741.348033 778.763673
835.702516 772.381593
925.338205 766.103356
314.112491 901.947342
426.722703 892.223985
534.090053 882.709758
636.514407 873.547218
733.922264 864.616150
826.564121 856.081164
914.542306 847.883707
316.817348 991.574919
426.494839 979.910077
531.433132 968.450189
631.523681 957.466881
726.948123 946.671279
817.685671 936.242136
904.121940 926.264607
319.462977 166.209759
435.681642 175.366311
546.414113 184.448042
651.785226 193.572882
751.898982 202.526014
846.912877 211.319235
937.089607 219.979297
316.575036 272.233386
434.151323 278.667873
546.069543 285.220363
652.517499 291.763488
753.576408 298.223045
849.455052 304.530345
940.328521 310.840445
314.179539 380.758517
432.948298 384.497146
545.992820 388.298282
653.489447 392.182073
755.358165 396.017061
851.997938 399.744747
943.613691 403.591440
312.236494 491.879450
432.227552 492.584853
546.259647 493.548742
654.582732 494.589534
757.279854 495.728228
854.655247 496.847376
946.926620 498.147161
310.978390 605.016554
431.843392 602.767755
546.783949 600.754707
655.970423 598.911024
759.390483 597.140124
857.378606 595.666686
950.199867 594.209448
310.137947 720.152113
431.928404 714.799150
547.766146 709.683646
657.706290 704.854777
761.724628 700.228300
860.291830 695.863007
953.583661 691.665655
309.955602 836.893787
432.429055 828.339499
549.057946 819.944951
659.557712 812.127852
764.316128 804.449181
863.174740 797.166099
956.884600 790.153486
327.020936 107.739983
436.418511 117.747607
540.936986 127.656436
640.695448 137.620334
735.775680 147.438812
826.327531 157.071262
912.517528 166.533937
323.498900 197.461596
435.659149 205.420505
542.743977 213.489738
644.841597 221.510329
742.029104 229.435201
834.443155 237.182933
922.215109 244.888885
320.098981 292.053197
435.136092 297.889395
544.845683 303.776343
649.416904 309.657838
748.611674 315.501324
842.843389 321.152627
932.356849 326.922318
316.960926 391.906678
435.055392 395.241626
547.384527 398.731468
654.212838 402.194467
755.539074 405.735749
851.702301 409.231962
942.911046 412.793843
314.268775 497.145315
435.209626 497.738585
550.188328 498.586956
659.433717 499.468021
762.913921 500.381094
860.973661 501.453554
953.790061 502.527663
311.949983 607.887072
435.772853 605.455692
553.641423 603.313111
665.245497 601.359255
770.813045 599.453886
870.812812 597.815260
965.281539 596.272031
310.033601 724.265478
436.881312 718.545439
557.482712 712.984485
671.504015 707.922774
779.245055 703.014429
880.927042 698.369951
977.060883 693.894761
62.082475 115.704548
184.001563 115.048662
306.360682 114.998548
428.973594 115.500281
551.473976 116.529461
673.523798 118.144450
794.506630 120.384419
72.614366 237.108185
192.786392 236.441283
313.399619 236.213024
434.246710 236.533484
555.021457 237.208005
675.285680 238.287440
794.512496 239.859399
83.794538 355.442806
202.117697 354.826010
320.858917 354.458293
439.989224 354.469713
558.905380 354.786053
677.235272 355.284107
794.564713 356.152684
95.228311 470.483084
211.822450 469.785946
328.713762 469.315446
445.895498 469.082678
562.968968 469.018029
679.335350 469.030406
794.828707 469.328329
107.345991 581.952970
221.907684 581.314666
336.961465 580.652079
452.124246 580.146132
567.230866 579.690429
681.606865 579.362483
795.147770 579.106478
119.495402 689.838887
232.243900 689.162027
345.348258 688.396721
458.581109 687.630480
571.641144 686.787942
684.201257 685.959695
795.646288 685.214010
131.981874 793.997062
242.787183 793.152203
353.932869 792.176720
465.164089 791.262172
576.229628 790.102947
686.669126 788.828458
796.215022 787.615147
158.214581 221.014700
297.350752 226.402596
431.649654 232.117242
560.982117 238.138794
685.120459 244.412377
803.872206 250.711438
917.296853 257.191216
169.571195 345.177705
304.059452 347.968997
433.934306 351.157308
559.138808 354.519305
679.426165 358.010492
794.786410 361.571419
905.026375 365.337981
181.047639 461.590461
310.945732 462.192692
436.524400 462.957928
557.819238 463.915432
674.379011 465.044778
786.296030 466.155732
893.490451 467.501171
192.351368 570.684065
317.895589 569.197016
439.295640 567.861087
556.748792 566.743724
669.826226 565.748672
778.384251 564.747020
882.626559 564.049089
203.586290 672.682405
324.884717 669.520658
442.455737 666.305916
556.022802 663.327973
665.768226 660.386761
771.049863 657.717078
872.405277 655.084049
214.488170 768.292294
331.863159 763.517971
445.551050 758.748791
555.668510 754.115028
661.994827 749.531762
764.429391 745.178044
862.847661 740.926762
225.244199 857.763203
338.613696 851.538977
448.759744 845.335817
555.480597 839.382276
658.659845 833.378532
758.057977 827.459363
853.816396 821.790916
138.674362 288.876590
255.411090 288.668431
372.365681 288.734979
489.484455 289.284805
606.370030 290.122137
722.626739 291.309245
837.804520 292.854200
130.573178 401.741436
248.524780 401.360534
366.720903 401.287579
485.099729 401.565881
603.303889 402.021167
720.694604 402.677275
837.051847 403.630986
123.108413 517.215304
242.144336 516.793650
361.483740 516.533767
481.149119 516.448402
600.407220 516.480492
718.867895 516.572635
836.393317 516.996740
116.156127 635.033507
236.443228 634.509123
356.862027 634.047770
477.442651 633.608384
597.805810 633.175311
717.348830 632.788740
835.854308 632.585042
110.167747 754.851821
231.154781 754.237801
352.569202 753.620026
474.126338 752.830168
595.419535 751.961451
715.990850 751.035984
835.311115 750.151655
104.534157 876.429994
226.453983 875.720655
348.787813 874.900938
471.198970 873.832902
593.380848 872.469486
714.807438 870.909276
834.986897 869.203583
100.140331 999.141148
222.308508 998.567889
345.754907 997.256703
468.801870 996.089923
591.624557 994.222844
713.660825 992.046727
834.568986 989.579600
258.758773 181.036914
374.152663 186.787055
485.982082 192.671373
594.188872 198.925137
698.657124 205.217619
799.356068 211.626375
896.216086 218.105393
247.652794 271.287174
367.056878 275.478261
482.774927 280.016297
594.599017 284.753482
702.466635 289.632136
806.206363 294.477460
905.828363 299.522094
236.155834 368.091679
359.845402 370.724631
479.575349 373.562424
595.341996 376.593077
706.562966 379.775168
813.457420 382.917596
916.099945 386.354091
224.306679 472.266445
352.695830 472.924863
476.629160 473.869505
596.173123 474.900730
711.055354 476.137597
821.324788 477.425366
927.037232 478.954915
212.373661 584.237969
345.283331 582.655874
473.590903 581.426493
597.371752 580.242895
716.045415 579.157641
829.741528 578.304431
938.523595 577.568651
200.161992 704.468044
337.873617 700.421047
471.060389 696.631077
599.003688 692.919562
721.667784 689.282090
838.868036 685.933140
950.893830 682.637502
187.686427 833.620435
330.722882 826.748845
468.717801 819.895283
601.054140 813.331720
727.823608 806.747569
848.624683 800.483227
963.877248 794.249041
996.402623 412.203174
1088.934100 408.862084
1186.910323 405.670341
1290.770465 402.353279
1400.607778 399.169441
1516.709332 395.915339
1639.182364 392.759383
1008.157174 504.367874
1099.270500 503.887143
1195.579926 503.523229
1297.499345 503.210362
1405.181747 503.007478
1518.853492 502.992285
1638.655435 503.075040
1019.469001 593.418888
1109.057281 595.439035
1203.682368 597.593249
1303.633022 599.989261
1409.144027 602.673373
1520.378845 605.398182
1637.476836 608.498774
1030.238242 678.866440
1118.250199 683.229886
1211.162968 687.903763
1309.218871 692.841948
1412.596481 697.993752
1521.388557 703.444156
1635.764615 709.166319
1040.538466 761.023957
1127.063745 767.631937
1218.274562 774.489691
1314.353763 781.606901
1415.541978 789.205792
1521.893064 797.067474
1633.592218 805.330141
1050.304782 839.969934
1135.291382 848.577544
1224.757157 857.497407
1318.937042 866.727639
1417.992435 876.413501
1522.026425 886.406483
1631.069908 896.855940
1059.698991 915.789086
1143.146961 926.099164
1230.891176 936.857544
1323.224229 948.080224
1420.099146 959.675300
1521.752432 971.618556
1628.210036 984.076741
1038.007617 238.424266
1125.403641 230.766527
1217.522228 223.034939
1314.686513 215.199566
1416.948929 207.258453
1524.594308 199.288037
1637.685088 191.256004
1034.562698 326.289811
1122.622951 321.096545
1215.527691 315.759166
1313.527549 310.444425
1416.815596 305.105076
1525.521378 299.745268
1639.757701 294.475834
1031.001320 416.024526
1119.666855 413.219092
1213.263371 410.439254
1312.076519 407.691923
1416.209625 405.122962
1525.855363 402.445893
1641.192375 400.060272
1027.270077 507.157178
1116.515746 506.886792
1210.729033 506.839257
1310.177965 506.898569
1415.144605 507.009381
1525.663379 507.311505
1642.048261 507.788124
1023.469843 599.687178
1113.179482 602.094567
1207.882961 604.752722
1307.981587 607.531426
1413.579941 610.680324
1524.914587 613.893963
1642.131638 617.544069
1019.460869 693.394161
1109.434905 698.592498
1204.666778 704.076400
1305.291624 709.742012
1411.549659 715.858688
1523.646549 722.197271
1641.625018 728.960548
1015.313792 788.078184
1105.671655 795.939059
1201.298017 804.264865
1302.386632 813.060907
1409.129776 822.163135
1521.792152 831.744095
1640.362950 841.742098
1067.351060 186.837896
1151.149761 178.425091
1239.178518 169.895595
1331.744865 161.287275
1428.840711 152.534157
1530.765871 143.750027
1637.523419 134.896788
1057.925938 263.118035
1143.184862 256.595156
1232.976960 249.916019
1327.392552 243.238099
1426.726994 236.489827
1530.941876 229.705305
1640.269414 222.978187
1048.027255 342.852945
1134.812305 338.316257
1226.289613 333.719885
1322.709685 329.128222
1424.104101 324.644846
1530.695405 319.995567
1642.642104 315.624232
1037.663886 425.960747
1126.001170 423.572245
1219.177679 421.345457
1317.432968 419.124291
1421.004309 416.934206
1530.007804 414.914511
1644.650867 412.933430
1026.833138 512.636373
1116.649192 512.688240
1211.421572 512.925048
1311.696834 513.189612
1417.375313 513.754346
1528.822288 514.390311
1646.077171 515.320545
1015.437519 602.804187
1106.543169 605.542324
1203.150309 608.538061
1305.226004 611.629750
1413.109318 615.107958
1526.994400 618.695412
1646.968377 622.667487
1003.455125 696.544647
1096.111319 702.093098
1194.288269 707.987200
1298.296373 714.229913
1408.247199 720.777638
1524.571771 727.786256
1647.212259 735.065743
1146.118543 260.420364
1235.416033 255.783161
1327.938275 251.284443
1423.791394 246.949628
1522.786428 242.733560
1625.160529 238.650313
1730.605004 234.729167
1139.002112 335.454698
1230.587094 332.202554
1325.716622 329.069360
1424.307024 326.103298
1526.325343 323.271355
1631.732224 320.559636
1740.422505 318.057395
1131.327676 414.875564
1225.370957 413.142872
1323.132305 411.560339
1424.605431 410.129772
1529.601056 408.902366
1638.210641 407.680086
1750.364935 406.841061
1123.167906 498.871486
1219.717214 498.817823
1320.161686 499.072535
1424.493926 499.380717
1532.644801 499.859638
1644.646424 500.557854
1760.416703 501.349956
1114.398668 587.708924
1213.490380 589.590818
1316.601081 591.827645
1424.065579 594.060550
1535.442387 596.612068
1651.037303 599.200483
1770.308536 602.094237
1104.937423 681.559526
1206.457362 685.715270
1312.598880 690.114592
1423.043570 694.623392
1537.896730 699.382787
1657.086678 704.261093
1780.344670 709.348460
1094.678118 780.643810
1198.940910 787.243272
1307.963372 794.041689
1421.768460 801.153890
1539.972260 808.392772
1662.790160 815.863131
1790.113743 823.428403
1149.982748 378.933990
1253.842244 377.247637
1360.361313 375.935417
1469.412986 374.815289
1580.730356 373.900703
1694.210951 373.173596
1809.573586 372.738694
1149.944390 479.749352
1253.833475 479.630838
1360.556059 479.674319
1469.712018 479.932000
1581.153948 480.338452
1694.815518 480.892700
1810.195034 481.650455
1149.672914 580.980129
1253.571749 582.331948
1360.298691 583.810806
1469.467560 585.362192
1580.950623 587.158412
1694.566567 588.883574
1810.024541 590.917004
1149.185626 682.115784
1253.044364 684.892237
1359.578563 687.836552
1468.715471 690.871680
1580.159329 693.905701
1693.613926 696.991000
1809.012825 700.093621
1148.538569 782.959228
1252.178825 787.265392
1358.553243 791.625621
1467.533470 795.992091
1578.733838 800.444598
1692.079405 804.784148
1807.216883 809.218995
1147.657813 883.368545
1250.999488 889.210087
1357.105001 895.001582
1465.736202 900.782426
1576.712928 906.525536
1689.836968 912.143128
1804.766511 917.759879
1146.631527 983.065624
1249.571364 990.315660
1355.326896 997.486798
1463.698235 1004.753938
1574.261916 1011.782225
1686.850695 1018.525910
1801.589565 1025.598312
1077.763312 259.903694
1182.807745 253.626692
1292.607338 247.570194
1407.244851 241.623155
1526.552803 235.837446
1650.462096 230.171329
1778.936364 224.732925
1088.179025 359.380917
1190.641210 355.742971
1297.528715 352.149925
1408.955854 348.691294
1524.782919 345.336235
1645.054939 342.205774
1769.490719 339.217947
1098.016125 454.101091
1197.799620 452.623318
1301.861594 451.201524
1410.147792 449.938395
1522.591058 448.924544
1639.209266 447.875373
1759.796234 447.133131
1107.099685 543.840386
1204.338347 544.296927
1305.535619 544.959485
1410.820115 545.790856
1520.061851 546.678561
1633.129969 547.676724
1750.036753 548.805725
1115.624051 628.885353
1210.389032 631.184633
1308.929839 633.578941
1411.188135 636.102386
1517.292454 638.844371
1626.944132 641.691053
1740.199026 644.648415
1123.485605 709.569091
1215.834505 713.505583
1311.669419 717.478195
1411.120498 721.580415
1514.137699 725.915366
1620.718291 730.248053
1730.481299 734.776797
1130.910222 786.020208
1220.811473 791.242217
1314.140026 796.614004
1410.950142 802.240744
1510.965197 807.945449
1614.297528 813.687736
1720.811799 819.657394
1137.086979 96.023048
1243.140951 89.928738
1352.016599 84.304530
1463.597821 79.048441
1577.573447 74.200551
1693.856068 69.664422
1812.026605 65.688016
1138.727228 199.653059
1244.344739 195.198205
1352.861179 191.032769
1464.008476 187.247645
1577.478759 183.825132
1693.193703 180.712401
1810.759375 177.973889
1140.159518 302.872533
1245.272028 299.964011
1353.292221 297.322686
1463.840685 294.940822
1576.679755 292.951590
1691.715077 291.055748
1808.698370 289.630087
1141.403425 405.204587
1245.862692 403.815428
1353.162244 402.712297
1463.059336 401.828915
1575.221947 401.067883
1689.548940 400.559627
1805.729479 400.239052
1142.464138 506.502725
1246.255631 506.677130
1352.809687 506.962224
1461.861504 507.391202
1573.233537 508.092788
1686.737262 508.866353
1802.010194 509.781698
1143.207654 606.575600
1246.165113 608.223735
1351.898512 609.901070
1460.047855 611.744960
1570.567845 613.751742
1683.210781 615.721815
1797.638146 617.838416
1143.726000 705.136466
1245.838152 708.070435
1350.634976 711.111268
1457.949458 714.368362
1567.474905 717.584248
1678.992283 720.778933
1792.417718 724.095912
