497.099453 456.565839
577.138132 454.173097
662.505005 451.774812
753.840359 449.165698
851.690759 446.356405
956.940358 443.298977
1070.233670 439.986329
526.436723 547.342509
605.237491 547.976506
689.057344 548.660902
778.559866 549.389085
874.243376 550.058660
976.953591 550.875848
1087.262104 551.737340
554.401404 633.517778
631.860525 636.723549
714.155225 640.093613
801.831830 643.737621
895.506146 647.696850
995.728615 651.741893
1103.209497 656.296902
580.809405 715.116107
657.028512 720.668897
737.832732 726.593351
823.854524 732.995761
915.554163 739.653658
1013.410721 746.753420
1118.113058 754.425601
605.947844 792.678275
680.951428 800.392940
760.416685 808.495377
844.751783 817.121972
934.535196 826.375309
1030.081384 836.178012
1132.203406 846.718121
629.859756 866.559263
703.691088 876.183149
781.691731 886.283468
864.429381 896.943753
952.356928 908.405726
1045.832102 920.565909
1145.441500 933.541693
652.689696 936.873248
725.276508 948.097947
801.929204 959.998949
883.209543 972.647711
969.232959 986.011212
1060.645607 1000.238389
1157.960339 1015.482218
660.755681 140.314505
733.866050 129.811497
811.108631 118.710418
892.998089 106.991952
979.811987 94.473260
1072.203192 81.299109
1170.440668 67.233101
638.393716 212.120929
712.569894 203.420999
791.137327 194.256546
874.424435 184.525743
963.056491 174.162037
1057.316285 163.179174
1157.779663 151.482238
615.020243 287.448139
690.360628 280.714710
770.204125 273.598103
855.011453 266.062765
945.300003 258.110798
1041.625206 249.520348
1144.369683 240.577761
590.561621 366.291304
667.074356 361.779988
748.228052 357.101980
834.540201 352.037325
926.632328 346.618840
1024.970637 340.964517
1130.181848 334.840051
564.937684 449.199940
642.568387 447.079678
724.992469 445.043109
813.001336 442.642293
906.884886 440.274289
1007.403772 437.551838
1115.080409 434.817193
537.916802 536.299747
616.595919 536.941498
700.606007 537.788301
790.126419 538.462731
885.976729 539.296827
988.686425 540.051150
1099.014188 541.003008
509.432352 627.935021
589.440783 631.543298
674.851683 635.458735
766.102539 639.678700
863.815869 644.095703
968.933819 648.903936
1081.962443 654.015839
924.212390 371.248703
1035.843555 376.664043
1140.113548 381.812646
1237.772966 386.707392
1329.566815 391.292807
1415.967173 395.455984
1497.329401 399.560906
910.094126 488.726585
1019.387440 490.213265
1121.652724 491.737734
1217.654615 493.100775
1307.903955 494.349099
1393.040656 495.550055
1473.227345 496.706876
896.754781 600.368592
1003.679858 598.271147
1103.999751 596.368363
1198.394246 594.529588
1287.241811 592.906351
1371.050961 591.168272
1450.195889 589.714249
883.874224 706.565051
988.741770 701.189338
1087.146868 696.197845
1179.920799 691.519724
1267.382080 687.107698
1349.939626 682.887254
1428.114894 678.935011
871.811630 807.540074
974.531786 799.294943
1071.137337 791.531542
1162.235775 784.287360
1248.440288 777.315412
1329.736248 770.882513
1406.855602 764.597501
860.244643 903.961039
961.009180 893.036463
1055.843234 882.746997
1145.431612 873.087824
1230.160229 863.858335
1310.474814 855.172214
1386.495165 846.972952
849.263752 995.925681
947.939754 982.520857
1041.204438 969.855006
1129.296665 958.096885
1212.754245 946.799808
1291.824941 936.097010
1366.972204 926.027598
842.843735 65.250744
939.460124 78.649074
1030.647926 91.289039
1116.990837 103.354328
1198.807948 114.855046
1276.584503 125.679999
1350.506769 136.014374
856.045284 149.052860
954.838470 160.377452
1048.172845 171.141127
1136.315927 181.272130
1219.758401 190.984731
1298.885001 200.066446
1373.952731 208.764292
869.909395 237.746229
971.162212 246.777460
1066.601653 255.308227
1156.684729 263.400700
1241.662943 271.140708
1322.188721 278.281116
1398.556629 285.144922
884.710266 331.894519
988.551767 338.265589
1086.096089 344.322088
1178.029587 350.023690
1264.718898 355.471131
1346.673509 360.608442
1424.366245 365.456346
900.501152 431.854792
1006.864296 435.235271
1106.648638 438.589386
1200.589393 441.693086
1289.070410 444.503945
1372.567526 447.309686
1451.373910 449.902720
917.342954 538.275214
1026.317201 538.329225
1128.646728 538.524684
1224.532044 538.706412
1314.807549 538.742498
1399.923704 538.849614
1480.138501 538.974502
935.176692 651.751822
1047.029432 648.099986
1151.907214 644.579121
1249.939636 641.466245
1342.093115 638.399757
1428.662446 635.584104
1510.339462 632.900134
686.223275 68.545767
794.648019 71.817753
901.683662 75.036821
1007.436635 78.333181
1111.845610 81.555766
1215.051558 84.770834
1316.994123 87.982269
683.462935 167.238164
793.544986 169.977236
902.218794 172.670617
1009.709544 175.380218
1115.712323 178.062290
1220.437451 180.735992
1323.736159 183.390655
680.587934 269.174834
792.395533 271.284791
902.787833 273.382616
1011.977782 275.474107
1119.621585 277.596438
1225.843926 279.600181
1330.745990 281.711786
677.617956 374.361489
791.309156 375.760082
903.435222 377.257174
1014.232745 378.704656
1123.576625 380.153060
1231.424899 381.621048
1337.947235 383.039992
674.671767 483.017862
790.164670 483.708838
904.031147 484.533172
1016.592019 485.281026
1127.701373 486.027147
1237.214027 486.820253
1345.261736 487.583599
671.582534 595.268614
788.840037 595.262328
904.772854 595.322438
1019.104865 595.344576
1131.912677 595.423701
1243.257111 595.456231
1353.021184 595.552985
668.303984 711.355475
787.595461 710.505845
905.455826 709.741213
1021.723072 709.044966
1136.324897 708.330231
1249.339985 707.641785
1360.902651 706.968587
588.054707 378.147306
698.168489 376.742302
810.613609 375.411274
925.647863 373.984262
1043.269386 372.543427
1163.526512 371.076659
1286.307743 369.528349
597.093848 488.707579
705.407206 488.523012
815.972090 488.388047
928.941062 488.234498
1044.378744 487.935084
1162.424359 487.798492
1282.844210 487.594103
605.932959 595.533730
712.445113 596.415863
821.081658 597.306961
932.099853 598.281000
1045.537009 599.221903
1161.361915 600.169702
1279.595291 601.250572
614.430038 698.590512
719.245773 700.489175
826.018671 702.462006
935.124304 704.519450
1046.573902 706.550202
1160.275302 708.615370
1276.394995 710.778239
622.722259 798.228123
725.823878 801.081182
830.913550 804.020229
938.106651 806.990933
1047.592748 810.083733
1159.271671 813.276172
1273.275377 816.521751
630.695493 894.670952
732.131931 898.430685
835.519830 902.243590
940.959052 906.115344
1048.556540 910.166762
1158.405244 914.295884
1270.373690 918.513518
638.430415 987.950344
738.243995 992.468009
839.991588 997.063273
943.774259 1001.917045
1049.479596 1006.810922
1157.407886 1011.794657
1267.509737 1017.037457
295.805182 375.534627
427.689188 380.829685
551.011248 385.754750
666.573083 390.459662
775.153966 394.905389
877.385166 398.933302
973.826254 402.817592
297.893525 492.314914
426.490716 493.640073
546.785917 494.986307
659.831249 496.230752
766.138984 497.366745
866.467782 498.388892
961.033524 499.424356
299.937280 603.216024
425.259034 601.058422
542.782950 599.014386
653.425891 597.100803
757.603542 595.331764
855.943650 593.516352
948.866142 591.920450
301.746731 708.789863
424.129331 703.364974
538.922820 698.257969
647.205489 693.519936
749.336287 689.062901
845.813797 684.742678
937.130792 680.753049
303.644780 809.233851
422.986208 800.999937
535.373433 793.136213
641.283286 785.800817
741.496694 778.778830
836.140288 772.283799
925.847791 765.987828
305.330570 905.223699
422.058128 894.302918
531.920118 883.930155
635.735487 874.194433
733.902734 864.920343
826.931852 856.179909
915.109906 847.935393
307.019916 996.799224
420.935940 983.415883
528.600490 970.716243
630.316953 958.834067
726.687982 947.531433
817.934958 936.782867
904.728546 926.662713
305.952677 154.917376
427.437332 166.869515
541.566575 178.070043
649.113104 188.707413
750.590701 198.758340
846.569782 208.189425
937.465749 217.163167
305.236216 264.765736
427.630510 273.345190
542.480655 281.490091
650.753915 289.170559
752.844856 296.417406
849.375863 303.235298
940.649599 309.730075
304.497283 376.100704
427.715649 381.375859
543.418751 386.300213
652.413351 391.007561
755.124388 395.413453
852.152733 399.460840
943.978019 403.385390
303.666626 489.336313
427.887046 490.965418
544.363401 492.603789
654.044157 494.141927
757.389547 495.631156
854.959775 496.948208
947.297014 498.268264
303.000715 604.117944
428.002674 602.192965
545.289301 600.449337
655.673143 598.823234
759.683219 597.160814
857.812506 595.747330
950.592978 594.292920
302.227551 720.708306
428.180694 715.096723
546.354306 709.798335
657.453678 704.875889
762.041846 700.175232
860.777333 695.787147
954.045970 691.625108
301.515564 839.086749
428.321287 829.660038
547.397396 820.636461
659.167890 812.402241
764.525766 804.495904
863.672856 797.086966
957.480394 790.114404
312.459939 93.920504
427.067208 106.980752
535.093571 119.211895
637.274638 130.883578
733.942290 141.930566
825.658107 152.362898
912.745698 162.284397
311.004925 187.557210
428.026366 197.994874
538.257986 207.951411
642.390020 217.330530
740.824011 226.226180
834.096102 234.622422
922.476638 242.633953
309.364501 285.241672
428.955308 293.058191
541.499466 300.397793
647.772143 307.353220
747.986159 313.965744
842.813492 320.077867
932.714429 326.020812
307.598361 387.561889
430.045916 392.345471
544.953345 396.862635
653.268975 401.107961
755.404948 405.205748
851.904951 409.020104
943.325364 412.642487
305.899395 494.711657
431.051236 496.207939
548.447272 497.691430
658.981298 499.075657
763.103152 500.299671
861.342632 501.541993
954.208534 502.642954
304.099240 607.039165
432.109884 604.928361
552.311665 603.028834
665.065458 601.262202
771.185771 599.474123
871.295521 597.894851
965.733601 596.368761
302.189713 724.855775
433.271448 718.838762
556.245496 713.103037
671.395699 707.938623
779.648714 702.953102
881.441975 698.291571
977.605971 693.882283
28.402113 93.736073
160.637470 97.527616
290.832123 100.964449
419.257772 104.405297
545.733632 107.783313
670.500871 110.972718
793.351909 114.208559
43.979765 222.333852
173.568305 225.024824
301.170371 227.492021
427.065320 230.009507
551.098663 232.392499
673.429317 234.720069
793.895905 237.129610
59.223783 346.172193
186.032368 347.810046
311.114869 349.309755
434.649826 350.886367
556.319182 352.393485
676.254167 353.792934
794.503424 355.278866
73.430227 465.326839
197.979409 465.891649
320.677593 466.563675
441.783723 467.294072
561.262996 467.964685
678.956383 468.543045
795.088873 469.214570
87.493327 579.774484
209.517479 579.717448
329.999492 579.561569
448.741739 579.496056
566.025308 579.332606
681.534937 579.251848
795.562494 579.135722
100.877495 690.238803
220.701675 689.422491
338.932396 688.527881
455.521474 687.708369
570.593659 686.809219
684.207037 685.959571
796.114040 685.181090
113.904909 796.711732
231.456451 795.095184
347.548920 793.485022
462.029022 792.088106
575.070266 790.520650
686.551557 788.966459
796.641197 787.611316
136.170908 208.041945
284.156437 216.966025
424.294230 225.416870
557.228585 233.444223
683.411965 241.117242
803.392643 248.273098
917.610433 255.135591
151.208594 337.248601
293.505169 342.410680
428.382052 347.450394
556.567814 352.144739
678.477525 356.581726
794.695867 360.795029
905.316620 364.814817
165.234475 457.116096
302.138052 459.147645
432.144174 461.025647
555.987771 462.808472
673.945847 464.535168
786.497199 466.037990
893.861355 467.549558
178.200315 568.708611
310.150985 567.880817
435.575154 567.043892
555.361368 566.294937
669.637583 565.589531
778.732949 564.782623
883.084081 564.146793
190.433932 672.631947
317.657763 669.436273
439.022410 666.229206
554.752065 663.282496
665.624555 660.365928
771.430969 657.705183
872.889050 655.054437
201.793329 769.934620
324.776471 764.545564
442.081413 759.347499
554.297758 754.403199
661.755858 749.607351
764.741467 745.122488
863.364944 740.806785
212.589187 861.035235
331.303923 853.711899
445.013525 846.715578
553.843285 840.163477
658.213695 833.737008
758.224309 827.560852
854.315485 821.769338
116.880752 278.303787
241.277015 280.555325
363.786407 282.709526
484.703045 284.956646
603.973445 287.103940
721.688027 289.208243
837.712990 291.322325
110.431412 394.950474
235.940789 396.310353
359.489508 397.764309
481.433656 399.230035
601.755468 400.604082
720.359990 401.957745
837.249763 403.322018
103.946934 513.516023
230.447838 514.143221
355.121290 514.752012
478.208628 515.371785
599.447383 515.932369
718.935869 516.409915
836.837971 517.062242
97.221766 634.160696
225.066363 633.877877
350.819764 633.608955
474.795233 633.368554
597.057538 633.075178
717.540227 632.795884
836.402100 632.622487
90.586427 756.815313
219.396504 755.580539
346.246666 754.499471
471.300625 753.365495
594.600911 752.184181
716.128649 751.084309
835.846766 750.061051
83.630645 881.600368
213.758203 879.415619
341.706229 877.424085
467.815696 875.417157
592.193953 873.333492
714.744979 871.342629
835.470799 869.414138
76.469197 1008.680580
207.880762 1005.309519
337.190448 1002.276929
464.307559 999.524895
589.698641 996.469796
713.246303 993.552699
835.010726 990.691178
242.300495 168.949217
363.734693 177.557344
479.678158 185.680298
590.586561 193.625374
696.748529 201.142090
798.584045 208.368578
896.272097 215.264003
232.681376 262.465098
358.048353 269.040449
477.680643 275.437080
591.944495 281.523198
701.244107 287.396749
805.848118 292.912915
905.993782 298.262348
222.313040 362.001623
351.968693 366.506288
475.487031 370.758439
593.459891 374.845134
705.947676 378.789923
813.475599 382.428007
916.418095 386.052917
211.176769 468.549469
345.650180 470.472755
473.302450 472.355149
594.937785 474.082337
710.891778 475.842916
821.563641 477.445796
927.410020 479.056464
199.440813 582.637484
338.631175 581.606087
470.720651 580.819009
596.504874 579.975062
716.168123 579.108050
830.179550 578.388242
938.938792 577.680989
186.776165 705.022531
331.142408 700.690893
468.297247 696.743679
598.257190 692.950476
721.873086 689.265383
839.378477 685.884605
951.414859 682.634375
173.030061 836.745667
323.214449 828.657002
465.560661 820.952882
600.109685 813.790015
727.893654 806.876229
849.136314 800.432048
964.574756 794.254301
996.959052 412.020219
1089.948903 408.414278
1188.836028 404.771314
1294.473546 400.760025
1407.326301 396.550557
1528.331660 391.910656
1658.215489 386.956402
1008.639908 504.477959
1100.093280 503.909123
1197.197377 503.315087
1300.740673 502.607103
1411.193939 501.852021
1529.456148 501.121246
1656.205001 500.287744
1019.906653 593.521427
1109.804750 595.547226
1205.212429 597.705202
1306.672197 600.022749
1414.945406 602.591208
1530.541333 605.142567
1654.352209 608.083913
1030.733614 678.899939
1119.126687 683.389515
1212.831074 688.237177
1312.451594 693.390323
1418.512115 698.791480
1531.570932 704.639475
1652.483381 710.832945
1041.178514 761.069082
1128.170591 767.892896
1220.279469 775.140141
1317.993088 782.749455
1421.938221 790.987601
1532.592773 799.684879
1650.739021 809.062742
1051.196527 840.228362
1136.739149 849.207915
1227.274979 858.668971
1323.225645 868.629634
1425.131272 879.350719
1533.561452 890.669976
1649.051151 902.788313
1060.856929 916.480880
1145.055392 927.265936
1234.064339 938.774093
1328.377414 950.997234
1428.194575 964.000364
1534.364311 977.701929
1647.362496 992.410081
1039.362567 235.754634
1127.783391 227.397523
1221.472385 218.637075
1321.121271 209.338884
1427.074716 199.442013
1540.216785 188.896576
1661.112421 177.578860
1035.507584 325.188171
1124.343317 319.521234
1218.527688 313.452434
1318.649163 307.047385
1425.258564 300.222272
1539.035558 292.989475
1660.670795 285.278933
1031.689884 415.789302
1120.895330 412.691108
1215.563783 409.453842
1316.193733 406.007382
1423.402184 402.447066
1537.793116 398.469279
1660.238536 394.477257
1027.808031 507.251612
1117.455444 506.874268
1212.550303 506.598284
1313.663493 506.305872
1421.484792 505.878260
1536.572991 505.496592
1659.847429 505.068740
1023.976161 599.783125
1114.029013 602.211115
1209.497546 604.884898
1311.164875 607.623925
1419.566266 610.688013
1535.332501 613.788494
1659.359057 617.315441
1020.034789 693.428045
1110.351576 698.758754
1206.376265 704.454360
1308.520070 710.387312
1417.580460 716.866960
1534.126498 723.703279
1658.924900 731.139879
1016.027853 788.117974
1106.770351 796.241220
1203.301043 805.022236
1306.051741 814.392840
1415.618993 824.328400
1532.911028 835.029648
1658.510174 846.502262
1069.234928 182.732366
1154.296837 173.395441
1244.173111 163.623238
1339.502117 153.284642
1440.504123 142.368709
1548.048922 130.703053
1662.532653 118.275771
1059.276424 260.889095
1145.527223 253.722734
1236.874132 246.083353
1333.720250 238.020847
1436.619113 229.454310
1546.118267 220.377467
1662.835432 210.758830
1048.944094 341.928823
1136.475787 336.923459
1229.276509 331.648040
1327.755527 326.033365
1432.494229 320.180103
1544.039218 313.764027
1663.225967 307.156931
1038.295972 425.777905
1127.193351 423.118913
1221.433696 420.456371
1321.537859 417.549971
1428.172346 414.417189
1541.942408 411.191357
1663.619686 407.650376
1027.317114 512.738834
1117.536679 512.672762
1213.179726 512.714616
1315.123855 512.626666
1423.728695 512.695350
1539.795448 512.635450
1664.023740 512.755571
1015.896342 602.898138
1107.305850 605.652261
1204.670371 608.670244
1308.305038 611.711984
1419.036603 615.140783
1537.459706 618.629779
1664.424694 622.542903
1003.976917 696.501728
1096.914882 702.198876
1195.840241 708.332951
1301.405471 714.864796
1414.130776 721.791938
1535.100196 729.332748
1664.884685 737.373858
1148.465230 257.621141
1239.307758 252.051998
1334.092804 246.294905
1433.359013 240.339040
1537.109382 234.112767
1646.149764 227.532451
1760.482972 220.625702
1140.715180 333.997362
1233.626203 330.076231
1330.831437 325.954142
1432.640866 321.673637
1539.310075 317.215273
1651.309474 312.528791
1768.972661 307.628528
1132.565861 414.333677
1227.753645 412.111141
1327.430990 409.827852
1431.922577 407.451799
1541.535750 405.051938
1656.741914 402.371852
1778.028157 399.759975
1124.082889 498.810884
1221.633045 498.509842
1323.834784 498.346297
1431.131287 498.082697
1543.834503 497.843739
1662.515727 497.660425
1787.632979 497.369012
1115.161086 587.801560
1215.153460 589.638002
1319.919565 591.789068
1430.321446 593.855758
1546.320468 596.219911
1668.792869 598.539417
1797.751498 601.172631
1105.738483 681.686872
1208.096213 686.011472
1315.895554 690.650347
1429.324752 695.402647
1548.905907 700.570745
1675.272151 705.918929
1808.731401 711.628754
1095.636431 780.848332
1200.801591 787.847796
1311.571853 795.258619
1428.500622 803.103932
1551.667251 811.385040
1682.147389 820.162204
1820.289786 829.402325
1151.678256 377.932688
1257.051727 375.549580
1366.025536 373.259012
1479.035696 370.885712
1596.079749 368.445617
1717.708828 365.813942
1843.952769 363.152999
1151.223268 479.500752
1256.408916 479.055738
1365.414055 478.506959
1478.284899 477.995870
1595.209489 477.483944
1716.694305 476.942765
1842.769513 476.468537
1150.755461 581.042143
1255.816110 582.316639
1364.750911 583.620830
1477.457659 584.937179
1594.314330 586.454779
1715.608338 587.817732
1841.418812 589.453379
1150.310385 682.294768
1255.340285 685.293958
1364.000589 688.438929
1476.652523 691.718819
1593.400476 695.087409
1714.487110 698.593991
1840.198889 702.154680
1149.902119 783.366381
1254.805281 788.123730
1363.374680 793.090031
1475.884573 798.200548
1592.482768 803.606856
1713.475309 809.057719
1838.901964 814.879161
1149.494250 884.274802
1254.219449 890.815530
1362.716147 897.572106
1474.985668 904.632329
1591.478466 911.949371
1712.385352 919.434021
1837.664417 927.273460
1149.037884 984.897709
1253.644422 993.141918
1362.005035 1001.741363
1474.301056 1010.729123
1590.541000 1019.809129
1711.273482 1029.429253
1836.688030 1039.506372
1079.436074 257.490907
1185.879292 250.314520
1297.973410 242.917390
1416.407474 235.072408
1541.448892 226.815279
1673.818247 217.964974
1814.159090 208.619623
1089.395905 358.462579
1192.979052 354.247891
1301.800876 349.732229
1416.546169 344.944768
1537.455660 339.898883
1665.330337 334.643443
1800.495238 328.999047
1098.950076 453.918939
1199.687254 452.075873
1305.475716 450.111361
1416.676883 448.031836
1533.813810 445.999684
1657.357349 443.652006
1787.796879 441.330190
1107.881541 543.900429
1205.969152 544.236591
1308.783763 544.652936
1416.831637 545.126951
1530.423026 545.521918
1649.891713 545.960827
1775.932863 546.371968
1116.427799 629.017574
1212.009859 631.373980
1312.099239 633.808999
1416.990469 636.338103
1527.260379 639.094332
1642.982780 641.950233
1764.838183 644.967166
1124.449475 709.740546
1217.639087 713.912625
1315.042660 718.176039
1417.066519 722.605098
1524.064261 727.407857
1636.476351 732.277237
1754.401416 737.490160
1132.075742 786.345232
1222.928026 791.965808
1317.871220 797.860363
1417.261801 804.121189
1521.173407 810.663802
1630.228039 817.419771
1744.606708 824.646733
1140.894927 88.060881
1249.537796 80.317406
1362.108780 72.490893
1479.043703 64.311770
1600.057878 55.819942
1726.275163 47.083995
1857.773871 36.840530
1141.576539 195.299860
1249.252344 189.658793
1360.877488 183.729928
1476.669635 177.697230
1596.692211 171.405435
1721.466912 164.846583
1850.849487 158.071472
1142.201422 300.862563
1249.024058 297.069031
1359.738377 293.133015
1474.385650 289.071768
1593.261034 284.992497
1716.753289 280.531261
1844.897246 276.119394
1142.872453 404.515479
1248.776903 402.562857
1358.423622 400.579163
1472.097248 398.580881
1589.858114 396.432822
1712.142564 394.229923
1839.070904 391.876654
1143.600166 506.424639
1248.635918 506.291579
1357.336725 506.142847
1469.901054 505.965171
1586.621106 505.941782
1707.691191 505.767702
1833.302500 505.669167
1144.244888 606.716092
1248.299466 608.343821
1356.114766 609.952671
1467.633570 611.669296
1583.263340 613.568035
1703.279914 615.359274
1827.722985 617.322891
1144.858672 705.318709
1248.060368 708.509576
1354.894243 711.877212
1465.582738 715.459629
1580.076508 719.142521
1698.837228 722.844232
1822.109092 726.869187
