-1.90386860221395 -1.77736491882451 0.11052724441276 
-1.96930148381385 -1.97641748426325 0.43146390726110 
-1.99945274006488 -2.15742078348404 0.78067595034886 
2.03730291211439 2.12925907952303 0.64945298181294 
2.00530825152960 2.01157927812387 0.41349888896022 
1.93044341355423 1.81787641262236 0.08878948633873 
-1.99538679803262 -2.03320759757139 -0.52498897299214 
2.08459966117702 2.07572547091734 -0.12225703940400 
-2.05813908459703 -2.03590000084672 -0.09660837690725 
2.01249201541316 2.07712498074535 -0.55305204595624 
1.95465335591863 1.88643739205177 -0.21790818774943 
2.04606433766184 2.18315857922950 0.77196015704787 
1.98287436038539 1.94913562955357 0.30136073663220 
1.92983268004287 1.81790491640498 0.08898275511198 
-2.00906540167921 -2.09359700032497 -0.63975532867523 
2.16073545388275 2.18763526464225 0.32816814833868 
-2.01786816245773 -2.14959050187835 -0.76087088051168 
2.13300333755511 2.13241672945910 -0.01344608412646 
1.92846110148750 1.81892147446102 -0.11356804723374 
-1.90417399208138 -1.77793621647860 0.11029194319389 
-1.98352081639777 -2.03967973865843 0.54499034634336 
-1.99901512673093 -2.15784400311480 0.78001023879803 
-1.93379794177360 -1.84394342030396 -0.19305473983607 
2.02304569555573 2.13612427830438 -0.66983000634273 
2.03014371644907 2.19404801116611 -0.79232775708404 
-2.08992609240799 -2.09811821562232 0.22926182587839 
-1.90768708421844 -1.77658222843374 -0.09052491220721 
-2.05607690855703 -2.03679227196208 0.11771214255630
