-32.79413124714581 -13.97782648159167 83.13206107239826
-30.04673339469918 -23.81440182546146 88.54262010947551
-25.86471072150793 -31.34226094721973 96.22874023372736
-6.68776445896732 -17.33014411207510 64.04860463219738
-8.26229761027713 -23.87269680652176 68.25717078503270
-11.38898759163063 -31.22311003484997 76.28151657626620
-19.89753555698252 -13.54488467632165 64.61311492244957
-20.75832403469475 -32.37420340798596 77.50021638365564
-25.21669331770669 -14.44223861904743 72.22665173228592
-22.63686418228052 -30.31241234524545 88.43862487911638
-47.91900762486186 -32.79517324634684 83.50373056319202
-36.62404493484325 -13.70749246250766 62.96395136550423
-39.77378726531282 -26.47508026514135 71.02533088286835
-41.93218909867928 -30.90802709007719 76.53987963987862
-43.38981277376169 -14.79495660818534 64.02630619318310
-46.38196702201981 -30.55522904996277 63.45949925875387
-41.21131519892425 -20.30676833330359 57.14558611097146
-47.77693006706788 -19.18901244406763 69.19162435850679
-44.21141219682583 -25.47158809650945 74.17150186071203
-3.36479933244825 -13.55918625196301 85.22914613597551
0.65354799730387 -25.96304787515355 92.91508121826803
3.50196360171294 -30.34822448852863 98.34271730670528
1.21942782856777 -9.79341028907871 76.71815484315826
6.39236761307740 -32.39723958607934 95.64620725558267
8.43365120039202 -24.58570106462272 96.60108165365411
5.91305802800153 -15.52696055740082 81.80109328372846
0.79600836989880 -21.51179590009272 77.38644370537668
4.77495656841496 -31.72516313667575 78.62398069019113
