504.999682 401.759439
584.601704 397.683204
669.439309 393.537688
760.247435 389.057908
857.361671 384.304842
961.782065 379.108909
1074.154628 373.502172
527.156196 496.800585
605.803343 495.936162
689.436647 495.052036
778.793012 494.110698
874.283754 492.933234
976.787095 491.806197
1086.884982 490.624126
548.514843 588.128897
626.103507 590.008567
708.631950 592.093061
796.545372 594.263328
890.515059 596.667110
991.078308 599.092659
1098.971616 601.831589
568.963630 675.658084
645.604066 680.179002
726.948364 685.049897
813.564324 690.291519
905.986982 695.696676
1004.743951 701.522215
1110.451430 707.777914
588.674751 759.831192
664.364307 766.792463
744.649157 774.169299
829.941922 781.971540
920.809509 790.322805
1017.796318 799.202179
1121.433712 808.728933
607.579012 840.873561
682.310912 850.037466
761.502977 859.736201
845.499285 869.960942
934.941901 880.913454
1030.240070 892.602057
1131.899149 905.081340
625.812661 918.806793
699.611286 929.934817
777.658521 941.754884
860.536039 954.314403
948.516572 967.649689
1042.126650 981.818640
1141.923711 997.013340
555.490413 256.783472
633.021159 248.578580
715.440201 240.012122
803.322482 230.877700
897.088538 221.082442
997.624985 210.603653
1105.339619 199.342412
555.707697 351.917600
633.194766 346.774293
715.522436 341.276266
803.308790 335.506901
897.038025 329.208381
997.427666 322.541023
1105.025863 315.427616
555.948388 447.138942
633.362150 444.834996
715.640486 442.492554
803.339582 439.928481
897.018773 437.235448
997.243323 434.253909
1104.744128 431.201991
556.171610 542.041254
633.530759 542.635456
715.718867 543.427118
803.368220 544.237368
896.952728 544.982817
997.061057 545.871687
1104.403343 546.754445
556.453487 636.840854
633.732297 640.355313
715.876058 644.197511
803.463934 648.212426
896.870234 652.572670
996.907818 657.134460
1104.083920 662.146555
556.667234 731.490371
633.818888 737.914338
716.036656 744.813399
803.398859 752.148274
896.789419 760.001062
996.734600 768.311796
1103.745722 777.287525
556.922540 825.976859
634.068391 835.241525
716.114773 845.180765
803.524798 855.814290
896.739147 867.102324
996.588052 879.177624
1103.465031 892.198040
631.942331 159.763033
706.432762 149.492480
785.271222 138.727178
868.972339 127.356321
957.892578 115.139065
1052.773346 102.160726
1153.807421 88.392820
614.079376 239.309802
689.393126 231.289530
769.175095 222.764340
853.955464 213.736303
944.311575 204.038149
1040.601899 193.818176
1143.394640 182.889336
595.526873 321.891739
671.737298 316.086838
752.520740 310.030360
838.473716 303.552146
930.089034 296.683754
1027.878736 289.258074
1132.540179 281.485867
576.376379 407.372948
653.404037 404.037708
735.207937 400.668745
822.290906 397.017338
915.264549 393.072224
1014.691715 388.930679
1121.164496 384.403184
556.558432 496.158348
634.418101 495.512477
717.136899 495.013721
805.560871 494.281132
899.815311 493.608860
1000.903113 492.804855
1109.186459 492.121997
535.891301 588.293169
614.500652 590.547015
698.481946 593.101691
787.935954 595.675720
883.707809 598.597557
986.403001 601.557839
1096.685187 604.799980
514.434850 683.956034
594.058757 689.344330
679.026961 695.140662
769.774471 701.433610
866.859202 708.082702
971.347096 715.191050
1083.592395 722.882108
916.528711 307.082839
1026.932706 314.620561
1130.160660 321.670737
1227.026923 328.398904
1318.042027 334.739422
1403.812298 340.547214
1484.633657 346.190785
906.978999 427.148488
1015.861068 430.630534
1117.771516 434.020909
1213.467289 437.142946
1303.437183 440.123211
1388.313508 442.897145
1468.343312 445.527184
897.884239 543.073081
1005.104391 542.870588
1105.727616 542.632560
1200.246365 542.512829
1289.269495 542.393127
1373.279747 542.099033
1452.586236 542.044617
888.947869 655.103506
994.783602 651.320009
1094.004343 647.805901
1187.453853 644.564367
1275.484734 641.504185
1358.606953 638.517336
1437.241398 635.822937
880.400718 763.283816
984.726875 756.263903
1082.712103 749.682562
1174.945949 743.577263
1262.158310 737.685385
1344.389890 732.217863
1422.293503 726.929019
872.157602 868.033045
975.033269 857.974852
1071.718611 848.517582
1162.986810 839.607770
1249.159955 831.103614
1330.666843 823.143034
1407.869858 815.635587
864.148310 969.340353
965.482990 956.399458
1061.121337 944.157453
1151.301272 932.760496
1236.572715 921.831271
1317.225140 911.501721
1393.741604 901.859353
896.501561 193.664458
1002.967217 204.651845
1102.800216 214.890214
1196.704424 224.684590
1285.177691 233.902477
1368.727906 242.488932
1447.630907 250.655369
895.948822 309.660933
1002.374671 316.942436
1102.178090 323.825454
1196.038567 330.308900
1284.456167 336.433748
1367.918079 342.179827
1446.762034 347.627765
895.482193 425.478794
1001.738876 429.107998
1101.507624 432.506609
1195.321092 435.818117
1283.706467 438.896943
1367.117023 441.655070
1445.971908 444.459996
894.941736 541.137855
1001.206165 541.076040
1100.855927 541.081600
1194.623876 541.115701
1282.950004 541.174167
1366.302068 541.140008
1445.159857 541.225871
894.413685 656.568393
1000.549900 652.864041
1100.127658 649.485314
1193.800674 646.342775
1282.194402 643.286812
1365.494375 640.505192
1444.237640 637.762709
893.955882 771.883717
999.982304 764.617697
1099.461728 757.868433
1193.134211 751.496669
1281.373645 745.368815
1364.757711 739.648823
1443.502540 734.321293
893.436291 886.973166
999.281734 876.123035
1098.845683 865.851985
1192.424117 856.385858
1280.660953 847.256771
1363.909940 838.718211
1442.661343 830.763526
857.646322 86.728131
956.777960 99.965536
1050.213518 112.328891
1138.597799 124.219721
1222.178410 135.436342
1301.520264 146.007614
1376.804447 156.109429
868.139786 180.498198
969.074435 191.201894
1064.209843 201.301769
1153.955796 210.850636
1238.798871 219.937090
1319.084635 228.511549
1395.225054 236.568900
879.100816 278.544155
981.893168 286.504586
1078.664348 294.002775
1169.899935 301.165855
1255.956363 307.923269
1337.328494 314.156002
1414.495275 320.231227
890.598627 381.154842
995.402369 386.051087
1093.827120 390.721167
1186.436832 395.117822
1273.757875 399.349931
1356.291427 403.286694
1434.414840 407.050623
902.639651 488.548385
1009.372350 490.123564
1109.464662 491.757230
1203.603567 493.324526
1292.375007 494.639803
1376.030141 496.028357
1455.085279 497.271489
915.356420 601.147856
1024.050631 599.179699
1126.028123 597.441469
1221.677399 595.771782
1311.729730 594.147269
1396.638029 592.611244
1476.728539 591.237156
928.546199 719.312001
1039.336483 713.449639
1143.282320 707.844415
1240.570635 702.810454
1331.983212 697.890545
1417.986325 693.299472
1499.095946 689.057416
662.199010 375.510603
785.297566 376.680217
906.600532 377.893590
1026.383034 379.132460
1144.362276 380.380209
1260.670977 381.455107
1375.330231 382.608082
668.161784 487.252572
786.990185 487.681399
904.053747 488.134995
1019.643192 488.517229
1133.518430 488.863865
1245.956536 489.219367
1356.756942 489.679252
673.906784 591.478590
788.530564 591.170525
901.672686 590.812392
1013.302981 590.474690
1123.518629 590.243365
1232.243003 589.803906
1339.465684 589.547620
679.156808 688.684577
790.012164 687.759427
899.377948 686.773809
1007.437114 685.919355
1114.105833 684.983018
1219.357135 684.002065
1323.255160 683.145521
684.158179 779.549394
791.436988 778.121779
897.340732 776.604589
1001.895781 775.170516
1105.313222 773.721161
1207.286884 772.372759
1308.043609 770.935081
688.814969 864.907066
792.807681 862.951041
895.364250 860.990520
996.818235 859.069298
1096.983001 857.117582
1196.017800 855.281798
1293.823704 853.482425
693.233884 945.106105
793.937607 942.661402
893.562934 940.216844
991.971094 937.964595
1089.185641 935.611103
1185.365211 933.293493
1280.394996 931.184428
686.211289 68.517040
794.619981 71.857596
901.620831 75.077758
1007.371807 78.357686
1111.797254 81.545834
1215.014947 84.732331
1316.951825 87.929740
683.445241 167.207936
793.537275 169.989960
902.205742 172.675526
1009.633970 175.385551
1115.652340 178.033240
1220.366842 180.701826
1323.721374 183.326410
680.588334 269.186352
792.403754 271.306072
902.789739 273.416188
1011.912480 275.502274
1119.570748 277.577795
1225.805545 279.586571
1330.743655 281.690675
677.632121 374.379506
791.304581 375.798695
903.456783 377.281025
1014.219408 378.701577
1123.544914 380.155000
1231.411217 381.620212
1337.929834 383.039074
674.636389 483.067559
790.145476 483.757658
904.028501 484.583696
1016.595475 485.305981
1127.679376 486.038629
1237.213033 486.830815
1345.274802 487.593730
671.558117 595.331978
788.840570 595.346751
904.779343 595.405754
1019.083077 595.410340
1131.901717 595.451822
1243.244786 595.489644
1353.022425 595.561198
668.320763 711.439015
787.584536 710.602593
905.460605 709.815890
1021.707635 709.119132
1136.316638 708.386463
1249.330226 707.675294
1360.873875 707.003444
588.077160 378.109043
698.221294 376.710438
810.632647 375.375494
925.722660 373.936774
1043.312288 372.488736
1163.525504 371.015748
1286.322008 369.454654
597.107326 488.685236
705.437185 488.517132
815.984642 488.420296
928.983481 488.240217
1044.395904 487.932425
1162.409044 487.749950
1282.867544 487.565709
605.953419 595.541027
712.463914 596.427677
821.111981 597.341863
932.123417 598.297208
1045.549143 599.216202
1161.377628 600.165694
1279.621669 601.230955
614.452817 698.614480
719.269683 700.513095
826.033946 702.520380
935.167272 704.565007
1046.595709 706.543434
1160.318134 708.611995
1276.420604 710.762262
622.729065 798.262588
725.824189 801.117975
830.898519 804.077783
938.120061 807.046763
1047.611782 810.113017
1159.329332 813.269989
1273.290242 816.456560
630.691890 894.724743
732.134496 898.471893
835.501759 902.291956
940.949717 906.194556
1048.573234 910.201553
1158.410352 914.311042
1270.363698 918.508136
638.451738 987.984661
738.259311 992.529292
840.010869 997.143100
943.782639 1001.979150
1049.512357 1006.848419
1157.429758 1011.801312
1267.494900 1016.961333
674.999089 142.502750
769.628744 139.346348
865.882893 136.098005
964.051006 132.906373
1064.036425 129.557726
1166.075133 126.147440
1269.902826 122.728060
661.729756 221.819077
758.872285 219.328615
857.837461 216.739410
958.806312 214.176229
1061.801800 211.520946
1166.718946 208.861748
1273.629375 206.178430
647.590403 305.805979
747.486224 304.010963
849.281567 302.235793
953.255417 300.403499
1059.274896 298.573448
1167.350684 296.622829
1277.637033 294.831788
632.649628 394.815793
735.487373 393.830007
840.321439 392.943706
947.314722 391.925921
1056.566222 390.959785
1168.051172 390.045723
1281.824172 389.078672
616.849441 489.422174
722.685095 489.357414
830.590533 489.487508
941.052635 489.437260
1053.677504 489.429085
1168.784749 489.499308
1286.238174 489.615963
600.018549 590.046638
708.933222 591.096277
820.488491 592.281514
934.274250 593.387059
1050.596887 594.587764
1169.601113 595.773267
1291.108595 597.038064
582.006637 697.305188
694.504430 699.568913
809.503026 701.955180
927.130584 704.406430
1047.300043 706.856238
1170.415921 709.403528
1296.184791 712.031310
252.930131 86.548046
359.796766 92.841029
463.714139 98.839295
564.996531 104.862114
663.752270 110.608356
760.123816 116.226847
853.977830 121.770033
239.887439 167.280794
349.946040 172.591639
457.000881 177.767732
561.254596 182.878856
662.825486 187.773090
761.736861 192.619632
858.064895 197.267300
226.029586 252.875995
339.472442 257.172167
449.808051 261.380618
557.277747 265.456226
661.727425 269.419297
763.389405 273.213092
862.426889 277.025297
211.208553 343.836682
328.449549 346.909220
442.301504 349.962669
552.941767 352.834687
660.519419 355.753846
765.167843 358.554140
867.016699 361.314955
195.526249 440.683765
316.647908 442.375435
434.101478 444.184580
548.351496 445.828618
659.269188 447.418980
767.052583 449.032490
871.810038 450.575167
178.809027 543.936431
303.979660 544.135504
425.643273 544.472008
543.491135 544.687171
657.973364 544.900953
769.128992 545.092954
877.029575 545.301358
160.896302 654.221792
290.604497 652.781670
416.554980 651.274809
538.409797 649.910645
656.580691 648.518333
771.199214 647.225935
882.403641 645.932477
295.728221 375.460282
427.649480 380.801090
550.945477 385.690234
666.541749 390.417187
775.144797 394.884817
877.372116 398.923243
973.816324 402.799840
297.724732 492.247353
426.377714 493.619162
546.755206 494.987257
659.784898 496.193003
766.116586 497.380053
866.403741 498.388868
961.038159 499.429637
299.847511 603.188805
425.146414 601.057581
542.743235 598.980818
653.366614 597.109184
757.551211 595.340571
855.899927 593.551660
948.847670 591.954667
301.676743 708.782384
424.096325 703.377679
538.906686 698.274105
647.176351 693.563459
749.305435 689.097662
845.771979 684.769833
937.115182 680.798270
303.546259 809.202027
422.949766 800.991451
535.336261 793.133523
641.220624 785.826730
741.465316 778.830917
836.077214 772.331565
925.807426 766.035830
305.290575 905.200548
422.007365 894.302069
531.831701 883.961293
635.688528 874.240817
733.862704 864.942823
826.866513 856.220075
915.072791 847.974249
306.971800 996.796406
420.881798 983.470613
528.556277 970.761746
630.266438 958.865041
726.628488 947.554803
817.898083 936.835094
904.666706 926.738697
305.829491 154.819666
427.343338 166.842820
541.473450 177.998967
649.049877 188.683883
750.566464 198.755250
846.550101 208.196937
937.421847 217.171432
305.079634 264.659994
427.515352 273.324950
542.467965 281.470330
650.705145 289.137178
752.830047 296.420569
849.322416 303.253424
940.643433 309.723061
304.392302 376.102760
427.610376 381.378439
543.370468 386.299151
652.367926 391.026499
755.085562 395.417473
852.119109 399.491992
943.960421 403.421689
303.586962 489.334703
427.821989 491.005660
544.334163 492.612686
654.001583 494.169091
757.356548 495.683093
854.934433 496.987990
947.277849 498.323891
302.873619 604.114468
427.952195 602.195484
545.236566 600.450738
655.605590 598.838419
759.657753 597.228986
857.776775 595.815746
950.572933 594.371159
302.174096 720.747890
428.113213 715.147895
546.254025 709.872836
657.409053 704.952199
762.006161 700.234773
860.736007 695.854833
954.034051 691.686390
301.460146 839.096501
428.261086 829.712106
547.338459 820.707480
659.115787 812.463563
764.456951 804.561403
863.618602 797.163339
957.424911 790.215499
312.309141 93.820942
426.953829 106.925958
534.990058 119.128210
637.191992 130.865637
733.898770 141.930764
825.640548 152.360625
912.697365 162.301781
310.848544 187.452398
427.917382 197.980004
538.235054 207.921927
642.343986 217.310344
740.811576 226.229494
834.047581 234.657803
922.455885 242.636535
309.253183 285.213048
428.863301 293.058609
541.451822 300.408491
647.729818 307.383560
747.956436 313.981912
842.787602 320.111610
932.691662 326.043231
307.502548 387.584565
429.967646 392.373389
544.936023 396.872893
653.225547 401.129139
755.356558 405.249492
851.875735 409.056751
943.308415 412.689135
305.761301 494.736799
430.982119 496.234515
548.396263 497.709023
658.927146 499.097860
763.077241 500.358316
861.322661 501.614942
954.201792 502.733024
304.035013 607.063934
432.072058 604.980049
552.236862 603.110488
665.021334 601.325111
771.144770 599.556709
871.270544 597.971490
965.726317 596.443736
302.097984 724.927354
433.212345 718.938714
556.190046 713.190211
671.365788 708.024716
779.580722 703.053372
881.424914 698.386458
977.558300 694.000794
175.865308 350.262283
306.750825 353.327275
433.372937 356.311195
556.152398 359.231867
675.110799 362.088770
790.399185 364.754834
902.269898 367.361900
193.625622 462.952462
319.866373 464.218101
442.061550 465.499858
560.540829 466.611809
675.466585 467.699341
787.090115 468.743453
895.393439 469.803757
210.471811 568.159833
332.065687 567.771740
450.077970 567.362723
564.642190 566.947779
675.893517 566.607557
783.983209 566.151854
888.983596 565.810407
226.022871 666.461559
343.585597 664.600993
457.550792 662.782849
568.449783 661.091158
676.265621 659.393956
781.004235 657.684147
882.912232 656.132712
240.707005 758.394319
354.326387 755.400058
464.724314 752.344840
572.012469 749.454037
676.642996 746.571797
778.208817 743.912776
877.189116 741.194810
254.461134 844.874541
364.453555 840.756985
471.332972 836.677657
575.509124 832.738908
676.922477 828.826705
775.690193 825.078386
871.901295 821.451446
267.466982 926.160855
373.928222 921.043259
477.676213 916.001253
578.735339 911.179674
677.257932 906.389544
773.199976 901.729986
866.835615 897.273179
91.206148 24.219843
229.303824 33.822678
360.749017 41.658305
489.350830 50.382545
613.333037 58.235963
733.561503 65.906625
849.814653 73.188447
97.711030 153.243541
233.127611 159.717986
364.073221 166.112540
490.855628 172.232033
613.697524 178.137381
732.752109 183.872019
848.090867 189.502023
103.697215 279.198699
237.485149 283.605575
367.069655 287.891262
492.665563 292.058501
614.305314 296.077897
732.199310 299.888833
846.484464 303.688487
109.256876 402.664431
241.881080 405.000562
370.060325 407.303916
494.353745 409.533411
614.828817 411.708138
731.571231 413.747978
844.878578 415.832159
114.913519 523.576076
246.056973 524.022386
373.033945 524.447447
496.002430 524.847652
615.369279 525.169658
731.001319 525.599647
843.225015 525.918579
120.505233 642.241013
250.230172 640.768839
375.919589 639.393775
497.717514 638.028836
615.895790 636.601033
730.526270 635.298820
841.716054 634.058699
126.021357 758.491312
254.321370 755.190184
378.793431 751.962076
499.382571 748.982523
616.434250 745.909786
729.965712 742.991971
840.154521 740.279376
136.019483 207.903292
284.083943 216.832517
424.171958 225.271242
557.197344 233.335999
683.419239 241.043020
803.373278 248.204791
917.608618 255.075478
150.934681 337.065397
293.362174 342.327561
428.336203 347.408615
556.523193 352.052693
678.455687 356.520596
794.623387 360.724602
905.318350 364.780746
165.099742 457.052052
301.969138 459.090911
432.096320 460.954225
555.909902 462.752523
673.892263 464.478005
786.449898 466.034199
893.849144 467.537088
178.106034 568.661850
310.107899 567.830249
435.543006 567.016319
555.334852 566.297035
669.607018 565.582666
778.707059 564.773705
883.072515 564.178371
190.305207 672.560961
317.610460 669.405805
438.977098 666.206337
554.698193 663.268355
665.605619 660.382328
771.408307 657.709993
872.863599 655.070706
201.771416 769.900165
324.720969 764.532918
442.002162 759.355801
554.282945 754.430237
661.734770 749.617129
764.697483 745.137451
863.354240 740.850583
212.547101 861.003292
331.268602 853.730272
444.978202 846.740007
553.796099 840.165512
658.178926 833.736363
758.194936 827.581578
854.287123 821.787536
116.729307 278.252949
241.208218 280.494288
363.720778 282.661092
484.678853 284.954396
603.966732 287.098354
721.694641 289.216781
837.723453 291.351655
110.283636 394.911720
235.859391 396.314181
359.462588 397.769836
481.411444 399.240736
601.746916 400.600762
720.364945 401.977942
837.263398 403.348548
103.838401 513.560747
230.378226 514.142319
355.089599 514.787928
478.171213 515.412634
599.423378 515.967938
718.950918 516.469091
836.826997 517.102812
97.175404 634.216743
225.042510 633.888744
350.792197 633.633962
474.786844 633.409978
597.023281 633.134005
717.538267 632.864563
836.393016 632.690995
90.487276 756.808105
219.395263 755.602276
346.239465 754.539264
471.314374 753.402826
594.588146 752.227158
716.116952 751.176327
835.823672 750.155883
83.819990 881.618991
213.723740 879.426782
341.713056 877.452339
467.817042 875.444268
592.164905 873.387762
714.718051 871.422094
835.438296 869.504119
76.721204 1008.529408
207.925502 1005.328533
337.153836 1002.304507
464.354191 999.534422
589.670662 996.533538
713.252794 993.624036
834.976946 990.833819
242.146186 168.872546
363.640979 177.539002
479.592963 185.656459
590.519209 193.630983
696.716767 201.163018
798.581660 208.381316
896.245592 215.293450
232.535653 262.394941
357.952348 269.045823
477.640161 275.427235
591.908149 281.529574
701.233994 287.413317
805.813869 292.971377
905.980879 298.279322
222.185509 362.009406
351.886038 366.532268
475.429665 370.808111
593.420722 374.914966
705.915852 378.828952
813.454440 382.487665
916.397384 386.119256
211.091426 468.594292
345.557408 470.525332
473.277648 472.390580
594.884651 474.121922
710.842438 475.920720
821.545942 477.522233
927.396347 479.129668
199.300461 582.684405
338.568543 581.653921
470.681007 580.856854
596.461450 580.028981
716.147079 579.189968
830.153732 578.492009
938.938546 577.803356
186.712106 705.087204
331.097899 700.779307
468.245879 696.856167
598.200667 693.035994
721.825834 689.380455
839.362072 686.005422
951.406591 682.733140
172.990515 836.801712
323.178001 828.767745
465.514694 821.068592
600.086282 813.898393
727.822943 807.009692
849.096157 800.566645
964.500093 794.443947
997.002473 411.999480
1089.982214 408.352881
1188.871038 404.713116
1294.582640 400.658190
1407.432080 396.454979
1528.384522 391.818982
1658.291404 386.837166
1008.688597 504.482726
1100.137478 503.888406
1197.207974 503.292026
1300.798859 502.589897
1411.237780 501.796231
1529.482518 501.019008
1656.239843 500.226742
1019.950830 593.537856
1109.839348 595.515619
1205.254156 597.688392
1306.714987 599.992875
1414.996543 602.520010
1530.566424 605.092071
1654.388825 608.014068
1030.761227 678.910408
1119.164899 683.378447
1212.882531 688.244660
1312.511759 693.375998
1418.567290 698.724976
1531.611378 704.595232
1652.494526 710.793233
1041.236683 761.113921
1128.211082 767.917137
1220.307025 775.152713
1318.053524 782.735492
1421.971136 790.918337
1532.640896 799.628162
1650.741185 808.944557
1051.228903 840.287914
1136.786050 849.214122
1227.318006 858.635821
1323.258460 868.596915
1425.162843 879.274439
1533.517262 890.613815
1648.974693 902.706014
1060.913518 916.533777
1145.090865 927.296288
1234.051264 938.775949
1328.330350 950.990441
1428.175517 963.948834
1534.306328 977.630185
1647.318276 992.316942
1039.310600 235.736210
1127.759120 227.353042
1221.482534 218.574507
1321.193196 209.259278
1427.175053 199.336457
1540.311542 188.780178
1661.202587 177.447423
1035.540857 325.168873
1124.371110 319.501008
1218.526792 313.422243
1318.703340 307.044849
1425.315843 300.154797
1539.098044 292.917199
1660.713407 285.210265
1031.727872 415.796619
1120.942973 412.672692
1215.586567 409.458681
1316.231711 406.002563
1423.481740 402.407519
1537.852522 398.435331
1660.323122 394.402396
1027.858871 507.277127
1117.483972 506.876755
1212.579043 506.605348
1313.730440 506.281217
1421.544882 505.844193
1536.636673 505.496625
1659.865433 505.037997
1024.026186 599.851910
1114.042517 602.245119
1209.527650 604.930559
1311.247296 607.651060
1419.592557 610.639997
1535.421293 613.777238
1659.412850 617.265512
1020.066325 693.496530
1110.399827 698.793360
1206.464610 704.464139
1308.574650 710.373699
1417.617369 716.836234
1534.157398 723.709803
1658.947313 731.114819
1016.096181 788.182484
1106.847353 796.287079
1203.345997 805.031601
1306.092502 814.384371
1415.654756 824.315831
1532.916563 834.996395
1658.495695 846.498831
1069.178916 182.697962
1154.266797 173.348064
1244.179100 163.556474
1339.548450 153.228405
1440.596892 142.237061
1548.154016 130.564734
1662.627337 118.117124
1059.270799 260.872970
1145.543877 253.713396
1236.863656 246.036301
1333.758625 238.013743
1436.685960 229.373763
1546.176802 220.304489
1662.882382 210.662111
1048.970663 341.929774
1136.524052 336.907216
1229.292773 331.670668
1327.797732 326.052298
1432.561811 320.139303
1544.102858 313.719370
1663.316848 307.094837
1038.338580 425.802550
1127.204525 423.116540
1221.458569 420.456294
1321.587663 417.527554
1428.233567 414.397630
1541.998756 411.197458
1663.662241 407.617947
1027.359817 512.803587
1117.557810 512.707109
1213.195615 512.759103
1315.195962 512.651379
1423.760896 512.663663
1539.880973 512.626515
1664.075743 512.721492
1015.921771 602.981418
1107.348669 605.695653
1204.765286 608.691116
1308.350618 611.723635
1419.070056 615.133834
1537.517969 618.664307
1664.430082 622.535304
1004.053864 696.559423
1096.986395 702.237861
1195.893727 708.352368
1301.455458 714.897699
1414.173332 721.845783
1535.130751 729.339550
1664.896294 737.410601
1085.579063 463.008804
1193.428053 461.846110
1305.225131 460.801278
1421.392063 459.629895
1541.761504 458.534315
1666.888931 457.273986
1797.011338 455.983662
1090.937254 557.910323
1195.631947 558.577665
1303.959405 559.275889
1416.345173 559.949032
1532.670036 560.610382
1653.513646 561.371327
1778.851153 562.203104
1096.092369 647.400844
1197.667145 649.496773
1302.786874 651.680837
1411.550399 653.900867
1524.215627 656.350353
1641.000886 658.720623
1762.066093 661.330819
1100.871480 731.672696
1199.638151 735.092248
1301.612601 738.687890
1407.152914 742.397287
1516.280311 746.183384
1629.173899 750.149081
1746.254252 754.197166
1105.492549 811.243203
1201.511120 815.878331
1300.621516 820.644710
1402.983338 825.555941
1508.830145 830.726079
1618.206636 836.012382
1731.397084 841.461589
1109.762016 886.592242
1203.219261 892.278494
1299.559333 898.082878
1399.019531 904.114885
1501.670244 910.401588
1607.788195 916.878642
1717.370145 923.572033
1113.906127 957.917760
1204.831830 964.455500
1298.576996 971.222516
1395.291256 978.354230
1494.981254 985.605879
1597.947498 993.014247
1704.288093 1000.788873
1125.011051 140.287104
1216.711633 134.699383
1311.136376 129.004058
1408.647369 123.206834
1509.097749 117.161516
1612.966915 110.970631
1720.261063 104.512215
1120.661239 213.807079
1214.632848 209.293227
1311.577947 204.578609
1411.685856 199.826620
1515.012464 194.860606
1621.744135 189.819304
1732.144718 184.563973
1115.938390 291.328025
1212.404709 287.887316
1311.943129 284.416800
1414.855388 280.789434
1521.127752 277.112436
1631.069688 273.191875
1744.940150 269.314063
1111.049660 372.982649
1210.095438 370.764574
1312.443633 368.633439
1418.221851 366.306741
1527.626121 363.981074
1640.929250 361.641572
1758.310912 359.079604
1105.910558 459.252401
1207.648270 458.436085
1312.784723 457.768784
1421.793856 456.943511
1534.529243 456.167721
1651.445855 455.325385
1772.549663 454.534868
1100.506958 550.436662
1204.920526 551.269216
1313.374809 552.235722
1425.490756 553.068295
1541.809171 554.107091
1662.559731 555.082984
1787.824717 556.115423
1094.647828 647.050930
1202.213092 649.599650
1313.796487 652.306529
1429.589247 655.164941
1549.583828 658.150989
1674.394089 661.225450
1804.109476 664.415581
1148.421063 257.596314
1239.284659 252.025379
1334.114605 246.257585
1433.413725 240.302087
1537.184512 234.030594
1646.214906 227.450038
1760.548161 220.515497
1140.732236 333.996488
1233.672125 330.077091
1330.846903 325.928448
1432.693651 321.678766
1539.362146 317.154661
1651.336151 312.499739
1769.004245 307.566421
1132.589945 414.353986
1227.806559 412.113466
1327.451553 409.866948
1431.982422 407.480903
1541.583332 405.045202
1656.772959 402.354774
1778.104144 399.728826
1124.122696 498.859150
1221.641497 498.530715
1323.874400 498.358152
1431.175041 498.065435
1543.862401 497.844187
1662.546780 497.668345
1787.619164 497.342608
1115.185765 587.880719
1215.169198 589.690444
1319.944094 591.829395
1430.378704 593.887270
1546.312597 596.196461
1668.810142 598.559049
1797.782753 601.134427
1105.762327 681.756628
1208.142331 686.064029
1315.981546 690.682355
1429.351036 695.399699
1548.895099 700.589610
1675.282453 705.957957
1808.665351 711.597759
1095.730390 780.923545
1200.871788 787.887655
1311.628266 795.267998
1428.545186 803.125194
1551.644333 811.446760
1682.126883 820.178553
1820.224981 829.462308
1151.683966 377.906874
1257.051163 375.544854
1366.054000 373.224599
1479.097564 370.810171
1596.169478 368.363540
1717.740071 365.742835
1843.896121 363.089929
1151.246833 479.503248
1256.451945 479.028180
1365.444346 478.472881
1478.328261 477.980033
1595.209070 477.426764
1716.632656 476.889189
1842.712255 476.433365
1150.767975 581.065447
1255.841579 582.316708
1364.775578 583.604354
1477.475224 584.928245
1594.311369 586.426782
1715.557833 587.778625
1841.641614 589.401486
1150.338267 682.320420
1255.359963 685.290039
1364.062471 688.453539
1476.668186 691.695219
1593.391732 695.049797
1714.443763 698.534804
1840.081572 702.102014
1149.954882 783.413311
1254.813509 788.127298
1363.376649 793.071616
1475.871181 798.181521
1592.433574 803.560189
1713.435581 809.041644
1838.849833 814.804002
1149.505627 884.318305
1254.227183 890.816742
1362.723741 897.553140
1474.988070 904.579453
1591.378008 911.885898
1712.271114 919.378756
1837.529413 927.160779
1149.076166 984.931619
1253.620736 993.142069
1361.951110 1001.700389
1474.202623 1010.665218
1590.342757 1019.656507
1711.038909 1029.249264
1836.456624 1039.523740
1079.427942 257.412598
1185.893938 250.210160
1298.007834 242.811134
1416.552992 234.906252
1541.596883 226.634053
1673.904771 217.781616
1814.261563 208.399997
1089.415395 358.411239
1192.998429 354.174254
1301.816257 349.660728
1416.610597 344.870700
1537.520044 339.779584
1665.343178 334.482419
1800.560333 328.889005
1098.970646 453.876586
1199.706544 452.009660
1305.511866 450.039029
1416.711281 447.945896
1533.863017 445.884601
1657.382478 443.560470
1787.883152 441.206762
1107.900497 543.875249
1206.002819 544.204317
1308.827127 544.629466
1416.894486 545.073602
1530.468930 545.426489
1649.926713 545.873795
1775.932765 546.307220
1116.472414 629.004935
1212.024110 631.356296
1312.113187 633.794525
1417.029340 636.305138
1527.256061 639.033176
1643.010731 641.870415
1764.824567 644.818489
1124.474970 709.754025
1217.668607 713.897432
1315.084833 718.121579
1417.114820 722.556119
1524.072486 727.311694
1636.437503 732.221726
1754.354747 737.411519
1132.145298 786.347817
1222.967096 791.945336
1317.891852 797.816912
1417.256772 804.057123
1521.173467 810.584554
1630.195190 817.338905
1744.599120 824.527872
1140.858694 87.998233
1249.506147 80.262644
1362.105119 72.365974
1479.196367 64.158306
1600.199388 55.619439
1726.345465 46.764523
1857.444793 36.948556
1141.557288 195.217983
1249.278392 189.575629
1360.903662 183.641554
1476.750685 177.575016
1596.758597 171.230099
1721.515005 164.673306
1850.843360 157.899634
1142.204555 300.835636
1249.028459 296.997226
1359.761211 293.083610
1474.445679 288.975271
1593.312513 284.890580
1716.786732 280.424695
1845.173646 276.009306
1142.874754 404.488346
1248.788236 402.508334
1358.479178 400.552136
1472.137539 398.515090
1589.907630 396.351725
1712.182862 394.145626
1839.027024 391.829790
1143.630230 506.427311
1248.628869 506.275946
1357.337017 506.114691
1469.918515 505.945167
1586.617028 505.884930
1707.716312 505.701136
1833.324240 505.530776
1144.247939 606.737360
1248.322387 608.342408
1356.135713 609.915190
1467.659809 611.630788
1583.245865 613.496648
1703.234484 615.298044
1827.688474 617.219500
1144.906610 705.318763
1248.094801 708.502509
1354.921328 711.847752
1465.562989 715.414479
1580.048899 719.097129
1698.793817 722.784242
1822.051803 726.780545
