504.903985 401.761652
584.516163 397.694383
669.369129 393.549174
760.193749 389.063220
857.322999 384.300159
961.754275 379.111475
1074.133739 373.523448
527.060311 496.808816
605.722536 495.947097
689.370133 495.059355
778.746534 494.108082
874.249867 492.923012
976.764008 491.800078
1086.863803 490.637090
548.422587 588.138740
626.025551 590.018526
708.567311 592.098594
796.502237 594.261733
890.488711 596.658266
991.062453 599.083535
1098.954995 601.834528
568.871877 675.673629
645.523512 680.192069
726.888775 685.056582
813.528290 690.288169
905.966056 695.690085
1004.734789 701.516059
1110.435553 707.777833
588.582794 759.855431
664.291509 766.809997
744.600432 774.184273
829.917728 781.978487
920.799979 790.323105
1017.787603 799.195679
1121.414872 808.732297
607.504023 840.912010
682.257805 850.066485
761.469139 859.759876
845.495846 869.973100
934.950593 880.910386
1030.231461 892.591281
1131.881195 905.077647
625.744055 918.867579
699.566496 929.989654
777.629298 941.794130
860.532332 954.334736
948.507627 967.653922
1042.112129 981.824403
1141.919012 997.020158
631.875623 159.801143
706.379683 149.541922
785.235435 138.780044
868.953951 127.415465
957.854844 115.198001
1052.727085 102.246952
1153.755252 88.496108
613.993885 239.329706
689.316292 231.308035
769.112423 222.783266
853.908904 213.753646
944.274558 204.053620
1040.590326 193.862063
1143.366552 182.960024
595.446372 321.907049
671.668543 316.100154
752.458860 310.038621
838.427837 303.551995
930.048647 296.681967
1027.861763 289.277035
1132.517895 281.523338
576.290157 407.383446
653.331299 404.051152
735.150820 400.676462
822.248953 397.014809
915.231948 393.066487
1014.669787 388.942609
1121.140784 384.425575
556.465485 496.167652
634.339921 495.522843
717.078520 495.018725
805.518918 494.275938
899.782835 493.597730
1000.880102 492.804541
1109.164526 492.133853
535.795078 588.302479
614.420333 590.557339
698.415254 593.107236
787.890073 595.673801
883.680876 598.588262
986.385200 601.549146
1096.668961 604.802840
514.328706 683.969367
593.966153 689.362829
678.957197 695.151213
769.727829 701.437891
866.835306 708.078471
971.335915 715.183489
1083.579494 722.881847
916.491372 307.081425
1026.913342 314.637194
1130.137890 321.699311
1226.992455 328.434554
1317.984922 334.778620
1403.740150 340.589916
1484.557672 346.230439
906.946106 427.140848
1015.838608 430.640429
1117.746991 434.040883
1213.435360 437.163039
1303.390935 440.146538
1388.250310 442.926184
1468.272376 445.559452
897.854314 543.061273
1005.084287 542.865162
1105.708499 542.638242
1200.223066 542.515094
1289.234436 542.398589
1373.230733 542.116625
1452.528468 542.068975
888.922967 655.096823
994.771095 651.312828
1093.988150 647.809800
1187.435625 644.557344
1275.462478 641.493160
1358.573233 638.515346
1437.201009 635.832300
880.383639 763.284638
984.718469 756.256780
1082.698389 749.683060
1174.928546 743.572351
1262.140207 737.674824
1344.362108 732.212479
1422.263899 726.929901
872.160609 868.042888
975.034546 857.968412
1071.704454 848.512929
1162.966733 839.613561
1249.151154 831.110087
1330.648202 823.154179
1407.842268 815.648524
864.138346 969.365802
965.470286 956.400467
1061.105491 944.153371
1151.286744 932.755534
1236.582435 921.832066
1317.238788 911.506141
1393.750482 901.860924
857.631437 86.783429
956.738874 100.027679
1050.162989 112.414681
1138.545670 124.317777
1222.116828 135.556274
1301.433298 146.144305
1376.702055 156.219657
868.104184 180.528671
969.048210 191.224409
1064.198216 201.350026
1153.930583 210.913385
1238.751632 220.015024
1319.012763 228.592487
1395.138114 236.636476
879.057130 278.544225
981.863193 286.511515
1078.648124 294.028145
1169.874991 301.202548
1255.913955 307.965098
1337.264240 314.200025
1414.418616 320.280956
890.563961 381.148457
995.377309 386.059655
1093.804186 390.742974
1186.406803 395.140549
1273.716795 399.376156
1356.231875 403.314750
1434.340807 407.088834
902.607014 488.536858
1009.350938 490.124364
1109.443314 491.768910
1203.576265 493.335699
1292.334409 494.656008
1375.976538 496.050568
1455.019605 497.300196
915.331614 601.137593
1024.034838 599.175923
1126.011742 597.443478
1221.656650 595.764615
1311.698732 594.147007
1396.595824 592.622573
1476.678353 591.253903
928.530870 719.305795
1039.326711 713.447625
1143.265299 707.842184
1240.551898 702.798420
1331.956571 697.883857
1417.955317 693.301329
1499.065235 689.059675
686.189774 68.575691
794.602354 71.907948
901.599237 75.137684
1007.321495 78.427292
1111.747342 81.647238
1214.954850 84.854319
1316.861115 88.066431
683.380823 167.247431
793.491082 170.029082
902.172483 172.704620
1009.612965 175.425675
1115.625234 178.099287
1220.319160 180.795221
1323.639439 183.429420
680.514580 269.199969
792.346885 271.313934
902.747547 273.416265
1011.891075 275.517943
1119.549794 277.614037
1225.767225 279.636527
1330.676424 281.746591
677.563230 374.391614
791.255212 375.801537
903.422956 377.276814
1014.195707 378.715515
1123.521115 380.177500
1231.377231 381.645965
1337.874389 383.069425
674.566970 483.076256
790.100934 483.754357
903.996261 484.572899
1016.573193 485.310572
1127.658404 486.051762
1237.180466 486.844267
1345.223545 487.614297
671.487288 595.339430
788.795325 595.345278
904.754231 595.396020
1019.067815 595.405796
1131.884893 595.453499
1243.222376 595.481465
1352.984237 595.566412
668.247079 711.452016
787.542435 710.604769
905.441372 709.810527
1021.696927 709.114514
1136.298902 708.385316
1249.311082 707.663046
1360.845055 706.999365
587.992475 378.119800
698.156536 376.720355
810.585697 375.376214
925.690239 373.933115
1043.290585 372.506047
1163.499180 371.039431
1286.276305 369.485079
597.023214 488.695530
705.374432 488.522763
815.944774 488.415116
928.954091 488.229005
1044.375436 487.939803
1162.385756 487.762153
1282.828058 487.580478
605.871214 595.550581
712.399690 596.432760
821.075167 597.336583
932.100648 598.286428
1045.534398 599.214045
1161.360027 600.164387
1279.594890 601.225571
614.364814 698.631247
719.208888 700.521875
826.001242 702.516496
935.151108 704.556822
1046.585203 706.540350
1160.299966 708.606905
1276.398552 710.750856
622.648988 798.289364
725.774456 801.137737
830.876848 804.087938
938.114088 807.045786
1047.602300 810.108101
1159.311366 813.273947
1273.277727 816.461772
630.626663 894.777195
732.098185 898.509399
835.495019 902.309456
940.957017 906.189934
1048.559737 910.190836
1158.397691 914.308005
1270.378478 918.510392
638.382541 988.070876
738.214953 992.602987
839.981890 997.186276
943.768802 1002.015661
1049.501285 1006.871189
1157.431118 1011.811747
1267.524904 1016.979449
295.613939 375.477803
427.552225 380.809420
550.855442 385.698598
666.469593 390.428214
775.092560 394.887947
877.337309 398.917244
973.790530 402.801105
297.589389 492.261030
426.266451 493.630129
546.663199 494.996163
659.714185 496.202397
766.068304 497.379124
866.370741 498.378197
961.012164 499.419224
299.692900 603.207761
425.023850 601.070380
542.649767 598.991740
653.292130 597.118464
757.498508 595.342594
855.870054 593.543370
948.825878 591.943509
301.514320 708.806001
423.967660 703.391839
538.806095 698.290567
647.094863 693.577472
749.253012 689.102158
845.742396 684.764715
937.096730 680.791840
303.382397 809.247945
422.815410 801.030587
535.237505 793.166275
641.144323 785.848824
741.417933 778.846122
836.051499 772.335718
925.794275 766.034252
305.127461 905.286673
421.873251 894.371042
531.738418 884.021047
635.623441 874.283712
733.824177 864.972216
826.853177 856.234892
915.077052 847.978444
306.838711 996.873630
420.773678 983.539085
528.470506 970.830908
630.196767 958.942147
726.588139 947.613773
817.883042 936.860701
904.679079 926.739796
305.749435 154.873096
427.274427 166.887369
541.406790 178.035486
648.976188 188.711396
750.503531 198.781899
846.502558 208.216184
937.385521 217.183085
304.981750 264.693511
427.428670 273.350631
542.379663 281.490283
650.628942 289.152454
752.767971 296.429552
849.277644 303.252899
940.607811 309.723172
304.280645 376.120093
427.512783 381.386550
543.280663 386.306672
652.293456 391.039192
755.031107 395.423056
852.081039 399.486834
943.931791 403.416648
303.454758 489.347973
427.711769 491.017025
544.242021 492.621615
653.928539 494.178814
757.305697 495.683487
854.899583 496.977602
947.250612 498.311970
302.720330 604.132352
427.829910 602.208728
545.144293 600.461172
655.531015 598.847685
759.605292 597.231314
857.746968 595.807959
950.551643 594.359448
302.013429 720.772829
427.983646 715.164700
546.153616 709.890953
657.329792 704.966035
761.957918 700.239614
860.710017 695.849182
954.019362 691.677939
301.296391 839.153180
428.128500 829.759395
547.247714 820.748127
659.049806 812.489389
764.418478 804.577722
863.605914 797.168343
957.417838 790.211869
312.271275 93.917302
426.921864 107.013270
534.957372 119.205298
637.143822 130.925958
733.850973 141.986211
825.605708 152.405840
912.668088 162.334050
310.760609 187.495521
427.840204 198.014790
538.158874 207.951176
642.262908 217.331808
740.742962 226.248225
833.995977 234.668764
922.414297 242.640248
309.151953 285.244020
428.775368 293.081742
541.362889 300.425496
647.655356 307.398592
747.895326 313.990440
842.744280 320.110002
932.655347 326.040951
307.388732 387.597562
429.868789 392.379984
544.844462 396.879162
653.151396 401.140748
755.302922 405.254364
851.838756 409.051075
943.279913 412.682395
305.626521 494.749748
430.871995 496.246412
548.304233 497.718725
658.856294 499.107060
763.027711 500.358297
861.288564 501.604086
954.175665 502.722065
303.881098 607.081551
431.950067 604.992641
552.146211 603.120644
664.947485 601.333458
771.095315 599.557030
871.242391 597.962441
965.706951 596.432125
301.937709 724.952795
433.083911 718.957663
556.092666 713.209150
671.291211 708.038328
779.537258 703.056070
881.401863 698.380193
977.547386 693.992148
91.274273 24.254645
229.339363 33.942449
360.753765 41.769423
489.362254 50.459896
613.321788 58.304711
733.542419 65.957625
849.798012 73.239717
97.639894 153.253912
233.059620 159.778372
363.998639 166.160260
490.789938 172.273778
613.630746 178.174572
732.692235 183.904871
848.050216 189.528535
103.622979 279.241667
237.387417 283.644498
366.976163 287.917573
492.576417 292.077306
614.224892 296.094283
732.134870 299.900361
846.437324 303.689802
109.161975 402.699315
241.759086 405.023589
369.953269 407.312576
494.258141 409.538437
614.747348 411.719900
731.513305 413.754309
844.840025 415.826644
114.806771 523.594330
245.912049 524.040846
372.906250 524.460065
495.899940 524.859841
615.288988 525.179220
730.943425 525.603822
843.190143 525.909968
120.372254 642.258719
250.063219 640.793017
375.781291 639.406617
497.612741 638.040333
615.812914 636.613377
730.466655 635.304674
841.684979 634.053348
125.846142 758.523347
254.148154 755.222254
378.650540 751.987007
499.272407 749.006032
616.348403 745.929497
729.910967 743.004157
840.126828 740.280192
135.942830 207.936868
283.990452 216.873902
424.092662 225.303497
557.115692 233.361737
683.345452 241.060659
803.318161 248.216721
917.567547 255.079168
150.842195 337.113449
293.251604 342.349940
428.241225 347.420599
556.433842 352.063044
678.387255 356.531886
794.572426 360.727044
905.284981 364.776156
164.987443 457.079952
301.841645 459.103153
431.990778 460.962572
555.820797 462.761329
673.824049 464.486763
786.404641 466.032076
893.815398 467.527005
177.959747 568.685424
309.959865 567.846446
435.423199 567.031495
555.243552 566.307156
669.535624 565.589927
778.658884 564.773444
883.043699 564.167612
190.130459 672.592843
317.454751 669.423678
438.853324 666.216617
554.602318 663.281538
665.528663 660.393016
771.361372 657.710747
872.837883 655.063847
201.591638 769.938539
324.565461 764.562732
441.874874 759.382992
554.185914 754.455311
661.659429 749.633338
764.651496 745.145453
863.332015 740.848553
212.376179 861.073951
331.107995 853.791041
444.849877 846.792462
553.708580 840.211434
658.115659 833.767138
758.156643 827.601815
854.276252 821.797222
116.659293 278.301436
241.110814 280.533882
363.626944 282.688055
484.590154 284.976267
603.884063 287.116126
721.628037 289.229071
837.675721 291.353774
110.187969 394.947314
235.737866 396.338108
359.355004 397.778995
481.315332 399.246333
601.664154 400.611687
720.305033 401.985997
837.223051 403.345102
103.736888 513.577363
230.233213 514.161826
354.960875 514.799885
478.066677 515.425508
599.340059 515.977514
718.890577 516.473864
836.789698 517.095545
97.057764 634.230121
224.873091 633.916740
350.648767 633.648009
474.674386 633.421758
596.937608 633.145362
717.475281 632.870138
836.359056 632.686241
90.334359 756.832094
219.218158 755.637649
346.088927 754.566586
471.195633 753.428590
594.498559 752.250874
716.056898 751.188754
835.796067 750.158687
83.629410 881.690267
213.555958 879.504589
341.558866 877.520929
467.700548 875.504783
592.087334 873.438371
714.673238 871.456870
835.428010 869.519920
76.587783 1008.606551
207.795023 1005.408232
337.025678 1002.383118
464.256498 999.600185
589.591802 996.613723
713.203623 993.705557
834.952255 990.877608
242.065357 168.926013
363.559613 177.581427
479.520443 185.692628
590.442475 193.661456
696.643218 201.187102
798.525203 208.402782
896.201472 215.307238
232.444462 262.437557
357.860020 269.075363
477.554010 275.450834
591.825672 281.549126
701.164928 287.425426
805.760470 292.975425
905.940661 298.277541
222.072543 362.042512
351.781262 366.544999
475.334550 370.813896
593.336943 374.925957
705.851841 378.838853
813.409716 382.487779
916.365919 386.113858
210.966261 468.616501
345.435322 470.535014
473.176562 472.399702
594.800804 474.132268
710.781410 475.925971
821.505906 477.515982
927.365167 479.119928
199.146412 582.709209
338.425430 581.669847
470.569666 580.869651
596.378055 580.038810
716.084202 579.194538
830.117299 578.486118
938.914832 577.791114
186.536046 705.120568
330.945706 700.799406
468.128816 696.870603
598.110482 693.053871
721.765532 689.388503
839.332100 686.000728
951.391808 682.725044
172.811865 836.861679
323.018310 828.820731
465.395673 821.113221
600.006752 813.931618
727.773572 807.030184
849.079252 800.573664
964.495277 794.440116
996.978812 412.006762
1089.959173 408.374081
1188.841259 404.735187
1294.536792 400.684644
1407.363836 396.489117
1528.317731 391.843237
1658.223112 386.852201
1008.668962 504.481800
1100.116853 503.898709
1197.181742 503.301540
1300.756855 502.604276
1411.177791 501.820764
1529.427462 501.033317
1656.199495 500.229606
1019.935226 593.532721
1109.822310 595.519085
1205.234088 597.681733
1306.685288 599.989797
1414.952400 602.531957
1530.527244 605.098880
1654.368881 608.006395
1030.752651 678.908367
1119.148852 683.379497
1212.863740 688.233299
1312.486600 693.366510
1418.535780 698.725969
1531.588054 704.589608
1652.486966 710.774126
1041.228564 761.111382
1128.194265 767.917477
1220.290985 775.149995
1318.030353 782.736810
1421.939077 790.929009
1532.631521 799.623703
1650.749729 808.930768
1051.218115 840.281033
1136.764264 849.218842
1227.310790 858.645159
1323.254309 868.607338
1425.155527 879.286182
1533.538490 890.609147
1649.021151 902.691978
1060.898261 916.522965
1145.075527 927.291603
1234.065539 938.775806
1328.360982 950.987183
1428.211793 963.936427
1534.356610 977.603401
1647.390931 992.278621
1039.303579 235.766361
1127.737905 227.404747
1221.440208 218.651491
1321.118115 209.347303
1427.082334 199.411497
1540.216898 188.846935
1661.097528 177.521022
1035.523127 325.186607
1124.349467 319.528340
1218.493538 313.461092
1318.642840 307.091233
1425.234459 300.205471
1539.020053 292.954935
1660.628615 285.243276
1031.705235 415.812429
1120.918347 412.693696
1215.555157 409.480877
1316.181286 406.029688
1423.410748 402.442332
1537.787228 398.456616
1660.256758 394.416239
1027.838850 507.280942
1117.463871 506.885456
1212.552544 506.614070
1313.685462 506.297123
1421.484737 505.869659
1536.583121 505.509869
1659.826104 505.039945
1024.011610 599.847337
1114.026435 602.248224
1209.507928 604.923442
1311.216292 607.647099
1419.548885 610.651938
1535.383708 613.782084
1659.396719 617.257005
1020.058358 693.492026
1110.383138 698.795006
1206.445880 704.455113
1308.550155 710.364588
1417.586589 716.837634
1534.136952 723.701895
1658.943975 731.095339
1016.089784 788.176659
1106.830948 796.289249
1203.330335 805.035826
1306.076538 814.391904
1415.626272 824.332114
1532.913771 834.995820
1658.515869 846.485910
1069.167259 182.753515
1154.235141 173.426720
1244.119971 163.666310
1339.454937 153.348967
1440.490711 142.347820
1548.040424 130.668294
1662.500823 118.234389
1059.259797 260.901937
1145.520222 253.761178
1236.819141 246.103039
1333.683686 238.086080
1436.593121 229.440088
1546.089833 220.359248
1662.785799 210.720388
1048.952353 341.948422
1136.501720 336.933202
1229.258488 331.702780
1327.739156 326.091398
1432.483919 320.186845
1544.026402 313.752558
1663.233477 307.123343
1038.316059 425.820626
1127.178940 423.136615
1221.424725 420.477484
1321.537326 417.553660
1428.162837 414.431615
1541.936659 411.217086
1663.597502 407.630453
1027.340105 512.807652
1117.537854 512.715357
1213.168926 512.766977
1315.152212 512.664356
1423.701517 512.689056
1539.827965 512.639317
1664.039312 512.722286
1015.907639 602.975487
1107.332312 605.699911
1204.746965 608.684918
1308.321749 611.719930
1419.028155 615.144323
1537.482290 618.667178
1664.414788 622.525505
1004.046017 696.553886
1096.971187 702.238402
1195.875864 708.342914
1301.432970 714.888138
1414.142150 721.847082
1535.110579 729.331808
1664.894511 737.390994
1148.396203 257.643852
1239.240132 252.088754
1334.041870 246.327451
1433.321788 240.365154
1537.100831 234.082636
1646.124562 227.498599
1760.429439 220.583022
1140.710385 334.022125
1233.637087 330.110109
1330.787271 325.968345
1432.614617 321.724963
1539.287692 317.187997
1651.253294 312.525858
1768.898575 307.601770
1132.564587 414.375763
1227.772665 412.136550
1327.398472 409.893527
1431.910568 407.514946
1541.520570 405.065404
1656.707842 402.368853
1778.034246 399.740557
1124.101934 498.869410
1221.612758 498.541305
1323.826519 498.375092
1431.112676 498.092115
1543.808678 497.855619
1662.507725 497.671229
1787.571874 497.352818
1115.169213 587.883583
1215.148780 589.684303
1319.909796 591.829936
1430.331834 593.902157
1546.274354 596.202667
1668.792011 598.551948
1797.765887 601.141651
1105.745664 681.758570
1208.123589 686.053525
1315.955958 690.673929
1429.318763 695.402156
1548.873475 700.581016
1675.278783 705.938509
1808.690760 711.594219
1095.716410 780.924138
1200.857094 787.889277
1311.607554 795.272321
1428.516499 803.136977
1551.641730 811.438155
1682.144144 820.163540
1820.261185 829.461988
1151.658710 377.930883
1257.013133 375.572627
1365.993387 373.258484
1479.025756 370.847808
1596.099862 368.383041
1717.665050 365.759053
1843.826230 363.102403
1151.223453 479.516344
1256.415693 479.042881
1365.391215 478.496604
1478.264982 478.005879
1595.157621 477.435824
1716.589647 476.891772
1842.678628 476.446389
1150.751123 581.066468
1255.816025 582.311574
1364.734983 583.614305
1477.426901 584.943099
1594.277809 586.425599
1715.545616 587.773802
1841.612477 589.421558
1150.320703 682.317184
1255.339806 685.276716
1364.034328 688.449273
1476.637970 691.695806
1593.375044 695.034568
1714.450471 698.516654
1840.107416 702.108499
1149.936383 783.415656
1254.798160 788.127418
1363.350395 793.078863
1475.849488 798.187622
1592.434891 803.546663
1713.452241 809.025249
1838.894079 814.804529
1149.488152 884.319227
1254.231475 890.823002
1362.731045 897.557129
1475.002892 904.575132
1591.417377 911.868406
1712.311960 919.369432
1837.611621 927.186753
1149.072198 984.934639
1253.648999 993.151157
1361.991633 1001.716719
1474.254354 1010.674331
1590.401779 1019.632246
1711.115484 1029.227127
1836.632369 1039.582581
1079.414281 257.446341
1185.863051 250.264729
1297.945263 242.883644
1416.463822 234.971335
1541.510567 226.687893
1673.807442 217.837548
1814.157581 208.465284
1089.394747 358.433075
1192.969205 354.201119
1301.766004 349.694566
1416.536272 344.912738
1537.446255 339.810092
1665.265173 334.505109
1800.470389 328.914893
1098.947608 453.895532
1199.676609 452.028307
1305.465069 450.061998
1416.643988 447.976231
1533.802023 445.903051
1657.327523 443.568316
1787.829279 441.214764
1107.881652 543.880582
1205.979628 544.205718
1308.787516 544.636721
1416.839814 545.094504
1530.419467 545.438702
1649.895589 545.872105
1775.901631 546.314865
1116.455578 629.007119
1212.005262 631.346478
1312.085387 633.787897
1416.990216 636.311207
1527.223075 639.035619
1642.993189 641.858383
1764.826319 644.815772
1124.457455 709.753589
1217.651337 713.885830
1315.059470 718.112838
1417.084089 722.557435
1524.051401 727.305816
1636.429418 732.201896
1754.374758 737.391461
1132.127039 786.350887
1222.950854 791.945579
1317.870637 797.821935
1417.225440 804.070880
1521.163200 810.583131
1630.202740 817.325824
1744.616312 824.513965
1140.806498 88.100870
1249.434246 80.387334
1362.009630 72.497487
1479.084020 64.288254
1600.084931 55.735033
1726.220337 46.891503
1857.373436 36.999530
1141.529707 195.284198
1249.221592 189.670328
1360.810972 183.739163
1476.651277 177.656654
1596.655550 171.307311
1721.389209 164.766452
1850.761616 157.959110
1142.180304 300.869699
1248.986161 297.043246
1359.689526 293.137052
1474.361817 289.025876
1593.233243 284.925051
1716.692159 280.464139
1845.088233 276.045120
1142.848955 404.508974
1248.751269 402.533911
1358.419765 400.581726
1472.067847 398.547277
1589.843971 396.368424
1712.118112 394.157136
1838.970156 391.838014
1143.608756 506.436861
1248.596457 506.285870
1357.286240 506.134337
1469.859406 505.969379
1586.569892 505.891699
1707.682640 505.702196
1833.286724 505.544951
1144.230973 606.738530
1248.301040 608.333223
1356.099869 609.918564
1467.616236 611.643282
1583.216451 613.492533
1703.227226 615.290105
1827.675519 617.234191
1144.888461 705.315811
1248.074827 708.489720
1354.894033 711.842423
1465.533334 715.415689
1580.034237 719.081593
1698.799984 722.762926
1822.082979 726.777613
