-1.90397330917476 -1.77735704182513 0.11072088669474 
-1.99950100946384 -2.15736871392924 0.78096495161808 
2.03722651728553 2.12928804191606 0.64924686519292 
1.93030977190068 1.81785992042461 0.08859930146755 
2.08453908517785 2.07569944875203 -0.12243987922028 
-2.05818727385440 -2.03590927390114 -0.09643384153872 
2.04608440685252 2.18318565547312 0.77168112029024 
1.98275650775477 1.94907377989644 0.30123898271554 
1.92969195411872 1.81783248570455 0.08883269665842 
-2.01794407526811 -2.14964981327722 -0.76057940929199 
1.92833689297463 1.81884586614929 -0.11372064593332 
-1.90426359998364 -1.77797156799068 0.11033639732614 
-1.98356764907835 -2.03969373201902 0.54529869979858 
-1.99903181287636 -2.15784334081289 0.78042373382536 
2.00521078535749 2.01159266875063 0.41330692732582 
-1.99545181181935 -2.03328296827892 -0.52481240676719 
2.02999784822663 2.19390512947608 -0.79267260474875 
1.93030977190068 1.81785992042461 0.08859930146755 
-1.90778416377173 -1.77664067725595 -0.09051429040542 
2.01240687009726 2.07702439517259 -0.55328868264944 
1.95454862664723 1.88636405441002 -0.21807355735896 
-2.00913886475245 -2.09362837166183 -0.63949767339285 
2.03670934874852 2.12873646232494 0.64986188572994 
2.16077584979075 2.18770057133417 0.32792224002847 
2.13305052315922 2.13247644533184 -0.01357418576578 
-1.98356764907835 -2.03969373201902 0.54529869979858 
-1.93385265636486 -1.84398761655970 -0.19301035333724 
2.02291455040992 2.13601515184259 -0.67016045858355 
-2.08993384260800 -2.09805326087858 0.22917944112162 
-2.10430670564262 -2.09516706287317 0.01057943512040
