-32.79191964042898 -13.95998689553489 83.15083413028610
-25.86160213012804 -31.32171104148916 96.24911195607866
-6.68554965990152 -17.31612450840562 64.06516961277711
-11.38645542965331 -31.20713834273336 76.30016128188753
-20.75594510365200 -32.35800311800840 77.51859986014802
-25.21483184108430 -14.42652319697685 72.24281681408594
-36.62372867796655 -13.69287191130615 62.98369698248383
-39.77117315324710 -26.45937705430715 71.04255078507943
-41.92978748604349 -30.89147228305032 76.55852911851595
-41.21120241111770 -20.29358800488385 57.16461981067851
-44.20952023122502 -25.45565048058917 74.18984555483490
-3.36345259875247 -13.54119907134533 85.23965965016110
0.65689052393932 -25.94368991349270 92.93216630612368
3.50583772377978 -30.32660376483078 98.36039070785129
-8.25990336161318 -23.85808102256235 68.27445864297874
-19.89576719400381 -13.53055545055580 64.62922586585223
8.43740372805371 -24.56468535170392 96.61852638698983
-11.38645542965331 -31.20713834273336 76.30016128188751
0.79689686042497 -21.49436758654252 77.39463692953407
-22.63415287723001 -30.29367339371755 88.45830078997440
-47.91700034644438 -32.77737934442943 83.52448292665105
-43.38917258538390 -14.78007044081998 64.04532623547482
-35.89158648569308 -21.65636192448978 63.82542830154011
-46.38066349974955 -30.54074054812074 63.47877361693499
-47.77512648983473 -19.17378805729857 69.20873843036290
0.65689052393932 -25.94368991349269 92.93216630612366
1.22070841404822 -9.77674633468639 76.72695552722075
6.39598646362451 -32.37639788093667 95.66443691000158
5.91379555278823 -15.50953416542115 81.80906760151764
7.18886939355162 -31.69639558456951 75.58538425679492
