504.967085 401.690326
584.581566 397.620018
669.414066 393.458456
760.222356 388.962072
857.331229 384.188824
961.760455 378.979553
1074.133262 373.353275
527.142774 496.745314
605.792493 495.872021
689.425298 494.971058
778.786422 494.011601
874.272959 492.816232
976.788289 491.683297
1086.882674 490.471219
548.516943 588.079926
626.102461 589.950155
708.632146 592.018985
796.553984 594.168551
890.528538 596.556943
991.102850 598.980000
1098.989748 601.673187
568.969309 675.623678
645.608892 680.131466
726.963943 684.983735
813.590904 690.199885
906.021208 695.599027
1004.788998 701.428014
1110.484446 707.608433
588.684934 759.812855
664.384738 766.754453
744.685292 774.117255
829.994653 781.894094
920.878295 790.239074
1017.869062 799.098830
1121.479995 808.509687
607.624589 840.903378
682.384851 850.059320
761.601108 859.745590
845.631858 869.938394
935.085944 880.830707
1030.346109 892.435183
1131.946430 904.714926
625.889927 918.922231
699.722018 930.046316
777.783418 941.819930
860.691444 954.330953
948.653886 967.569081
1042.243889 981.595686
1141.987188 996.452417
631.880845 159.715245
706.355664 149.465123
785.172431 138.710208
868.841991 127.341083
957.794892 115.070369
1052.731774 102.094753
1153.776257 88.374959
614.027667 239.241998
689.331947 231.211579
769.107454 222.684732
853.880352 213.650067
944.251309 203.922086
1040.572933 193.678851
1143.372511 182.772672
595.499254 321.827388
671.701048 316.007537
752.475014 309.938426
838.422398 303.445494
930.040225 296.559198
1027.841976 289.107674
1132.521031 281.328551
576.357597 407.311979
653.378437 403.965121
735.185232 400.576162
822.265740 396.908841
915.243997 392.947537
1014.674652 388.793775
1121.143717 384.243479
556.551008 496.103838
634.404094 495.442290
717.128115 494.928166
805.553167 494.176409
899.807795 493.486375
1000.902727 492.678629
1109.183136 491.962113
535.892803 588.247180
614.499934 590.491141
698.480368 593.029509
787.942864 595.581521
883.720069 598.485503
986.425441 601.445689
1096.705189 604.642655
514.433771 683.925255
594.063086 689.310489
679.037177 695.087192
769.799524 701.357469
866.892530 707.985317
971.395726 715.100667
1083.633967 722.735661
916.484967 306.960961
1026.900215 314.472111
1130.135901 321.511919
1226.973667 328.219279
1317.951083 334.547063
1403.706130 340.347901
1484.504351 345.982333
906.962526 427.023410
1015.850326 430.497557
1117.758279 433.861794
1213.425677 436.958756
1303.363542 439.926022
1388.213756 442.693780
1468.227614 445.313600
897.886500 542.955309
1005.113371 542.745902
1105.736252 542.469655
1200.230314 542.319641
1289.222106 542.183309
1373.202739 541.888185
1452.489946 541.825081
888.971942 655.000046
994.818056 651.217792
1094.032013 647.649316
1187.457915 644.365279
1275.464045 641.283318
1358.555294 638.290395
1437.165361 635.589684
880.451550 763.196455
984.784481 756.176098
1082.760111 749.531129
1174.966802 743.372444
1262.155437 737.457425
1344.356902 731.982949
1422.232054 726.683348
872.291142 868.002289
975.148840 857.879760
1071.799944 848.315573
1163.020088 839.331413
1249.167171 830.825380
1330.637398 822.867771
1407.784316 815.335238
864.299512 969.381924
965.614662 956.307576
1061.226630 943.901704
1151.342280 932.346989
1236.568215 921.412863
1317.180107 911.093127
1393.600149 901.398497
857.455834 86.721317
956.659626 99.899709
1050.167073 112.254838
1138.570516 124.162789
1222.120901 135.373422
1301.428915 145.942254
1376.701678 155.984945
868.048546 180.434624
969.016713 191.080612
1064.191465 201.160737
1153.938614 210.711133
1238.760633 219.791764
1319.020696 228.354465
1395.154877 236.380749
879.041603 278.432709
981.847025 286.363301
1078.641159 293.847957
1169.868918 301.000062
1255.893652 307.745348
1337.231060 313.963878
1414.386440 320.034235
890.571743 381.033914
995.383713 385.918242
1093.809908 390.565399
1186.398215 394.942197
1273.690847 399.159799
1356.193300 403.084082
1434.305022 406.846891
902.632596 488.425669
1009.372261 489.994801
1109.463257 491.598352
1203.575715 493.137033
1292.316202 494.435331
1375.944335 495.824458
1454.981764 497.058524
915.372998 601.036271
1024.070752 599.056967
1126.043807 597.267093
1221.665056 595.567324
1311.687563 593.931943
1396.566165 592.395041
1476.630625 591.004901
928.588261 719.219008
1039.383294 713.335557
1143.307199 707.655916
1240.568900 702.589675
1331.951207 697.658275
1417.923123 693.059686
1499.002316 688.793515
685.993854 68.563630
794.404278 71.876769
901.420073 75.054571
1007.277176 78.279502
1111.778144 81.529548
1214.957200 84.745285
1316.817307 87.986751
683.373224 167.164044
793.451328 169.944898
902.111842 172.605091
1009.593123 175.258955
1115.635927 177.918626
1220.323164 180.590083
1323.638395 183.201100
680.538405 269.105552
792.346295 271.210847
902.734778 273.299180
1011.870522 275.352066
1119.550450 277.420749
1225.760322 279.417388
1330.661245 281.509323
677.605078 374.298947
791.275626 375.696502
903.431300 377.158572
1014.199722 378.562667
1123.523386 379.993705
1231.356875 381.438439
1337.836579 382.839194
674.623489 482.989614
790.136667 483.656176
904.021742 484.462287
1016.594176 485.177652
1127.674465 485.873869
1237.171608 486.636665
1345.194363 487.389118
671.557586 595.264519
788.847284 595.253167
904.793934 595.293767
1019.105135 595.287986
1131.915856 595.276548
1243.226522 595.278460
1352.963525 595.343739
668.332209 711.390494
787.612337 710.523539
905.497206 709.720923
1021.752931 709.013333
1136.342884 708.202839
1249.326543 707.451731
1360.831896 706.770431
588.054246 378.042091
698.194412 376.626308
810.602051 375.269512
925.698821 373.810885
1043.289704 372.344954
1163.492475 370.846206
1286.245360 369.263774
597.095758 488.623350
705.425920 488.433316
815.975612 488.313801
928.979859 488.116648
1044.393382 487.794904
1162.395552 487.571714
1282.811013 487.365763
605.954113 595.485926
712.464486 596.352090
821.121702 597.240256
932.141709 598.185042
1045.569850 599.083323
1161.384622 599.980577
1279.592003 601.012575
614.457195 698.578002
719.286758 700.450985
826.063201 702.426195
935.206459 704.471166
1046.636905 706.422744
1160.338484 708.415802
1276.408418 710.533997
622.756167 798.253893
725.873022 801.085645
830.967122 804.017390
938.196936 806.968039
1047.683274 809.971469
1159.362177 813.026978
1273.287980 816.191723
630.768332 894.815999
732.241809 898.535455
835.640278 902.290491
941.097135 906.110856
1048.673998 909.989969
1158.444928 913.922529
1270.340765 918.090127
638.519658 988.248882
738.362929 992.769422
840.144138 997.246029
943.943207 1002.021340
1049.661165 1006.634604
1157.492265 1011.198933
1267.425259 1016.258101
295.666784 375.405652
427.605825 380.731538
550.919496 385.624762
666.515085 390.338373
775.119361 394.786484
877.346746 398.801735
973.806908 402.666875
297.651438 492.207381
426.333226 493.565412
546.742729 494.930716
659.772606 496.118435
766.109100 497.282538
866.394068 498.272939
961.041315 499.305539
299.763945 603.173670
425.101813 601.021319
542.741655 598.934336
653.364706 597.045914
757.556036 595.255634
855.910186 593.444249
948.867265 591.841685
301.593979 708.793448
424.056975 703.360690
538.907890 698.246152
647.180803 693.517854
749.324810 689.025950
845.799371 684.671454
937.150867 680.701107
303.469355 809.259691
422.907882 801.019421
535.336436 793.138930
641.242362 785.803251
741.504407 778.779085
836.123196 772.247462
925.860635 765.949022
305.190623 905.359591
421.947696 894.429643
531.838263 884.066503
635.758543 874.302395
733.959194 864.971021
826.980960 856.195407
915.199490 847.918232
306.866597 997.067428
420.815777 983.717923
528.542863 970.996656
630.342310 959.058056
726.745261 947.685925
818.034509 936.859421
904.829833 926.695230
305.756529 154.756420
427.290056 166.781897
541.420086 177.938460
648.988397 188.619541
750.495854 198.686556
846.472592 208.114467
937.358695 217.058091
305.024647 264.609050
427.472325 273.262642
542.425673 281.405225
650.661724 289.061096
752.780653 296.329224
849.270383 303.142967
940.599063 309.594788
304.332878 376.046979
427.566787 381.306962
543.344631 386.233690
652.341296 390.951585
755.061921 395.323156
852.092516 399.376099
943.947362 403.292741
303.516864 489.294115
427.779159 490.951353
544.321249 492.556609
653.988852 494.095623
757.349124 495.587506
854.924815 496.873209
947.279549 498.198656
302.791600 604.099209
427.907956 602.159036
545.234816 600.403086
655.604933 598.775322
759.662617 597.142957
857.787169 595.706936
950.593911 594.257575
302.095139 720.762539
428.074430 715.133854
546.255965 709.845429
657.418193 704.905536
762.028611 700.161432
860.764979 695.755893
954.074753 691.592856
301.377335 839.179754
428.216195 829.765502
547.352972 820.737171
659.159261 812.459071
764.512536 804.521311
863.690544 797.092035
957.495020 790.133380
312.216700 93.801641
426.880926 106.919970
534.913585 119.131273
637.106497 130.853337
733.806694 141.916070
825.542308 152.325781
912.601019 162.241970
310.784303 187.389653
427.868136 197.913712
538.185309 207.855716
642.285896 217.238394
740.745916 226.150860
833.978308 234.565340
922.395296 242.522414
309.197845 285.160790
428.821098 292.994283
541.413040 300.342905
647.691637 307.307552
747.912947 313.891099
842.742081 320.000790
932.652357 325.916093
307.442364 387.527441
429.924682 392.302594
544.909735 396.807281
653.200111 401.052797
755.334803 405.154589
851.851312 408.941348
943.297789 412.561786
305.689671 494.696592
430.939236 496.181477
548.382110 497.651585
658.915635 499.023292
763.070886 500.262714
861.313584 501.498643
954.204998 502.608085
303.952689 607.047885
432.028980 604.943684
552.237997 603.063034
665.020745 601.259835
771.151140 599.467805
871.281979 597.860868
965.750287 596.331367
302.018749 724.943089
433.175439 718.925207
556.194223 713.163996
671.378297 707.975242
779.606542 702.975014
881.457932 698.288132
977.603689 693.909937
90.721615 24.440106
229.094726 33.951677
360.599182 41.740285
489.127852 50.510282
613.080789 58.320015
733.348058 65.934050
849.608790 73.181910
97.502531 153.299305
233.039265 159.704923
364.011109 166.049473
490.799394 172.174058
613.636598 178.085583
732.677651 183.818621
848.005796 189.435308
103.637409 279.301219
237.427418 283.589511
367.022156 287.832302
492.622349 291.991278
614.266124 296.005708
732.152602 299.800260
846.431708 303.579712
109.195326 402.763430
241.809892 404.974399
370.011141 407.239767
494.322534 409.465324
614.806869 411.640323
731.549412 413.657685
844.854337 415.717356
114.860726 523.666814
245.975121 524.011472
372.975622 524.405057
495.980289 524.798103
615.362411 525.105295
730.995519 525.513440
843.221972 525.808489
120.439436 642.338052
250.133171 640.782772
375.860932 639.369467
497.705904 637.990844
615.897876 636.551561
730.533894 635.225423
841.732598 633.957704
125.926074 758.608858
254.226645 755.231602
378.739686 751.970335
499.372385 748.970702
616.444039 745.880833
729.992578 742.933925
840.191398 740.189461
135.913174 207.954872
284.020039 216.782807
424.124517 225.206910
557.148087 233.269960
683.363259 240.965497
803.310338 248.113825
917.547804 254.959253
150.875596 337.132775
293.300809 342.273891
428.293650 347.338708
556.492849 351.985651
678.426267 356.439987
794.589378 360.623851
905.290916 364.658674
165.039681 457.096095
301.901411 459.044125
432.055174 460.893553
555.894818 462.691631
673.877358 464.399651
786.437701 465.931286
893.836923 467.418695
178.024616 568.701411
310.028453 567.805505
435.499661 566.976913
555.331060 566.245957
669.603058 565.512197
778.708268 564.681028
883.077966 564.063663
190.201467 672.616862
317.533245 669.401075
438.942434 666.176025
554.699528 663.230790
665.610193 660.326673
771.426701 657.627394
872.885998 654.967875
201.672629 769.974683
324.652652 764.558278
441.969712 759.356840
554.287891 754.415217
661.750474 749.577551
764.729459 745.071160
863.392485 740.757611
212.448667 861.133743
331.190071 853.819145
444.939116 846.803131
553.817372 840.211434
658.233515 833.748444
758.266013 827.562615
854.372830 821.728403
116.674234 278.355545
241.151886 280.473440
363.672567 282.601790
484.633788 284.889525
603.925884 287.031394
721.646505 289.131400
837.668855 291.246125
110.222495 395.010221
235.787788 396.292888
359.412183 397.705603
481.375763 399.171845
601.725846 400.533440
720.342450 401.890091
837.237608 403.236839
103.789259 513.665909
230.295288 514.138618
355.027543 514.745565
478.141261 515.362412
599.416068 515.906130
718.943751 516.384902
836.822153 516.994088
97.122850 634.335378
224.943136 633.913212
350.724676 633.613962
474.763483 633.372862
597.027077 633.087014
717.544995 632.792907
836.408919 632.590805
90.415932 756.952832
219.297368 755.664214
346.176015 754.556485
471.293189 753.396729
594.599415 752.205579
716.143743 751.124636
835.863714 750.070693
83.663215 881.829017
213.615171 879.579434
341.635908 877.566585
467.783836 875.546232
592.208168 873.465374
714.807272 871.462747
835.559710 869.486589
76.473778 1008.956606
207.758850 1005.666962
337.056181 1002.577718
464.286687 999.831024
589.692981 996.836065
713.351979 993.889252
835.113278 990.947240
242.070394 168.837911
363.583062 177.474936
479.542201 185.591424
590.463681 193.568047
696.651166 201.093002
798.509169 208.302889
896.173527 215.199019
232.482770 262.383545
357.904105 268.989696
477.596745 275.363733
591.868696 281.462898
701.187388 287.329231
805.760096 292.871376
905.929859 298.161531
222.120671 362.004495
351.835473 366.468403
475.391298 370.736800
593.395814 374.847706
705.890077 378.742494
813.425454 382.380715
916.376088 385.995198
211.021566 468.598465
345.498104 470.473667
473.246755 472.332107
594.872202 474.058922
710.830275 475.833993
821.534692 477.413872
927.390084 479.005381
199.210180 582.715470
338.497181 581.627286
470.652058 580.815451
596.461813 579.973939
716.145259 579.111222
830.159925 578.387523
938.954454 577.686719
186.612413 705.153643
331.027185 700.780477
468.222928 696.831560
598.206486 692.999643
721.840549 689.316231
839.388903 685.909044
951.443418 682.638054
172.880536 836.934905
323.101115 828.838990
465.488962 821.110506
600.116754 813.911739
727.875616 806.984161
849.167569 800.501170
964.575340 794.358277
996.989888 411.866789
1089.968396 408.203591
1188.833720 404.537327
1294.507215 400.463828
1407.325509 396.251596
1528.235193 391.588638
1658.085172 386.576937
1008.689742 504.357321
1100.140043 503.731324
1197.184607 503.102727
1300.737023 502.388203
1411.143422 501.585461
1529.341115 500.775976
1656.060038 499.950660
1019.967640 593.419070
1109.858069 595.352098
1205.246830 597.489314
1306.675285 599.772566
1414.919831 602.292831
1530.440981 604.831075
1654.225954 607.714792
1030.802291 678.804801
1119.193057 683.203986
1212.885806 688.031723
1312.487371 693.143850
1418.503134 698.482191
1531.501555 704.309522
1652.339722 710.467756
1041.294353 761.004363
1128.247545 767.720454
1220.321528 774.923438
1318.029537 782.490362
1421.885969 790.641883
1532.511806 799.294168
1650.569402 808.571918
1051.316569 840.125097
1136.827642 848.927392
1227.326471 858.326970
1323.217579 868.255719
1424.998090 878.839519
1533.254914 890.101713
1648.645135 902.168075
1061.007152 916.299865
1145.132559 926.888913
1234.045980 938.329985
1328.227811 950.459663
1427.797676 963.173554
1533.757652 976.788730
1646.648539 991.455557
1039.278474 235.576919
1127.747028 227.207463
1221.449779 218.433528
1321.123994 209.111693
1427.093374 199.151954
1540.213891 188.578241
1661.071547 177.234799
1035.508298 325.018256
1124.348286 319.340859
1218.479888 313.247733
1318.616606 306.857002
1425.216411 299.954807
1538.973718 292.692758
1660.550026 284.956429
1031.710426 415.661128
1120.927570 412.513553
1215.542482 409.275516
1316.148052 405.805975
1423.370730 402.201933
1537.696873 398.200999
1660.118459 394.140312
1027.857404 507.149147
1117.486104 506.710829
1212.551232 506.412414
1313.663994 506.076498
1421.448764 505.633253
1536.494140 505.251102
1659.684552 504.759379
1024.046442 599.733531
1114.062146 602.078545
1209.520246 604.728648
1311.206987 607.429094
1419.516064 610.414310
1535.295671 613.513120
1659.250261 616.965371
1020.110167 693.400518
1110.431238 698.625868
1206.472538 704.253081
1308.552526 710.141994
1417.555347 716.593879
1534.049021 723.420129
1658.792110 730.784372
1016.164525 788.088190
1106.894175 796.088646
1203.366451 804.792141
1306.076083 814.115758
1415.555416 824.007429
1532.752023 834.619474
1658.281132 846.078432
1069.162596 182.578270
1154.243443 173.240182
1244.118727 163.463584
1339.442280 153.130602
1440.485310 142.129934
1548.006262 130.443369
1662.436108 117.994158
1059.246762 260.717440
1145.529287 253.559252
1236.826232 245.880595
1333.691095 237.845599
1436.613660 229.177542
1546.095369 220.082865
1662.773264 210.422372
1048.944909 341.779274
1136.497683 336.744568
1229.236253 331.489815
1327.702517 325.857203
1432.455369 319.940732
1543.959626 313.494001
1663.125343 306.842346
1038.322052 425.669249
1127.188181 422.954843
1221.411361 420.270905
1321.506542 417.329065
1428.122746 414.191522
1541.845017 410.960926
1663.458259 407.353904
1027.359604 512.676416
1117.560499 512.542154
1213.169173 512.567250
1315.131991 512.443575
1423.665430 512.451438
1539.738012 512.379671
1663.896245 512.439292
1015.943222 602.865703
1107.369029 605.532645
1204.761476 608.491179
1308.312662 611.503443
1418.994781 614.906563
1537.393707 618.398683
1664.266535 622.232838
1004.098784 696.466095
1097.021307 702.081967
1195.905118 708.142897
1301.437075 714.667673
1414.111991 721.604497
1535.020021 729.048606
1664.741145 737.078786
1148.405800 257.439504
1239.246930 251.865436
1334.048158 246.086163
1433.342633 240.101063
1537.106999 233.806415
1646.114673 227.203291
1760.400565 220.287758
1140.704409 333.832091
1233.612945 329.895514
1330.751327 325.732913
1432.580190 321.478540
1539.215593 316.931340
1651.145160 312.249182
1768.721177 307.330222
1132.571116 414.191149
1227.756576 411.929679
1327.364808 409.667853
1431.869245 407.277060
1541.428903 404.810310
1656.570165 402.095391
1777.795166 399.472358
1124.121302 498.693311
1221.608600 498.337028
1323.803596 498.150693
1431.074918 497.855147
1543.715201 497.596308
1662.365143 497.391257
1787.298174 497.072602
1115.202501 587.712497
1215.158046 589.489735
1319.895715 591.612907
1430.294125 593.666223
1546.179927 595.936052
1668.644034 598.262363
1797.452672 600.842668
1105.791763 681.593150
1208.147532 685.853252
1315.953215 690.450598
1429.281767 695.159369
1548.777829 700.300742
1675.122960 705.631726
1808.317109 711.264093
1095.781096 780.749717
1200.892519 787.657212
1311.607474 795.013788
1428.447822 802.829706
1551.497747 811.089335
1681.929722 819.787177
1819.678435 828.989941
1151.655848 377.740304
1256.986804 375.358021
1365.953465 373.024083
1478.968138 370.599101
1595.983056 368.119422
1717.497578 365.479984
1843.491541 362.848640
1151.234129 479.329936
1256.401564 478.834806
1365.358892 478.268348
1478.209639 477.758158
1595.037112 477.165903
1716.417413 476.609618
1842.322536 476.172897
1150.775794 580.884744
1255.814700 582.105005
1364.711022 583.386820
1477.373137 584.693076
1594.155986 586.149192
1715.362385 587.479148
1841.224607 589.128927
1150.357711 682.130829
1255.350735 685.065105
1364.018406 688.219269
1476.583712 691.437524
1593.257663 694.745797
1714.265258 698.203678
1839.670506 701.776732
1149.986721 783.197052
1254.817911 787.886423
1363.329205 792.807363
1475.760170 797.872549
1592.282318 803.202814
1713.216086 808.652205
1838.277621 814.337971
1149.544611 883.975889
1254.220410 890.447469
1362.624771 897.119432
1474.709787 904.017246
1591.013981 911.287277
1711.702996 918.717225
1836.301610 926.285469
1149.136953 984.398519
1253.575267 992.518362
1361.601843 1000.753289
1473.491102 1009.492447
1589.631545 1018.684111
1710.025709 1028.213278
1834.439723 1038.069349
1079.407251 257.258030
1185.867243 250.056195
1297.946856 242.650630
1416.474190 234.714672
1541.507300 226.415838
1673.781558 217.541320
1814.079930 208.222143
1089.394428 358.256358
1192.954284 353.999604
1301.730894 349.469685
1416.495642 344.669692
1537.363485 339.553564
1665.140062 334.229392
1800.231475 328.656232
1098.962717 453.723010
1199.672866 451.830789
1305.439624 449.838474
1416.606742 447.740481
1533.714054 445.646288
1657.186496 443.290950
1787.570686 440.942753
1107.908972 543.714044
1205.985989 544.008199
1308.771680 544.415731
1416.804676 544.861331
1530.332682 545.178253
1649.754491 545.591128
1775.635860 546.028653
1116.494779 628.835510
1212.019384 631.150575
1312.078446 633.572991
1416.957987 636.074818
1527.140199 638.767714
1642.852459 641.567637
1764.560827 644.504276
1124.506184 709.574492
1217.675080 713.680269
1315.060679 717.888340
1417.051641 722.312262
1523.969630 727.027173
1636.287195 731.897681
1754.118591 737.061090
1132.181359 786.140182
1222.980536 791.709196
1317.868696 797.564261
1417.166891 803.769417
1521.038156 810.243622
1630.027127 816.962967
1744.309408 824.106779
1140.833803 87.981184
1249.420950 80.299814
1361.969035 72.460957
1479.056755 64.288060
1599.995357 55.708561
1726.043799 46.892291
1857.104435 37.068387
1141.540626 195.092373
1249.227063 189.456067
1360.814841 183.497186
1476.654010 177.403246
1596.636898 171.036897
1721.345752 164.494267
1850.644559 157.787716
1142.180167 300.673933
1248.972734 296.821111
1359.671356 292.894038
1474.346595 288.770835
1593.171859 284.654865
1716.594742 280.176659
1844.884256 275.801967
1142.851564 404.322373
1248.731042 402.321126
1358.383002 400.351902
1472.016257 398.300613
1589.729066 396.105035
1711.954682 393.875009
1838.656324 391.584950
1143.626173 506.254272
1248.587610 506.076736
1357.258334 505.907868
1469.808090 505.722786
1586.452494 505.624693
1707.515506 505.415923
1832.956870 505.272208
1144.261345 606.558654
1248.304512 608.129148
1356.080748 609.692907
1467.565534 611.393089
1583.099742 613.214795
1703.058026 614.989754
1827.295980 616.932063
1144.930911 705.130068
1248.091442 708.278917
1354.883922 711.612799
1465.482041 715.155412
1579.921122 718.790072
1698.630399 722.448435
1821.670548 726.438981
