504.974746 401.758329
584.581266 397.694241
669.419009 393.552932
760.226373 389.072480
857.340521 384.315982
961.756788 379.139085
1074.126582 373.569436
527.127890 496.811693
605.778580 495.952117
689.410520 495.068682
778.769453 494.124192
874.257311 492.945496
976.755251 491.831138
1086.847286 490.681823
548.484588 588.145122
626.073254 590.029392
708.597516 592.112957
796.516348 594.282405
890.486376 596.686660
991.044074 599.117053
1098.929286 601.881566
568.924159 675.683651
645.561434 680.207206
726.909493 685.076853
813.533802 690.312984
905.953601 695.722617
1004.707036 701.549780
1110.401887 707.826817
588.629150 759.870405
664.323009 766.829768
744.616570 774.209598
829.917996 782.009061
920.783038 790.359563
1017.757737 799.231810
1121.376828 808.777007
607.547719 840.930492
682.285828 850.091650
761.479023 859.789938
845.488809 870.008568
934.933303 880.954193
1030.207305 892.637101
1131.843222 905.134626
625.782749 918.878398
699.587173 930.006053
777.634053 941.816028
860.519679 954.362587
948.494138 967.698875
1042.089271 981.882042
1141.879761 997.092065
631.951730 159.791435
706.441817 149.523628
785.288910 138.759509
868.997291 127.387407
957.899121 115.211721
1052.759268 102.291760
1153.764440 88.563244
614.070770 239.323943
689.378413 231.304937
769.158995 222.783061
853.942211 213.758099
944.297429 204.078982
1040.607288 193.920207
1143.363821 183.031676
595.514852 321.903248
671.723827 316.100390
752.500287 310.041868
838.454187 303.562785
930.060808 296.704944
1027.867324 289.325240
1132.507532 281.587535
576.355891 407.382976
653.383081 404.055480
735.187405 400.684144
822.271041 397.028686
915.239569 393.088717
1014.667157 388.979868
1121.126208 384.477610
556.531703 496.170745
634.391700 495.530774
717.112145 495.030442
805.537202 494.293706
899.785998 493.622672
1000.870527 492.839053
1109.145229 492.182423
535.859706 588.308234
614.470658 590.566955
698.447059 593.121916
787.905247 595.694682
883.679973 598.616344
986.367842 601.583444
1096.642970 604.849542
514.389397 683.978948
594.014975 689.374523
678.986521 695.169252
769.739574 701.460896
866.830141 708.107328
971.309966 715.216900
1083.545839 722.925448
916.504966 307.101577
1026.916954 314.682343
1130.125398 321.757695
1226.956521 328.501447
1317.924741 334.854424
1403.649830 340.676093
1484.427468 346.329615
906.952393 427.163407
1015.832373 430.675993
1117.730247 434.091497
1213.396490 437.222706
1303.329269 440.214862
1388.161056 443.000283
1468.150309 445.640890
897.854619 543.089409
1005.069991 542.899941
1105.686887 542.686128
1200.182079 542.570462
1289.172290 542.461719
1373.142841 542.183664
1452.410981 542.138381
888.917488 655.126747
994.749327 651.346552
1093.960998 647.856869
1187.391525 644.612938
1275.398543 641.554154
1358.485217 638.576762
1437.087032 635.891960
880.374191 763.317373
984.689996 756.291997
1082.664541 749.725811
1174.882444 743.626497
1262.074303 737.733608
1344.274737 732.271397
1422.149491 726.985172
872.148770 868.079804
975.013755 858.010795
1071.673799 848.554687
1162.922752 839.662071
1249.085849 831.159991
1330.561919 823.207854
1407.730831 815.697488
864.120680 969.390154
965.456214 956.445747
1061.078701 944.206955
1151.243796 932.815661
1236.517168 921.898558
1317.154115 911.572997
1393.645206 901.914945
857.671103 86.728980
956.784880 100.031681
1050.194537 112.456922
1138.553674 124.377376
1222.102674 135.630767
1301.393450 146.238790
1376.629091 156.335525
868.139900 180.523150
969.075347 191.257296
1064.211598 201.411927
1153.921424 210.988572
1238.719239 220.104749
1318.956059 228.691955
1395.049686 236.747525
879.079371 278.558337
981.872885 286.548180
1078.647230 294.083623
1169.854637 301.266398
1255.872443 308.038212
1337.199151 314.280598
1414.323200 320.371812
890.575649 381.167388
995.376754 386.092085
1093.793775 390.792128
1186.376299 395.197141
1273.664854 399.442275
1356.156378 403.387894
1434.235127 407.168905
902.610400 488.562473
1009.341334 490.159804
1109.424026 491.818531
1203.536722 493.391668
1292.273600 494.722823
1375.890652 496.121156
1454.904158 497.373845
915.324450 601.167839
1024.014986 599.212498
1125.982033 597.494011
1221.607569 595.822010
1311.626252 594.209060
1396.497240 592.686218
1476.550627 591.320461
928.513206 719.339397
1039.295837 713.485937
1143.225182 707.896109
1240.492290 702.857622
1331.873074 697.943548
1417.844598 693.358101
1498.922400 689.116676
686.221569 68.484279
794.642493 71.837834
901.639068 75.094326
1007.365447 78.458838
1111.766931 81.707664
1214.948598 84.934196
1316.822377 88.171764
683.448439 167.234516
793.539418 170.019506
902.204270 172.705224
1009.640810 175.471379
1115.630243 178.165193
1220.296985 180.880089
1323.585956 183.532530
680.573404 269.198721
792.384390 271.318791
902.764984 273.433480
1011.900012 275.564240
1119.542631 277.677240
1225.735024 279.712264
1330.613854 281.834226
677.613430 374.395038
791.284162 375.812307
903.433057 377.296496
1014.193996 378.752729
1123.506140 380.230342
1231.337276 381.709445
1337.805452 383.143340
674.611058 483.084961
790.122791 483.770332
903.999725 484.598429
1016.563237 485.346888
1127.635212 486.101648
1237.132912 486.903859
1345.147511 487.682870
671.524897 595.352260
788.811097 595.365225
904.748942 595.424873
1019.048985 595.441992
1131.854700 595.504106
1243.167649 595.540769
1352.900457 595.630385
668.278274 711.469781
787.551927 710.629005
905.429550 709.842381
1021.668472 709.151427
1136.260117 708.436986
1249.248793 707.722281
1360.752182 707.058501
588.057692 378.118853
698.202073 376.725544
810.610776 375.388250
925.697836 373.956410
1043.287728 372.548517
1163.476656 371.096666
1286.222932 369.555079
597.082041 488.701053
705.411058 488.533683
815.961652 488.432529
928.953411 488.256423
1044.362972 487.978504
1162.355259 487.816194
1282.769316 487.645215
605.922066 595.559898
712.428397 596.448327
821.084291 597.359622
932.091178 598.317765
1045.513461 599.253836
1161.324293 600.217962
1279.531229 601.286392
614.408898 698.644493
719.230483 700.541833
826.003174 702.543236
935.133343 704.590766
1046.555568 706.579883
1160.257262 708.662045
1276.330275 710.811645
622.690417 798.308631
725.793949 801.163769
830.876867 804.119979
938.095997 807.084348
1047.571573 810.145769
1159.267836 813.321356
1273.207007 816.515504
630.663701 894.793301
732.111503 898.533414
835.489230 902.341043
940.939518 906.232917
1048.532848 910.240105
1158.352316 914.367404
1270.304159 918.578819
638.407085 988.065649
738.212150 992.604526
839.964371 997.201384
943.742215 1002.056326
1049.474691 1006.935669
1157.388275 1011.887267
1267.451766 1017.064574
295.720208 375.466369
427.633758 380.802766
550.923163 385.696046
666.520871 390.432412
775.123135 394.898075
877.350031 398.935286
973.790122 402.830997
297.692995 492.257084
426.346441 493.632026
546.727686 494.999943
659.759609 496.211166
766.092567 497.393789
866.378966 498.400581
961.005565 499.449389
299.794281 603.210168
425.101341 601.077455
542.710295 598.999486
653.333254 597.130832
757.518139 595.361214
855.874260 593.569235
948.813434 591.975767
301.612535 708.813910
424.040856 703.403947
538.860871 698.301473
647.132494 693.592587
749.268745 689.123522
845.742902 684.791567
937.079403 680.825059
303.479929 809.257282
422.887964 801.046290
535.291086 793.183516
641.180978 785.868901
741.433638 778.871764
836.051292 772.365109
925.775370 766.069337
305.222415 905.288978
421.945653 894.381301
531.788850 884.035699
635.660563 874.301838
733.839572 864.999867
826.851076 856.269450
915.059557 848.019183
306.924200 996.869634
420.836797 983.539261
528.512305 970.834393
630.229683 958.947062
726.600318 947.629818
817.880528 936.887153
904.660861 926.777575
305.863622 154.849945
427.362828 166.862492
541.477501 178.015372
649.048557 188.704936
750.555770 198.778860
846.538040 208.219502
937.404842 217.205118
305.092709 264.671470
427.516644 273.332497
542.452336 281.478772
650.692870 289.151176
752.809580 296.432615
849.302444 303.264129
940.616907 309.747581
304.384690 376.107334
427.594061 381.378815
543.348981 386.303601
652.346908 391.042475
755.064568 395.431665
852.097902 399.503051
943.933560 403.442894
303.557447 489.344688
427.791359 491.018462
544.307813 492.624793
653.975893 494.186723
757.332174 495.697631
854.910387 496.998925
947.245706 498.341948
302.819770 604.135419
427.905638 602.216361
545.204179 600.469123
655.571959 598.860096
759.624786 597.249539
857.751184 595.833603
950.539109 594.391995
302.111166 720.781532
428.057061 715.177069
546.208551 709.903247
657.364615 704.983129
761.970917 700.262336
860.707385 695.877793
953.998823 691.711918
301.393825 839.160685
428.199760 829.773745
547.300630 820.764713
659.083347 812.511777
764.430070 804.607595
863.599327 797.202079
957.395980 790.249157
312.359195 93.876238
426.986452 106.964222
535.007533 119.154033
637.207349 130.893714
733.907883 141.964420
825.652230 152.391289
912.701050 162.329373
310.876655 187.472562
427.932167 197.993729
538.231907 207.933785
642.335797 217.327168
740.794098 226.246500
834.030944 234.675107
922.432249 242.658431
309.261066 285.223424
428.861460 293.066055
541.434713 300.416155
647.716978 307.397591
747.935943 313.994372
842.768391 320.122342
932.664080 326.064862
307.492728 387.587967
429.950051 392.373458
544.913087 396.876467
653.204682 401.145170
755.336370 405.263643
851.854953 409.067405
943.281876 412.708688
305.730014 494.746727
430.950835 496.247941
548.368974 497.721940
658.901510 499.115638
763.052727 500.372655
861.297941 501.625861
954.169294 502.751865
303.981366 607.084426
432.024783 605.000264
552.204894 603.128100
664.986959 601.346972
771.112773 599.577084
871.243794 597.989159
965.691983 596.465042
302.034877 724.961639
433.155806 718.969610
556.144379 713.222147
671.322451 708.055382
779.546670 703.079086
881.394361 698.410800
977.522456 694.026727
91.189211 24.097694
229.358834 33.856626
360.781369 41.659147
489.344554 50.310334
613.330998 58.179730
733.573137 65.872061
849.837671 73.179384
97.729978 153.186809
233.175350 159.742741
364.100166 166.137058
490.865357 172.249728
613.699685 178.159051
732.749450 183.897854
848.087924 189.526679
103.726371 279.175303
237.503441 283.613614
367.073568 287.899900
492.651629 292.063592
614.291372 296.089551
732.180969 299.902494
846.464333 303.700797
109.270643 402.649884
241.870459 405.007843
370.044940 407.305712
494.330091 409.534742
614.806957 411.722480
731.549630 413.762289
844.857568 415.842723
114.916489 523.557235
246.021784 524.034090
372.995744 524.461839
495.969820 524.864128
615.342558 525.187197
730.971923 525.617417
843.200215 525.931487
120.485879 642.233403
250.170645 640.793929
375.866057 639.414631
497.676844 638.049112
615.859346 636.624379
730.489571 635.322318
841.688231 634.079014
125.966583 758.509196
254.254981 755.229188
378.731699 752.000489
499.331106 749.021180
616.389503 745.946268
729.929893 743.026548
840.126245 740.308703
136.050390 207.876879
284.109963 216.848448
424.182356 225.282806
557.190506 233.348081
683.407164 241.058158
803.356312 248.220626
917.586344 255.098209
150.952554 337.066614
293.359251 342.335098
428.324988 347.410597
556.502266 352.058086
678.438780 356.534508
794.602593 360.737159
905.295384 364.796474
165.100888 457.049761
301.945560 459.097444
432.070746 460.961782
555.885770 462.763423
673.868293 464.494814
786.427668 466.046955
893.820788 467.550884
178.077604 568.667135
310.059674 567.847694
435.499676 567.037259
555.304092 566.314474
669.576488 565.602305
778.677214 564.791722
883.044952 564.194473
190.246555 672.583229
317.550922 669.431041
438.926503 666.226696
554.658146 663.291768
665.564034 660.407852
771.375540 657.731759
872.835177 655.092027
201.705565 769.937367
324.657059 764.574807
441.942319 759.398366
554.236503 754.471315
661.691321 749.651956
764.662995 745.169816
863.326327 740.878101
212.494810 861.063333
331.200705 853.799247
444.919735 846.806354
553.759724 840.228567
658.150467 833.789911
758.170303 827.631850
854.272384 821.831964
116.762563 278.237269
241.227813 280.504997
363.726443 282.669299
484.666841 284.961152
603.952504 287.111081
721.676430 289.230470
837.703650 291.363831
110.297230 394.897020
235.852835 396.320140
359.449506 397.771337
481.389189 399.241836
601.726372 400.612671
720.344400 401.993430
837.241908 403.360638
103.846321 513.536736
230.346927 514.150294
355.053004 514.800627
478.137221 515.428601
599.396819 515.983326
718.923104 516.486615
836.801829 517.116528
97.167633 634.201255
224.984068 633.912871
350.738273 633.655215
474.742076 633.430346
596.988242 633.155583
717.501642 632.887849
836.364353 632.711534
90.448979 756.815503
219.328770 755.639567
346.176180 754.579323
471.259620 753.442943
594.544677 752.266248
716.079251 751.211461
835.795609 750.187191
83.766368 881.656161
213.672150 879.493606
341.646758 877.527544
467.763333 875.517797
592.131795 873.453893
714.693443 871.480948
835.425125 869.553204
76.730134 1008.529373
207.907102 1005.371872
337.106238 1002.378307
464.307792 999.588858
589.624529 996.600167
713.206924 993.702750
834.934311 990.892723
242.189436 168.895326
363.663424 177.558250
479.601318 185.670853
590.516588 193.649131
696.706019 201.182565
798.568541 208.403933
896.227233 215.317915
232.561372 262.404681
357.961053 269.055020
477.631632 275.435478
591.895835 281.542296
701.217527 287.425542
805.793787 292.982226
905.955709 298.294967
222.185744 362.017864
351.876256 366.534620
475.408879 370.806908
593.401348 374.924372
705.896468 378.843699
813.434514 382.500352
916.374273 386.135046
211.079490 468.598438
345.530880 470.531949
473.250108 472.400424
594.860458 474.136121
710.817703 475.936010
821.522618 477.533703
927.364580 479.146564
199.262206 582.696323
338.519278 581.672924
470.640056 580.876544
596.431609 580.046987
716.112861 579.209792
830.126836 578.508828
938.905364 577.822316
186.652599 705.112558
331.038759 700.808240
468.196038 696.882182
598.158352 693.065824
721.787119 689.407617
839.333316 686.027328
951.372342 682.758950
172.932786 836.847370
323.112255 828.828923
465.460693 821.128331
600.050882 813.950031
727.792546 807.056308
849.075128 800.607686
964.472681 794.476561
996.975541 412.040805
1089.949331 408.423387
1188.810831 404.793013
1294.480332 400.754068
1407.268921 396.568751
1528.161514 391.943826
1657.991612 386.973564
1008.657669 504.516319
1100.099079 503.945968
1197.142730 503.359053
1300.692554 502.669355
1411.078224 501.891311
1529.269286 501.116313
1655.968058 500.324188
1019.915741 593.567943
1109.796781 595.568115
1205.188117 597.737515
1306.613411 600.051932
1414.846125 602.595948
1530.366972 605.165618
1654.141219 608.078976
1030.725087 678.944196
1119.115161 683.430432
1212.812455 688.292354
1312.409262 693.427748
1418.424004 698.784222
1531.424870 704.643395
1652.258304 710.826854
1041.194342 761.147512
1128.155003 767.966805
1220.233937 775.204554
1317.947942 782.793469
1421.824238 790.979754
1532.468494 799.672538
1650.530763 808.979841
1051.189183 840.320358
1136.725522 849.264792
1227.251400 858.698351
1323.169217 868.663945
1425.034625 879.334709
1533.368744 890.661940
1648.805054 902.750095
1060.868775 916.572112
1145.033364 927.353695
1234.000118 938.845962
1328.271734 951.062663
1428.087279 964.002159
1534.190687 977.675920
1647.180672 992.356525
1039.316498 235.826787
1127.733920 227.476713
1221.413461 218.736740
1321.062004 209.448829
1426.970175 199.552070
1540.030920 189.026263
1660.824315 177.727678
1035.525250 325.231537
1124.339858 319.585291
1218.460097 313.529168
1318.582952 307.170939
1425.130603 300.308955
1538.848572 293.088124
1660.379042 285.399966
1031.699531 415.850992
1120.902594 412.744908
1215.517226 409.541902
1316.118199 406.099349
1423.309102 402.523249
1537.624907 398.558585
1660.024295 394.535588
1027.825825 507.317478
1117.442746 506.934020
1212.510166 506.672142
1313.618293 506.362773
1421.380335 505.940474
1536.421719 505.591481
1659.593285 505.133136
1023.991247 599.882888
1113.998596 602.297749
1209.460751 604.980290
1311.144000 607.711097
1419.440850 610.715245
1535.222098 613.848100
1659.161969 617.327094
1020.029285 693.525656
1110.350184 698.844749
1206.393971 704.512502
1308.473283 710.424622
1417.474745 716.894075
1533.973014 723.754402
1658.711930 731.146249
1016.058532 788.212223
1106.795483 796.332822
1203.276803 805.085460
1305.997110 814.446474
1415.512287 824.380338
1532.746883 835.044371
1658.294081 846.537868
1069.180686 182.814719
1154.231031 173.499327
1244.093809 163.752465
1339.398820 153.453617
1440.369876 142.516884
1547.837438 130.883795
1662.201086 118.487190
1059.264082 260.960995
1145.508925 253.832410
1236.784780 246.187309
1333.619990 238.185150
1436.477180 229.574432
1545.900020 220.527505
1662.514894 210.911554
1048.950991 341.992809
1136.488403 336.988763
1229.222524 331.768661
1327.676357 326.169112
1432.378437 320.282677
1543.853852 313.878145
1662.988975 307.270068
1038.309184 425.859072
1127.161146 423.188726
1221.384503 420.538923
1321.471800 417.624203
1428.058429 414.511729
1541.772632 411.316132
1663.362403 407.745740
1027.326716 512.843881
1117.516276 512.763831
1213.126809 512.824833
1315.082968 512.730745
1423.597182 512.759604
1539.666270 512.720889
1663.803440 512.814661
1015.887537 603.009831
1107.305248 605.748384
1204.700038 608.740886
1308.250168 611.781569
1418.920155 615.206774
1537.318844 618.732769
1664.178891 622.594904
1004.018281 696.587508
1096.939159 702.285298
1195.825798 708.400342
1301.357950 714.948178
1414.031917 721.903881
1534.948652 729.384603
1664.660394 737.440444
1148.384270 257.714028
1239.204238 252.172931
1333.977113 246.423420
1433.207162 240.494326
1536.919222 234.243061
1645.868616 227.678564
1760.067441 220.783511
1140.695730 334.077565
1233.599985 330.176977
1330.723369 326.046006
1432.508676 321.819334
1539.122808 317.309484
1651.019322 312.668174
1768.566544 307.760605
1132.545917 414.428258
1227.732052 412.198443
1327.332455 409.964575
1431.805361 407.596478
1541.356992 405.166355
1656.476968 402.485893
1777.702078 399.865257
1124.080047 498.919466
1221.568637 498.599922
1323.756097 498.441793
1431.005792 498.163895
1543.642699 497.940583
1662.274513 497.766529
1787.231364 497.444742
1115.142921 587.933140
1215.101338 589.741308
1319.835997 591.893303
1430.222150 593.965766
1546.106305 596.272106
1668.553410 598.626355
1797.416754 601.198428
1105.714210 681.807476
1208.072765 686.111443
1315.877070 690.735451
1429.203550 695.459555
1548.703402 700.636884
1675.036511 705.991830
1808.334911 711.614464
1095.681152 780.967515
1200.804382 787.940443
1311.527375 795.329232
1428.398306 803.186498
1551.468177 811.488033
1681.907773 820.211321
1819.932191 829.483636
1151.638354 377.985921
1256.968571 375.639890
1365.915045 373.336214
1478.896704 370.942098
1595.902895 368.502853
1717.388658 365.890698
1843.407633 363.237582
1151.196569 479.569218
1256.364562 479.106146
1365.307540 478.567559
1478.135157 478.086276
1594.961345 477.530402
1716.318956 476.993917
1842.273154 476.534299
1150.717984 581.118434
1255.759261 582.371752
1364.646811 583.679468
1477.296854 585.010979
1594.082252 586.499482
1715.273771 587.848686
1841.219851 589.475210
1150.281181 682.370609
1255.278553 685.337564
1363.940855 688.508895
1476.504015 691.753287
1593.181396 695.091351
1714.183049 698.568089
1839.729276 702.120688
1149.894430 783.465074
1254.732894 788.181549
1363.254844 793.132171
1475.711784 798.236896
1592.243870 803.596502
1713.197349 809.068530
1838.539556 814.812283
1149.447505 884.373848
1254.162524 890.884060
1362.634302 897.617680
1474.860578 904.630786
1591.226179 911.928083
1712.067110 919.423814
1837.297855 927.202752
1149.032142 985.004543
1253.579944 993.232528
1361.892470 1001.785461
1474.114053 1010.729745
1590.213070 1019.699803
1710.874591 1029.284265
1836.294866 1039.569504
1079.416985 257.508435
1185.842110 250.340729
1297.894753 242.977979
1416.360727 235.094296
1541.326669 226.852098
1673.532799 218.027775
1813.702840 208.683959
1089.387753 358.482680
1192.940582 354.261245
1301.709819 349.767831
1416.438408 345.001449
1537.282000 339.925890
1665.023307 334.642004
1800.101432 329.066648
1098.932626 453.944496
1199.640027 452.085749
1305.402995 450.130021
1416.543227 448.052223
1533.642051 445.995152
1657.093299 443.675337
1787.486582 441.326190
1107.859708 543.929219
1205.936376 544.261880
1308.719671 544.702300
1416.735692 545.160455
1530.260031 545.513559
1649.666593 545.956370
1775.576449 546.393005
1116.426476 629.057387
1211.956003 631.404043
1312.010786 633.848623
1416.881505 636.370742
1527.064045 639.098671
1642.770033 641.923803
1764.512404 644.865836
1124.422127 709.805840
1217.597316 713.945272
1314.980558 718.173170
1416.971402 722.612610
1523.892648 727.357684
1636.210849 732.251247
1754.073264 737.423903
1132.087557 786.398550
1222.893487 791.998042
1317.789134 797.877526
1417.110998 804.120974
1521.004070 810.631995
1629.995956 817.376275
1744.348542 824.555169
1140.818737 88.165809
1249.419227 80.477215
1361.941563 72.650591
1478.895767 64.565439
1599.777150 56.063706
1725.696076 47.343752
1856.557844 37.387510
1141.525263 195.355735
1249.190679 189.759732
1360.742407 183.852379
1476.504670 177.826735
1596.428622 171.506105
1721.052692 164.994162
1850.186004 158.227192
1142.167443 300.931117
1248.947133 297.118292
1359.616542 293.226466
1474.230067 289.143962
1593.029023 285.070281
1716.398882 280.627965
1844.634760 276.227878
1142.828342 404.562177
1248.706380 402.597998
1358.342807 400.655975
1471.943421 398.636270
1589.653946 396.479678
1711.849179 394.280617
1838.576198 391.966297
1143.583149 506.488135
1248.545564 506.348251
1357.204488 506.202360
1469.733507 506.043583
1586.379207 505.980493
1707.416988 505.797018
1832.905643 505.631052
1144.198492 606.789988
1248.245154 608.393359
1356.013739 609.981922
1467.489239 611.707600
1583.026814 613.561164
1702.966064 615.359930
1827.294069 617.279521
1144.849185 705.369136
1248.013830 708.550256
1354.804113 711.901964
1465.403725 715.470718
1579.845621 719.134347
1698.542167 722.811492
1821.713351 726.786785
