-1.90394325115545 -1.77734113199204 0.11062986278804 
-1.99944258972490 -2.15749041331114 0.78080843260501 
2.03751183843013 2.12941925839088 0.64901906372903 
1.93050990508155 1.81804864808269 0.08838513481195 
2.08453532920668 2.07573675365199 -0.12269739762471 
-2.05820993540580 -2.03590390401042 -0.09646256703218 
2.04608079064603 2.18317675266765 0.77180693560390 
2.16070247694806 2.18743240755279 0.32743573925552 
2.13301164972304 2.13233269183356 -0.01383843057307 
1.92858113829375 1.81902721823179 -0.11389803955700 
-1.99895771819502 -2.15790145587190 0.77985291488030 
-2.09011790630601 -2.09844124301364 0.22943371725512 
-1.90764992118097 -1.77646474586694 -0.08983927651243 
-2.05639733549940 -2.03727905174487 0.11815803028224
