-32.77447523801415 -13.95914879503158 83.05629373226158
-25.84241280661423 -31.32393267980792 96.15536149479364
-6.67128985913802 -17.31763203811231 63.98150385985193
-11.36704511208017 -31.20821227313657 76.21621984684332
-20.73665693191539 -32.35872445753191 77.43446136435674
-25.19737470198267 -14.42675432616483 72.15285908626930
-36.60554270259072 -13.69507876415637 62.89122661173468
-46.36727807355054 -30.54167907556522 63.40565842549380
-47.75977996293005 -19.17374863872728 69.12614398880599
-40.42893238237934 -23.67786841245493 69.20803789768499
3.53179631280324 -30.33269828258597 98.27122608384857
5.93705685280607 -15.51046287802515 81.72125532722715
-1.07491561008051 -25.14635817152059 82.31959920206619
7.21383122791823 -31.69987123458628 75.51298455210680
