505.032863 401.756021
584.615454 397.688083
669.436684 393.549120
760.224017 389.050994
857.317053 384.289031
961.714384 379.103537
1074.101299 373.513412
527.179209 496.805541
605.803162 495.944574
689.423503 495.057437
778.766588 494.100462
874.231347 492.919306
976.713042 491.807045
1086.837982 490.637678
548.520399 588.141401
626.095867 590.022148
708.606186 592.103097
796.508950 594.265840
890.465797 596.669688
991.014238 599.107359
1098.937533 601.848088
568.949197 675.678454
645.570093 680.210206
726.914612 685.078005
813.522094 690.310672
905.932346 695.723036
1004.689251 701.556452
1110.421750 707.806757
588.645746 759.864041
664.327587 766.826257
744.616539 774.204064
829.901370 782.003999
920.753746 790.366293
1017.745303 799.254372
1121.398569 808.779176
607.547724 840.912424
682.272451 850.069524
761.460489 859.768771
845.462268 869.993741
934.897706 880.946835
1030.194131 892.639357
1131.844601 905.138312
625.770886 918.869971
699.567937 929.993262
777.611381 941.804088
860.496949 954.364295
948.457687 967.710559
1042.059087 981.911356
1141.864162 997.132298
631.961890 159.889708
706.431743 149.606471
785.246557 138.834823
868.929891 127.445625
957.822349 115.221671
1052.694351 102.239441
1153.752433 88.439933
614.063880 239.397078
689.354505 231.362257
769.121221 222.821498
853.893223 213.776151
944.260174 204.063099
1040.586341 193.849272
1143.369826 182.929754
595.538124 321.915508
671.733131 316.112339
752.491843 310.042231
838.423776 303.549166
930.019788 296.669400
1027.829175 289.265811
1132.495346 281.503053
576.393452 407.375146
653.402539 404.052953
735.190663 400.666593
822.252449 397.003183
915.203174 393.057334
1014.624855 388.939988
1121.113869 384.411201
556.571027 496.162521
634.411233 495.523680
717.121742 495.014189
805.526384 494.268520
899.756931 493.596009
1000.833322 492.813354
1109.142645 492.133298
535.895201 588.307567
614.495587 590.559964
698.456574 593.113924
787.899380 595.679518
883.659219 598.599899
986.338475 601.573202
1096.651180 604.816041
514.425289 683.988109
594.032883 689.371780
678.991413 695.172223
769.737249 701.459923
866.811449 708.107421
971.286190 715.228454
1083.558184 722.915803
916.465311 307.070447
1026.878169 314.625957
1130.114382 321.678886
1226.984807 328.411570
1317.996027 334.759369
1403.785724 340.579570
1484.629265 346.247799
906.917984 427.134723
1015.791405 430.641865
1117.721362 434.033335
1213.423676 437.156607
1303.392603 440.151477
1388.279956 442.938613
1468.325160 445.576071
897.828964 543.066214
1005.036308 542.880078
1105.689479 542.643791
1200.215209 542.515732
1289.236700 542.401026
1373.261648 542.118486
1452.571799 542.076240
888.897614 655.119027
994.725198 651.345058
1093.971550 647.830105
1187.429181 644.565395
1275.467549 641.496841
1358.600376 638.511863
1437.237561 635.823402
880.352977 763.318890
984.666444 756.313209
1082.678886 749.722569
1174.917277 743.599545
1262.140112 737.688885
1344.383572 732.221605
1422.300330 726.933440
872.121627 868.067543
974.980593 858.017715
1071.677338 848.563217
1162.945791 839.662753
1249.147317 831.134810
1330.667497 823.164353
1407.897086 815.644162
864.102860 969.392616
965.423787 956.455317
1061.065257 944.220307
1151.244965 932.826307
1236.564057 921.886330
1317.249711 911.546608
1393.812169 901.860463
857.585142 86.806514
956.701999 100.045579
1050.133693 112.410255
1138.548448 124.282015
1222.142702 135.492625
1301.476184 146.082616
1376.770930 156.166689
868.088255 180.555608
969.037980 191.233970
1064.186449 201.334277
1153.924399 210.889480
1238.762194 219.976567
1319.039547 228.552381
1395.193970 236.610333
879.036964 278.543238
981.829006 286.499521
1078.616778 294.015645
1169.860007 301.178007
1255.911699 307.939700
1337.283886 314.174862
1414.474871 320.266082
890.545534 381.138423
995.331361 386.054518
1093.772884 390.733835
1186.389611 395.125490
1273.711377 399.372194
1356.248054 403.321118
1434.388533 407.099339
902.578836 488.535948
1009.303490 490.131911
1109.420827 491.768350
1203.564430 493.333112
1292.336405 494.658481
1376.005454 496.058700
1455.065110 497.314337
915.301016 601.153830
1023.994003 599.196343
1125.998524 597.453215
1221.652934 595.765934
1311.711228 594.147020
1396.630785 592.618257
1476.716556 591.251453
928.489440 719.347167
1039.291222 713.487365
1143.254400 707.869392
1240.549214 702.810683
1331.974733 697.889930
1417.988773 693.299426
1499.094815 689.048526
686.185931 68.614005
794.567072 71.938716
901.542185 75.150530
1007.271486 78.435409
1111.718551 81.614903
1214.966015 84.778993
1316.898395 87.983335
683.441647 167.321127
793.499499 170.076960
902.151085 172.730054
1009.612043 175.423629
1115.628685 178.072596
1220.339980 180.747331
1323.678360 183.378423
680.563043 269.236598
792.353836 271.330785
902.719211 273.411780
1011.858197 275.507701
1119.525330 277.596674
1225.765516 279.610196
1330.699481 281.716159
677.629221 374.389870
791.273733 375.788693
903.399245 377.266038
1014.152387 378.710820
1123.494536 380.162786
1231.366435 381.634557
1337.885132 383.068587
674.625928 483.075561
790.114860 483.746133
903.967473 484.572593
1016.528399 485.317467
1127.638358 486.048756
1237.172836 486.844420
1345.239630 487.621037
671.538857 595.345741
788.803680 595.350687
904.726615 595.409786
1019.024836 595.427282
1131.872937 595.461795
1243.220925 595.484370
1353.008556 595.564271
668.284248 711.472246
787.545401 710.628928
905.406809 709.845951
1021.658128 709.155987
1136.286995 708.411667
1249.309674 707.674772
1360.869605 707.002828
588.090204 378.113805
698.213344 376.717317
810.595899 375.363520
925.659197 373.923309
1043.252892 372.498441
1163.479437 371.021090
1286.276136 369.473569
597.111052 488.693338
705.422393 488.519507
815.947604 488.406475
928.916371 488.231073
1044.336335 487.944475
1162.370422 487.758398
1282.828397 487.583998
605.947636 595.553770
712.436850 596.438697
821.072448 597.343426
932.064976 598.304871
1045.498388 599.233775
1161.351998 600.170819
1279.600235 601.226737
614.420877 698.645298
719.234685 700.543761
825.991155 702.541589
935.109840 704.596640
1046.553314 706.577441
1160.289637 708.630455
1276.403809 710.761674
622.696733 798.296914
725.791075 801.150116
830.857900 804.108642
938.064488 807.091492
1047.568420 810.163342
1159.297035 813.316919
1273.280335 816.481277
630.652638 894.778477
732.090917 898.516083
835.463535 902.331173
940.905738 906.231856
1048.521891 910.246398
1158.361884 914.373323
1270.372073 918.561594
638.403231 988.065044
738.206274 992.599907
839.952517 997.202314
943.712823 1002.069965
1049.438758 1006.972591
1157.374160 1011.933962
1267.482709 1017.082753
295.810128 375.530447
427.696045 380.835026
550.966431 385.690903
666.538415 390.428306
775.116409 394.875937
877.322274 398.906448
973.739748 402.799009
297.792938 492.306809
426.410691 493.657595
546.769680 494.994791
659.776040 496.202126
766.092430 497.371170
866.355144 498.374624
960.962708 499.427441
299.885683 603.254173
425.147688 601.114107
542.742962 599.001657
653.351081 597.124117
757.518751 595.347282
855.856722 593.552235
948.782586 591.963923
301.689053 708.876351
424.085377 703.448960
538.890960 698.304182
647.140779 693.595696
749.270000 689.122438
845.726254 684.788089
937.055909 680.825012
303.564027 809.316357
422.942211 801.080919
535.319010 793.189856
641.187390 785.859854
741.433595 778.865112
836.034861 772.363057
925.747868 766.079113
305.301868 905.307749
421.995295 894.399869
531.803691 884.054092
635.647530 874.283720
733.819890 864.977781
826.824391 856.249053
915.025277 848.007697
307.026961 996.842874
420.866020 983.552716
528.523193 970.851686
630.220199 958.945982
726.583885 947.616461
817.857260 936.881544
904.631090 926.778508
91.308965 24.270625
229.440086 34.031031
360.830647 41.850362
489.349462 50.453790
613.308401 58.323429
733.523668 65.984989
849.748918 73.262500
97.796828 153.432320
233.259457 159.953286
364.145076 166.302260
490.868277 172.367762
613.692859 178.257426
732.723869 183.961103
848.037587 189.560884
103.851810 279.347337
237.600810 283.741383
367.135079 287.989555
492.680010 292.124962
614.302612 296.121083
732.171463 299.912502
846.431840 303.687571
109.407693 402.784524
241.972070 405.090252
370.117393 407.347264
494.385392 409.540195
614.833530 411.716915
731.554665 413.746160
844.835228 415.815423
115.052045 523.662985
246.132895 524.100595
373.072618 524.496041
496.014962 524.873900
615.367450 525.176499
730.981258 525.599869
843.183136 525.907790
120.633737 642.308934
250.279358 640.851883
375.922815 639.457257
497.712665 638.066200
615.879314 636.621448
730.493312 635.316423
841.672498 634.067912
126.110830 758.567458
254.366312 755.299162
378.787878 752.058107
499.367606 749.037439
616.400859 745.943704
729.932551 743.025289
840.111853 740.309749
116.875511 278.410484
241.323606 280.637911
363.787555 282.761987
484.692914 285.030107
603.959909 287.149508
721.666043 289.247200
837.669681 291.356767
110.435928 395.036898
235.952474 396.407985
359.524421 397.816728
481.446729 399.253381
601.757541 400.607023
720.351155 401.979891
837.222663 403.333230
103.985551 513.648607
230.460468 514.225273
355.137926 514.837754
478.188055 515.444872
599.424983 515.975038
718.932517 516.470558
836.785225 517.091552
97.323130 634.278119
225.099323 633.976231
350.803692 633.698959
474.780157 633.455907
597.011473 633.151615
717.507360 632.882664
836.350665 632.701188
90.607960 756.859570
219.448144 755.713230
346.239392 754.638769
471.300222 753.469227
594.559805 752.263793
716.081436 751.209867
835.781343 750.186946
83.946310 881.732987
213.760154 879.573418
341.719904 877.557869
467.796665 875.538851
592.132880 873.452254
714.676681 871.461633
835.399140 869.537473
76.864289 1008.562228
207.972432 1005.347894
337.191494 1002.358716
464.350028 999.599008
589.636251 996.605591
713.201507 993.700247
834.922888 990.894002
275.431768 188.546634
402.782997 199.875460
522.066238 210.334840
634.254855 220.405503
739.932647 229.818141
839.636847 238.658215
933.882551 247.020599
272.851139 294.361170
403.230650 302.434718
525.343364 309.994114
639.884487 317.163573
747.655884 323.940270
849.162076 330.238588
944.974250 336.201480
270.120383 405.439467
403.679653 410.050698
528.629525 414.304413
645.771166 418.442991
755.642444 422.216906
859.058891 425.707936
956.583283 429.133020
267.189055 522.367415
404.312266 523.000576
532.137200 523.588783
651.711552 524.182479
763.871328 524.859107
869.317732 525.352451
968.625148 525.941330
264.216817 645.298347
404.758696 641.572159
535.597336 638.268369
657.991419 635.153237
772.565353 632.171331
880.038977 629.495696
981.067477 626.906516
261.172647 774.867833
405.298975 766.436791
539.543763 758.710918
664.732785 751.448021
781.717990 744.618559
891.350367 738.290015
994.273239 732.352557
257.974978 911.601593
405.892837 897.988099
543.696585 885.185117
671.728974 873.478408
791.309923 862.371334
903.078079 852.084203
1007.958207 842.498750
1069.165335 182.733653
1154.249946 173.392638
1244.149562 163.605910
1339.506230 153.290868
1440.603794 142.325138
1548.152565 130.681210
1662.587194 118.247248
1059.224041 260.898310
1145.500550 253.744274
1236.823522 246.073088
1333.713917 238.049426
1436.677139 229.448562
1546.201203 220.412674
1662.883034 210.779318
1048.918578 341.936465
1136.479558 336.908714
1229.250637 331.680633
1327.753819 326.069514
1432.545808 320.183922
1544.103088 313.796871
1663.303099 307.184517
1038.276800 425.821893
1127.154826 423.126837
1221.413792 420.470058
1321.542955 417.558337
1428.204758 414.445303
1541.996419 411.269868
1663.632378 407.705640
1027.296731 512.815936
1117.518886 512.715289
1213.159757 512.767183
1315.160381 512.667678
1423.739702 512.698459
1539.867397 512.681218
1664.058241 512.787735
1015.862999 602.999171
1107.316914 605.712276
1204.742316 608.687718
1308.334153 611.719101
1419.064551 615.136739
1537.510968 618.675160
1664.432478 622.568830
1003.997901 696.592963
1096.955108 702.266326
1195.867037 708.361550
1301.442216 714.897680
1414.174161 721.851001
1535.122124 729.341920
1664.875790 737.422038
1151.637120 377.913163
1257.006359 375.560674
1366.017496 373.257595
1479.091213 370.866756
1596.157530 368.444638
1717.705650 365.841025
1843.782169 363.214913
1151.206164 479.511713
1256.410631 479.044198
1365.411944 478.506947
1478.314572 478.030200
1595.194167 477.496668
1716.610362 476.972820
1842.593681 476.537466
1150.742999 581.071310
1255.816311 582.313574
1364.761634 583.611302
1477.463772 584.948002
1594.298546 586.459515
1715.557183 587.832855
1841.473987 589.478332
1150.310182 682.338252
1255.341271 685.286276
1364.059877 688.450628
1476.669567 691.688751
1593.379069 695.052638
1714.446139 698.550718
1839.938835 702.126902
1149.923611 783.455078
1254.796332 788.145766
1363.380880 793.084376
1475.865843 798.197908
1592.414503 803.573341
1713.389454 809.050089
1838.689079 814.797305
1149.458490 884.378800
1254.224568 890.865875
1362.771604 897.574934
1474.994695 904.562458
1591.354289 911.857357
1712.121085 919.364448
1837.417999 927.154016
1149.020935 985.038688
1253.611569 993.244288
1361.977218 1001.783304
1474.225944 1010.698868
1590.331036 1019.651030
1710.974813 1029.250446
1836.448163 1039.545547
1036.940078 213.430559
1134.506444 203.194148
1238.620420 192.449090
1350.148283 180.807235
1469.545392 168.515908
1597.946040 155.190551
1736.218635 140.785974
1048.162633 313.191640
1144.059813 306.504073
1246.152608 299.332519
1355.329383 291.704181
1472.046303 283.388886
1597.396675 274.633532
1732.042616 265.218942
1059.017692 409.173988
1153.258981 405.487512
1253.465717 401.615278
1360.313157 397.425323
1474.593415 393.106294
1596.882048 388.362219
1728.193091 383.367486
1069.429185 501.156649
1162.076720 500.314071
1260.394648 499.583224
1365.168331 498.765231
1477.007458 497.767822
1596.456616 496.856139
1724.454925 495.768591
1079.551093 589.504203
1170.582441 591.374090
1267.124255 593.398592
1369.824188 595.495270
1479.306153 597.782628
1596.077981 600.238872
1721.035726 602.911307
1089.154079 674.543400
1178.621445 678.904318
1273.481681 683.469788
1374.186458 688.320070
1481.379828 693.535058
1595.675170 699.109644
1717.736812 705.055950
1098.448619 756.390399
1186.414133 762.875580
1279.579840 769.832621
1378.499475 777.299267
1483.443993 785.194112
1595.301439 793.596520
1714.608815 802.653758
1191.809977 73.650709
1304.139893 69.173635
1418.746584 64.804694
1535.892922 60.365098
1655.131619 55.529687
1777.244738 50.920275
1903.581738 45.663579
1190.903959 184.453499
1302.203938 181.296704
1415.713312 177.996798
1531.633329 174.704145
1649.788353 171.229340
1770.603473 167.791147
1893.206607 164.131227
1189.983745 293.452611
1300.221615 291.317561
1412.739246 289.161778
1527.488518 287.007988
1644.552888 284.864625
1764.113510 282.474556
1887.073524 280.656050
1189.047193 400.430465
1298.330172 399.363113
1409.749033 398.307075
1523.429696 397.322583
1639.360989 396.248889
1757.710030 395.141440
1877.875494 393.954660
1188.188583 505.489670
1296.437603 505.460418
1406.810744 505.519698
1519.399146 505.549180
1634.347668 505.641705
1751.553239 505.658784
1871.221251 505.486667
1187.259763 608.789431
1294.545569 609.820683
1403.950317 610.887636
1515.453061 611.954460
1629.263303 613.101797
1745.486788 614.200780
1863.920121 615.456659
1186.377703 710.256409
1292.635124 712.204161
1401.132060 714.211287
1511.666261 716.393957
1624.362705 718.571309
1739.391148 720.659008
1856.824207 723.030780
