504.999495 401.786793
584.614072 397.727847
669.469022 393.590513
760.293810 389.112180
857.426218 384.358940
961.853163 379.183787
1074.224330 373.597632
527.152062 496.823887
605.817675 495.968189
689.465840 495.085696
778.841338 494.142168
874.348438 492.964852
976.854672 491.853017
1086.951506 490.688741
548.511692 588.142333
626.119042 590.027487
708.657457 592.111517
796.594328 594.279456
890.581596 596.683272
991.147680 599.116517
1099.043470 601.865233
568.957681 675.664563
645.613949 680.187093
726.976027 685.055814
813.617567 690.289784
906.051822 695.697730
1004.816574 701.527259
1110.523162 707.786936
588.669075 759.834412
664.378680 766.791513
744.684508 774.169396
830.002918 781.963641
920.881531 790.312905
1017.873816 799.184105
1121.515838 808.714668
607.585196 840.878316
682.339010 850.033307
761.546254 859.730206
845.573563 869.943750
935.034026 880.882668
1030.335699 892.557028
1131.998679 905.041356
625.822432 918.814994
699.644206 929.935069
777.705101 941.738073
860.611474 954.277875
948.600355 967.601763
1042.224516 981.771211
1142.042042 996.962571
631.985396 159.847047
706.484983 149.590973
785.344819 138.837939
869.066040 127.473557
957.979181 115.289373
1052.844958 102.351601
1153.861385 88.607726
614.109627 239.372784
689.432360 231.360535
769.227511 222.846278
854.027652 213.826966
944.396760 204.145641
1040.703204 193.961556
1143.465901 183.063220
595.548054 321.947498
671.772351 316.148772
752.566108 310.095463
838.535220 303.620048
930.160836 296.761828
1027.967972 289.363100
1132.609682 281.614497
576.386824 407.414711
653.429775 404.089319
735.250014 400.720780
822.349066 397.067725
915.333072 393.130769
1014.764920 389.014820
1121.226822 384.501473
556.560488 496.186150
634.438033 495.546666
717.171710 495.047784
805.615779 494.311993
899.880885 493.642722
1000.971379 492.857839
1109.251847 492.187486
535.885009 588.304467
614.514583 590.564825
698.505288 593.120453
787.981836 595.691808
883.773663 598.612161
986.470477 601.582403
1096.756668 604.834295
514.411647 683.954524
594.055699 689.352951
679.043073 695.146264
769.814651 701.435236
866.923325 708.079717
971.416591 715.191655
1083.665106 722.886804
916.598904 307.157268
1027.015654 314.720987
1130.227392 321.784761
1227.073893 328.522671
1318.062211 334.869721
1403.804816 340.686637
1484.595310 346.337949
907.045809 427.199012
1015.929928 430.704818
1117.833138 434.107181
1213.517354 437.232365
1303.467430 440.217661
1388.316306 442.999303
1468.323551 445.636434
897.948996 543.097875
1005.171409 542.909213
1105.797018 542.681454
1200.306736 542.561279
1289.312055 542.447710
1373.301058 542.166573
1452.587196 542.118478
889.012168 655.110556
994.854145 651.334796
1094.077680 647.831128
1187.519860 644.583208
1275.543199 641.521388
1358.646384 638.543497
1437.264043 635.858835
880.468011 763.276612
984.798337 756.255473
1082.786271 749.680868
1175.014651 743.575793
1262.221986 737.682499
1344.437649 732.220516
1422.330221 726.935058
872.238154 868.013920
975.120702 857.947865
1071.807907 848.487963
1163.076220 839.589297
1249.252072 831.089802
1330.740623 823.135571
1407.922882 815.626305
864.214707 969.302677
965.570522 956.348806
1061.220045 944.106475
1151.404741 932.712836
1236.691863 921.792002
1317.340514 911.468207
1393.842679 901.808882
857.741049 86.829795
956.865101 100.112107
1050.281922 112.514161
1138.651847 124.418725
1222.223161 135.661986
1301.536196 146.251207
1376.791492 156.340727
868.223710 180.598690
969.173333 191.319622
1064.307053 201.447185
1154.027012 211.015707
1238.845029 220.122291
1319.096649 228.703900
1395.208423 236.755547
879.171259 278.620094
981.974114 286.597460
1078.745088 294.112906
1169.961898 301.293048
1255.995887 308.057393
1337.340441 314.297224
1414.480988 320.384881
890.666536 381.210858
995.472665 386.131867
1093.892736 390.816736
1186.490824 395.215796
1273.795375 399.453765
1356.303140 403.395110
1434.399484 407.172223
902.704947 488.583958
1009.440515 490.178662
1109.531482 491.823625
1203.659496 493.391656
1292.412613 494.715894
1376.045788 496.111483
1455.076827 497.360456
915.421266 601.164992
1024.121122 599.208389
1126.099895 597.477454
1221.741054 595.801113
1311.776184 594.184850
1396.662615 592.660704
1476.736354 591.290355
928.613412 719.309548
1039.409977 713.454758
1143.352890 707.853752
1240.636487 702.813061
1332.032739 697.899063
1418.021719 693.314759
1499.124059 689.069357
686.268101 68.592879
794.702900 71.944540
901.713782 75.192068
1007.450938 78.528539
1111.853763 81.756503
1215.059631 84.964171
1316.968306 88.174429
683.492351 167.297807
793.606024 170.091134
902.291531 172.782249
1009.733770 175.526950
1115.726601 178.199930
1220.416400 180.903526
1323.732203 183.544679
680.624899 269.251509
792.458404 271.378833
902.860588 273.494646
1012.002301 275.606422
1119.643867 277.703995
1225.854237 279.732317
1330.754817 281.848824
677.663652 374.434182
791.356807 375.854837
903.525490 377.341674
1014.290582 378.789746
1123.605973 380.255015
1231.457265 381.725984
1337.947158 383.154587
674.664338 483.103620
790.197535 483.789938
904.093466 484.619893
1016.663250 485.365118
1127.743782 486.106547
1237.261240 486.903141
1345.296602 487.676961
671.579000 595.349920
788.887742 595.362356
904.845429 595.422104
1019.153730 595.437991
1131.972573 595.488002
1243.304753 595.519745
1353.057668 595.604825
668.333801 711.443234
787.630792 710.601924
905.526562 709.814203
1021.780272 709.122979
1136.387292 708.395714
1249.394187 707.677028
1360.918073 707.011745
588.091890 378.155729
698.257365 376.766226
810.688497 375.431187
925.791493 374.002118
1043.383272 372.581245
1163.584320 371.118883
1286.354054 369.568744
597.118820 488.717655
705.470428 488.552070
816.041013 488.452003
929.048749 488.278641
1044.464581 487.992093
1162.470963 487.819661
1282.906602 487.640435
605.963624 595.557484
712.489788 596.445232
821.167828 597.355785
932.189504 598.315771
1045.621790 599.246005
1161.446381 600.198400
1279.675651 601.261230
614.454503 698.621780
719.295915 700.517121
826.089469 702.516808
935.233981 704.565176
1046.669586 706.549647
1160.387853 708.619044
1276.480388 710.764891
622.735268 798.264408
725.857091 801.116993
830.960049 804.070038
938.195854 807.034070
1047.693186 810.092791
1159.413362 813.256251
1273.373728 816.445447
630.705840 894.730794
732.172776 898.466481
835.572886 902.268620
941.043410 906.154407
1048.669531 910.152222
1158.513519 914.268253
1270.485624 918.470864
638.457702 987.987151
738.283864 992.519562
840.056741 997.112771
943.857085 1001.951794
1049.614118 1006.811534
1157.555193 1011.749667
1267.646503 1016.923453
295.704456 375.475321
427.648463 380.822363
550.952682 385.729555
666.570679 390.468936
775.195012 394.936586
877.438668 398.974840
973.885659 402.871511
297.673258 492.250316
426.358252 493.632502
546.755296 495.013359
659.808773 496.227311
766.160761 497.410391
866.468890 498.418302
961.103730 499.471124
299.770929 603.188145
425.108855 601.060858
542.738218 598.992853
653.384443 597.126723
757.587711 595.357804
855.964706 593.566249
948.914441 591.975931
301.586846 708.778587
424.045928 703.371540
538.889861 698.276051
647.183799 693.569870
749.339200 689.101725
845.832752 684.769244
937.181541 680.804793
303.448358 809.206592
422.887343 800.998365
535.317427 793.139633
641.229790 785.826806
741.500330 778.829632
836.138492 772.323805
925.876262 766.028290
305.176573 905.222025
421.932755 894.315445
531.806033 883.972731
635.703996 874.244622
733.901594 864.938597
826.932200 856.208224
915.155928 847.959307
306.849866 996.799672
420.803255 983.467298
528.516353 970.760247
630.274612 958.874384
726.664556 947.553080
817.962262 936.808861
904.758682 926.695710
305.852655 154.885700
427.382579 166.907709
541.519279 178.067987
649.089246 188.760819
750.617842 198.841355
846.623221 208.287635
937.502523 217.270419
305.079477 264.694989
427.535244 273.365814
542.488160 281.522152
650.737566 289.199581
752.874330 296.486945
849.388640 303.321103
940.714424 309.803032
304.370862 376.117992
427.609868 381.398518
543.377371 386.337113
652.393347 391.078549
755.131001 395.469826
852.182680 399.541045
944.029996 403.483469
303.539633 489.338501
427.803822 491.018446
544.335738 492.638761
654.024203 494.203898
757.400359 495.714826
854.997541 497.016789
947.343563 498.363167
302.797887 604.113629
427.914738 602.198418
545.233198 600.461646
655.624055 598.856309
759.694929 597.246055
857.840978 595.830144
950.639520 594.392154
302.083896 720.744211
428.061222 715.142304
546.239155 709.875136
657.420469 704.957369
762.043235 700.238108
860.799630 695.853239
954.102260 691.690652
301.358184 839.105293
428.196980 829.720291
547.327117 820.716549
659.132708 812.463929
764.498009 804.557771
863.689416 797.154058
957.499036 790.203660
312.357026 93.926258
427.010075 107.024865
535.052243 119.223230
637.248541 130.963487
733.957772 142.036547
825.721697 152.468963
912.787131 162.408673
310.865120 187.504899
427.951401 198.035582
538.272357 207.983161
642.378162 217.379696
740.857047 226.306132
834.115208 234.740728
922.530593 242.723289
309.249562 285.245494
428.879621 293.097339
541.468099 300.458308
647.761725 307.444901
747.999951 314.045438
842.851401 320.176983
932.761476 326.119604
307.478991 387.596464
429.965493 392.391501
544.941487 396.908913
653.252005 401.179710
755.402427 405.299883
851.939051 409.103819
943.377579 412.747640
305.712049 494.740026
430.963813 496.248338
548.397081 497.734439
658.950778 499.130851
763.120942 500.389331
861.386861 501.643253
954.267535 502.772379
303.958284 607.061905
432.034621 604.982718
552.234566 603.121327
665.040700 601.342131
771.185740 599.572662
871.336406 597.985224
965.793546 596.465468
302.007736 724.923794
433.162163 718.934361
556.176795 713.193869
671.380141 708.029514
779.623142 703.054132
881.489613 698.384873
977.628915 694.004686
91.216168 24.288197
229.353079 33.948055
360.796851 41.760294
489.383043 50.439009
613.380721 58.303587
733.623501 65.982208
849.907717 73.284093
97.671384 153.266057
233.145161 159.783941
364.104366 166.176719
490.899297 172.300137
613.741090 178.216578
732.803965 183.962538
848.168333 189.599907
103.652218 279.211739
237.473354 283.636872
367.077486 287.926096
492.682016 292.102312
614.332380 296.136047
732.241852 299.955541
846.549089 303.758878
109.188708 402.666235
241.838611 405.012935
370.046979 407.315207
494.353669 409.559050
614.846567 411.754402
731.611334 413.797383
844.940808 415.879257
114.829455 523.554609
245.985718 524.023162
372.994464 524.454017
495.991121 524.866438
615.383893 525.196612
731.036044 525.628900
843.286594 525.943463
120.394721 642.214226
250.131577 640.767110
375.862888 639.389841
497.697082 638.031633
615.903281 636.613812
730.554718 635.310941
841.777097 634.067333
125.872911 758.473803
254.212136 755.187407
378.724793 751.960208
499.350840 748.984285
616.435126 745.913315
729.995923 742.992241
840.214001 740.273817
135.992323 207.928225
284.090847 216.877446
424.200248 225.321262
557.228851 233.395842
683.457616 241.112006
803.430859 248.283165
917.681931 255.161334
150.890358 337.089566
293.342813 342.348996
428.340869 347.435277
556.533900 352.097769
678.489326 356.577519
794.677403 360.782867
905.387206 364.843607
165.039754 457.052636
301.928140 459.096029
432.084499 460.968170
555.914588 462.783904
673.919566 464.517628
786.500400 466.070615
893.914252 467.574863
178.015012 568.653600
310.040094 567.831038
435.511180 567.025869
555.333721 566.314078
669.630528 565.605013
778.751326 564.795226
883.138701 564.198085
190.183254 672.555916
317.529994 669.400630
438.935176 666.199800
554.689091 663.273063
665.620311 660.391871
771.450266 657.716494
872.928631 655.076355
201.643427 769.896532
324.635821 764.531389
441.949855 759.356711
554.269590 754.434413
661.746700 749.617446
764.736282 745.135752
863.419020 740.843719
212.426214 861.006015
331.169859 853.739450
444.918228 846.748586
553.786488 840.175050
658.198411 833.737427
758.236843 827.577829
854.357670 821.777998
116.691134 278.273262
241.196800 280.527071
363.728944 282.695297
484.696682 284.998708
603.991813 287.156488
721.736643 289.283722
837.787374 291.422266
110.214429 394.913885
235.817640 396.327372
359.448810 397.780996
481.411212 399.265496
601.762696 400.645719
720.404268 402.029843
837.324986 403.397784
103.752849 513.535464
230.305302 514.142151
355.047757 514.792835
478.156839 515.430480
599.435475 515.995184
718.984561 516.499672
836.886777 517.129844
97.065649 634.183042
224.936829 633.887103
350.727543 633.630460
474.758417 633.411690
597.028033 633.145393
717.565515 632.877098
836.451182 632.700675
90.335910 756.781414
219.273234 755.597964
346.159653 754.537841
471.273378 753.404192
594.584928 752.231592
716.143489 751.176461
835.882787 750.150429
83.624506 881.601050
213.600627 879.433130
341.616374 877.465418
467.763761 875.455956
592.166031 873.395377
714.752091 871.420269
835.507181 869.487562
76.484437 1008.489562
207.761650 1005.316216
337.042485 1002.305887
464.283726 999.516780
589.655147 996.526770
713.274460 993.619407
835.023443 990.804170
242.160348 168.930739
363.666306 177.595444
479.632408 185.717755
590.557246 193.701250
696.759661 201.240975
798.643482 208.469532
896.322485 215.386501
232.529168 262.429688
357.962009 269.082449
477.661463 275.472584
591.934163 281.588091
701.273482 287.478482
805.870538 293.040104
906.049596 298.353355
222.149069 362.030342
351.875313 366.548480
475.431547 370.835133
593.436773 374.962866
705.953541 378.884112
813.511491 382.542157
916.467413 386.178151
211.034206 468.597205
345.524074 470.530557
473.270420 472.409422
594.896576 474.155990
710.877335 475.957546
821.603559 477.555520
927.461054 479.170719
199.206927 582.678922
338.506774 581.655303
470.656908 580.866314
596.469855 580.046470
716.175070 579.210329
830.211532 578.509689
939.004184 577.825869
186.587445 705.080505
331.019371 700.773613
468.209917 696.852213
598.199645 693.043155
721.852371 689.385467
839.421207 686.004567
951.474414 682.738291
172.851676 836.795978
323.081492 828.774903
465.467624 821.076134
600.088978 813.902767
727.856825 807.007955
849.161032 800.557631
964.575995 794.430268
997.072608 412.076932
1090.046335 408.444867
1188.923277 404.808645
1294.613423 400.763753
1407.425778 396.574054
1528.349197 391.940500
1658.221303 386.959817
1008.757743 504.533345
1100.204917 503.947867
1197.265480 503.356651
1300.833997 502.661917
1411.242492 501.880871
1529.469673 501.097221
1656.206989 500.296916
1020.021119 593.565770
1109.911187 595.551479
1205.320115 597.716615
1306.762809 600.026817
1415.018294 602.567706
1530.577216 605.131361
1654.388775 608.037581
1030.836938 678.923563
1119.236926 683.394804
1212.949779 688.251682
1312.564865 693.384317
1418.601878 698.737732
1531.643324 704.593399
1652.516394 710.771808
1041.313230 761.106405
1128.287042 767.911749
1220.381962 775.145890
1318.115141 782.731379
1422.013541 790.913987
1532.695575 799.598325
1650.789852 808.897622
1051.314838 840.258417
1136.875855 849.192898
1227.418063 858.617331
1323.354212 868.575083
1425.245239 879.231556
1533.616490 890.536036
1649.074155 902.603938
1061.014072 916.482260
1145.193717 927.248852
1234.177279 938.732129
1328.468762 950.934112
1428.315434 963.847541
1534.447169 977.495230
1647.460657 992.154490
1039.416848 235.861036
1127.836025 227.503232
1221.533907 218.757561
1321.206604 209.462290
1427.137828 199.553947
1540.228297 189.021363
1661.060328 177.718642
1035.622545 325.268976
1124.439299 319.614198
1218.576945 313.551237
1318.720807 307.187643
1425.289766 300.317707
1539.036722 293.087393
1660.604737 285.393354
1031.798766 415.878746
1121.004888 412.764377
1215.635544 409.555760
1316.257462 406.107640
1423.469745 402.527828
1537.817474 398.553070
1660.254440 394.521053
1027.928201 507.330975
1117.550035 506.935538
1212.634711 506.669278
1313.761961 506.353696
1421.546703 505.928491
1536.623157 505.571496
1659.834961 505.105856
1024.098101 599.879826
1114.114440 602.279985
1209.591933 604.958322
1311.294940 607.683092
1419.614839 610.684958
1535.433611 613.812280
1659.415600 617.285185
1020.140908 693.504593
1110.470496 698.806172
1206.531413 704.469086
1308.629008 710.378562
1417.653508 716.845257
1534.193054 723.700295
1658.972631 731.086081
1016.173342 788.167433
1106.926901 796.275138
1203.427679 805.022493
1306.168551 814.375867
1415.709550 824.304087
1532.984954 834.953670
1658.560027 846.434285
1069.273369 182.850820
1154.335190 173.531821
1244.221341 163.775216
1339.552960 153.463893
1440.546717 142.500438
1548.052878 130.854249
1662.466823 118.446633
1059.366717 260.990467
1145.612803 253.857715
1236.907733 246.205975
1333.765067 238.197323
1436.643718 229.576706
1546.095027 220.524030
1662.746046 210.907937
1049.047377 342.026633
1136.588542 337.017525
1229.340291 331.790475
1327.814738 326.185390
1432.538080 320.293512
1544.044449 313.878016
1663.218491 307.262069
1038.408319 425.884964
1127.264388 423.206248
1221.505196 420.550186
1321.612245 417.629539
1428.221271 414.513721
1541.966677 411.308586
1663.596767 407.730290
1027.429331 512.856435
1117.623924 512.764770
1213.250961 512.820622
1315.227736 512.720290
1423.764282 512.746422
1539.867576 512.699678
1664.047384 512.785882
1015.993276 603.007149
1107.421341 605.730098
1204.830839 608.718220
1308.398975 611.754799
1419.093282 615.177010
1537.531971 618.695597
1664.433101 622.551512
1004.127322 696.565773
1097.058773 702.247994
1195.962226 708.356155
1301.512457 714.901408
1414.211129 721.853600
1535.168977 729.328484
1664.922745 737.379783
1148.488383 257.739090
1239.327360 252.189905
1334.121518 246.436333
1433.372670 240.497744
1537.109184 234.240652
1646.093497 227.675948
1760.339996 220.775502
1140.797385 334.106220
1233.718115 330.198164
1330.862329 326.061917
1432.669350 321.830912
1539.309006 317.310836
1651.242866 312.660948
1768.839771 307.741211
1132.649668 414.447350
1227.853751 412.209978
1327.473890 409.970783
1431.969238 407.598371
1541.550040 405.159379
1656.707155 402.470625
1777.989045 399.840363
1124.188382 498.922309
1221.694737 498.598120
1323.902163 498.434428
1431.173935 498.153287
1543.845883 497.921209
1662.515794 497.740140
1787.534213 497.415613
1115.257332 587.918866
1215.232272 589.721922
1319.986330 591.869343
1430.395140 593.938830
1546.320691 596.237625
1668.807846 598.586716
1797.738129 601.167431
1105.833840 681.773815
1208.210436 686.072437
1316.034333 690.692318
1429.384250 695.414250
1548.925414 700.584868
1675.301852 705.937034
1808.670203 711.578902
1095.807578 780.913419
1200.950715 787.880028
1311.696655 795.262708
1428.594853 803.117191
1551.704885 811.407252
1682.177305 820.124225
1820.250727 829.408571
1151.743410 378.009973
1257.092063 375.655269
1366.061696 373.346278
1479.068946 370.945949
1596.112911 368.493036
1717.640159 365.874774
1843.746478 363.204587
1151.308380 479.574412
1256.494964 479.105437
1365.460214 478.561955
1478.315843 478.074256
1595.181338 477.509322
1716.577752 476.967306
1842.614142 476.510584
1150.836524 581.103271
1255.897185 582.351127
1364.806672 583.654444
1477.484556 584.982511
1594.311421 586.463967
1715.544320 587.810369
1841.561906 589.444569
1150.407611 682.334710
1255.421732 685.295871
1364.107543 688.465749
1476.699276 691.706574
1593.417795 695.039549
1714.460062 698.515772
1840.072030 702.088933
1150.032749 783.406091
1254.890482 788.120071
1363.432703 793.067875
1475.921852 798.166371
1592.489540 803.518417
1713.475526 808.991711
1838.873382 814.752095
1149.602382 884.286893
1254.336763 890.788903
1362.826849 897.513419
1475.093369 904.505493
1591.487430 911.782721
1712.353235 919.269866
1837.613869 927.074837
1149.194311 984.879247
1253.766473 993.096801
1362.109508 1001.635721
1474.360522 1010.561937
1590.485639 1019.503895
1711.173049 1029.082825
1836.644092 1039.414622
1079.519012 257.537116
1185.954977 250.364837
1298.030168 242.991673
1416.522448 235.100293
1541.519950 226.848777
1673.766463 218.023240
1814.033465 208.650871
1089.485603 358.510698
1193.052412 354.284867
1301.843641 349.782592
1416.595582 345.011154
1537.470592 339.926072
1665.253499 334.633063
1800.403307 329.039963
1099.033283 453.957172
1199.758058 452.094503
1305.541071 450.131333
1416.705995 448.048917
1533.837477 445.983998
1657.330088 443.655874
1787.782633 441.298102
1107.970144 543.923233
1206.063113 544.252096
1308.865237 544.687103
1416.905167 545.142569
1530.464926 545.487784
1649.910289 545.924064
1775.873937 546.361078
1116.544073 629.033694
1212.089422 631.375849
1312.163289 633.817823
1417.056477 636.337671
1527.275632 639.058284
1643.019213 641.879183
1764.815176 644.829530
1124.546448 709.763348
1217.735538 713.898527
1315.137623 718.125047
1417.150755 722.563881
1524.109933 727.303977
1636.465976 732.193559
1754.377343 737.376506
1132.222599 786.339035
1223.045673 791.937440
1317.959521 797.812193
1417.304553 804.051829
1521.232389 810.555273
1630.249014 817.292146
1744.636155 824.480607
1140.911063 88.209959
1249.541998 80.496833
1362.104017 72.623216
1479.117813 64.466740
1600.074064 55.942098
1726.111893 47.158509
1857.160881 37.241536
1141.628077 195.385806
1249.317706 189.779674
1360.897754 183.860795
1476.686257 177.819474
1596.647293 171.494969
1721.319330 164.975387
1850.602744 158.157098
1142.269886 300.958204
1249.069334 297.137254
1359.762320 293.239865
1474.399427 289.149945
1593.233715 285.067025
1716.648149 280.619049
1844.977620 276.190384
1142.933210 404.581630
1248.831015 402.610314
1358.490751 400.663453
1472.115134 398.637434
1589.861299 396.469595
1712.099105 394.263071
1838.897564 391.933268
1143.694778 506.489007
1248.676584 506.342734
1357.359336 506.192139
1469.914359 506.029053
1586.598832 505.956199
1707.675221 505.767917
1833.230561 505.601322
1144.317544 606.770516
1248.382530 608.368405
1356.172658 609.953877
1467.675705 611.675253
1583.256475 613.522309
1703.232379 615.318364
1827.632665 617.248392
1144.977105 705.328137
1248.159649 708.505168
1354.968224 711.854602
1465.597171 715.420766
1580.082771 719.079863
1698.817228 722.755552
1822.057011 726.752881
