504.964943 401.725529
584.584671 397.662995
669.439042 393.515835
760.264378 389.031403
857.394816 384.275699
961.819833 379.094952
1074.188515 373.508630
527.126738 496.785108
605.793381 495.922808
689.440329 495.033526
778.815620 494.086004
874.318055 492.905696
976.820740 491.788677
1086.913235 490.624182
548.492887 588.120526
626.097263 589.999606
708.636363 592.080157
796.570510 594.244472
890.551757 596.643425
991.111312 599.072090
1098.999704 601.820451
568.942960 675.660120
645.595726 680.176648
726.957839 685.041313
813.595027 690.272889
906.022591 695.675517
1004.775878 701.502197
1110.474663 707.760928
588.655887 759.842749
664.363878 766.795559
744.670659 774.171236
829.983632 781.963740
920.852596 790.306296
1017.827238 799.174147
1121.461064 808.702106
607.577688 840.908395
682.331322 850.063649
761.539610 859.757108
845.563924 869.966206
935.012999 880.889900
1030.284821 892.556717
1131.938369 905.036218
625.821088 918.869210
699.647783 929.990851
777.707051 941.785979
860.609852 954.316784
948.577101 967.613547
1042.179341 981.771546
1141.988911 996.966001
631.949477 159.720052
706.451771 149.456057
785.315694 138.698429
869.040590 127.328427
957.949663 115.143683
1052.817425 102.190966
1153.838893 88.428208
614.074363 239.264741
689.398125 231.242929
769.194621 222.721549
853.994581 213.701469
944.360069 204.016459
1040.667476 193.826918
1143.440227 182.916103
595.515423 321.863322
671.740567 316.057184
752.533446 309.995379
838.502627 303.518770
930.123370 296.657885
1027.926739 289.256985
1132.578192 281.500081
576.358165 407.353912
653.400352 404.020038
735.220908 400.644632
822.318919 396.990039
915.301275 393.047752
1014.730194 388.928825
1121.193474 384.412587
556.536558 496.144924
634.412076 495.497658
717.146466 494.994748
805.587656 494.255512
899.849503 493.581531
1000.935585 492.792894
1109.212858 492.121688
535.866955 588.285489
614.492699 590.538704
698.483881 593.089204
787.958351 595.657292
883.744667 598.573516
986.434380 601.538077
1096.712774 604.789231
514.401331 683.956366
594.039801 689.347965
679.026213 695.135721
769.795641 701.422869
866.897596 708.062920
971.379982 715.169627
1083.617471 722.862899
916.564104 307.055585
1026.976500 314.618696
1130.193797 321.681798
1227.049438 328.419276
1318.044210 334.766502
1403.799887 340.581312
1484.601716 346.232809
907.014059 427.123617
1015.896449 430.626827
1117.797210 434.028831
1213.485184 437.153253
1303.440543 440.139326
1388.299552 442.919453
1468.318523 445.556802
897.918314 543.047104
1005.135604 542.853151
1105.755513 542.625285
1200.267883 542.505106
1289.278286 542.390612
1373.274157 542.108879
1452.571560 542.062131
888.983606 655.082994
994.816007 651.300574
1094.030945 647.794922
1187.475021 644.545589
1275.499983 641.484318
1358.609597 638.506170
1437.237514 635.822712
880.443536 763.268719
984.757764 756.240790
1082.736385 749.662172
1174.964569 743.554208
1262.172819 737.661408
1344.392552 732.200254
1422.292134 726.918070
872.227318 868.033974
975.085680 857.948067
1071.754430 848.481517
1163.017719 839.578305
1249.192410 831.078768
1330.683254 823.125954
1407.871278 815.621768
864.216395 969.344915
965.538824 956.358092
1061.165884 944.105008
1151.344254 932.709609
1236.624391 921.785483
1317.270936 911.463485
1393.773956 901.816594
857.718978 86.671514
956.837580 99.962418
1050.255240 112.361874
1138.631354 124.254990
1222.209613 135.498492
1301.536844 146.093408
1376.802351 156.179578
868.191707 180.465821
969.134719 191.187730
1064.272933 201.312327
1154.001098 210.875864
1238.829326 219.983631
1319.092784 228.567499
1395.215757 236.618521
879.136913 278.510906
981.932635 286.491835
1078.707361 294.006169
1169.932259 301.183166
1255.974489 307.949639
1337.325912 314.187558
1414.480586 320.272646
890.633739 381.126454
995.439009 386.045693
1093.857571 390.728338
1186.458935 395.128327
1273.770037 399.367565
1356.284180 403.307059
1434.395409 407.083401
902.672556 488.521181
1009.405604 490.112424
1109.492685 491.756855
1203.623181 493.325807
1292.381436 494.647875
1376.022220 496.043364
1455.065908 497.294517
915.390439 601.124057
1024.081859 599.163186
1126.055869 597.430132
1221.698774 595.754878
1311.738427 594.138268
1396.634450 592.615440
1476.716883 591.249240
928.582942 719.291083
1039.365821 713.430509
1143.303520 707.826647
1240.587826 702.786642
1331.989063 697.872410
1417.985581 693.289963
1499.094191 689.052125
686.231432 68.422740
794.679709 71.779249
901.692880 75.028294
1007.419395 78.375198
1111.828614 81.576808
1215.044037 84.785271
1316.967814 88.001682
683.458092 167.168124
793.574267 169.958104
902.259730 172.646315
1009.696900 175.391270
1115.700384 178.052966
1220.401464 180.753611
1323.730649 183.394405
680.591450 269.145071
792.426531 271.267311
902.824695 273.384591
1011.959260 275.497508
1119.611167 277.589646
1225.831871 279.615723
1330.744299 281.730000
677.633651 374.356930
791.326612 375.770976
903.492842 377.255328
1014.255824 378.701174
1123.573205 380.164417
1231.430180 381.636352
1337.928524 383.061979
674.638604 483.050317
790.169881 483.732456
904.061568 484.556832
1016.627399 485.298635
1127.705951 486.039784
1237.227422 486.835895
1345.270310 487.607043
671.557831 595.320800
788.863330 595.327628
904.815084 595.381700
1019.114377 595.392744
1131.928607 595.441208
1243.264024 595.473597
1353.023212 595.558644
668.317244 711.436702
787.609974 710.590241
905.497113 709.796630
1021.737265 709.099072
1136.338247 708.369072
1249.345491 707.650712
1360.875520 706.987897
588.060569 378.085861
698.226830 376.686956
810.657065 375.347949
925.757998 373.915030
1043.347332 372.491506
1163.551185 371.027152
1286.330746 369.475130
597.094098 488.672029
705.444161 488.498213
816.012644 488.394515
929.017266 488.215655
1044.427878 487.926745
1162.433113 487.751655
1282.875228 487.573477
605.943749 595.532125
712.468812 596.414009
821.142316 597.320238
932.157835 598.274280
1045.580985 599.200778
1161.403037 600.153169
1279.635558 601.217502
614.438241 698.616714
719.278333 700.506039
826.066735 702.501119
935.202434 704.543696
1046.625415 706.524505
1160.338705 708.592174
1276.432941 710.739667
622.724195 798.280518
725.845092 801.128112
830.942546 804.075263
938.164973 807.030516
1047.644126 810.082963
1159.357611 813.243344
1273.315632 816.434573
630.703727 894.778948
732.171182 898.508664
835.566692 902.299162
941.021693 906.165332
1048.616808 910.151577
1158.451533 914.264208
1270.415811 918.465937
638.479345 988.067455
738.305337 992.596781
840.065034 997.162957
943.844559 1001.972377
1049.573898 1006.814995
1157.501768 1011.757702
1267.579260 1016.933074
295.660333 375.423480
427.608537 380.761594
550.920407 385.663573
666.539854 390.395647
775.164954 394.858798
877.406989 398.893934
973.853116 402.786977
297.639513 492.224920
426.327039 493.597841
546.730623 494.971984
659.783660 496.177023
766.136199 497.356171
866.439357 498.361099
961.070683 499.407529
299.746997 603.185572
425.086956 601.049819
542.720416 598.974078
653.362933 597.099592
757.566490 595.325206
855.937207 593.528268
948.880719 591.932321
301.572833 708.795618
424.032986 703.380866
538.878370 698.277804
647.166641 693.561923
749.320943 689.087235
845.807841 684.749833
937.149513 680.779750
303.443962 809.246657
422.881440 801.028677
535.309836 793.160578
641.217877 785.837781
741.486753 778.833316
836.117292 772.320594
925.845680 766.017682
305.179254 905.297944
421.932839 894.380648
531.807197 884.027634
635.698288 874.284122
733.895500 864.970048
826.920597 856.228593
915.136961 847.967903
306.872425 996.915382
420.822765 983.574255
528.536496 970.855517
630.286757 958.940556
726.671830 947.610805
817.959978 936.848971
904.751253 926.719908
305.789629 154.765855
427.326363 166.785642
541.471155 177.942897
649.053803 188.637219
750.584603 198.713832
846.590056 208.162120
937.467518 217.145658
305.026548 264.613487
427.486371 273.277078
542.447082 281.427973
650.704290 289.101434
752.843025 296.383193
849.354609 303.218895
940.678061 309.701172
304.327247 376.064724
427.569327 381.337350
543.344543 386.272022
652.364023 391.006487
755.101809 395.392174
852.151562 399.462312
943.997547 403.400628
303.506629 489.312285
427.772550 490.983695
544.309724 492.597452
653.999689 494.153454
757.375074 495.659982
854.968126 496.959333
947.310775 498.300041
302.774710 604.111242
427.893569 602.188738
545.214942 600.443160
655.602824 598.829101
759.673514 597.213477
857.813946 595.792744
950.605903 594.347963
302.071108 720.763740
428.049892 715.153466
546.226857 709.878015
657.403095 704.950840
762.025092 700.224839
860.774747 695.834312
954.067805 691.666162
301.354382 839.154796
428.193327 829.759571
547.320418 820.744275
659.122008 812.482355
764.486014 804.568403
863.669853 797.154709
957.464324 790.195523
312.282293 93.785957
426.948645 106.883211
535.000136 119.080579
637.210801 130.826891
733.924786 141.899565
825.691286 152.332411
912.756257 162.271302
310.805743 187.396903
427.896992 197.921486
538.226441 207.865969
642.343024 217.262976
740.824015 226.185426
834.081461 234.620702
922.494944 242.603935
309.198454 285.170097
428.832244 293.013904
541.428547 300.369878
647.728611 307.352024
747.968722 313.948107
842.818239 320.079092
932.724998 326.019903
307.436531 387.546490
429.926608 392.333498
544.909364 396.846179
653.222226 401.109393
755.373935 405.224523
851.908383 409.027547
943.345214 412.667427
305.678109 494.714722
430.932847 496.214309
548.371866 497.694288
658.926049 499.081904
763.096369 500.335966
861.357550 501.586622
954.234561 502.710371
303.935625 607.060753
432.013664 604.972175
552.216666 603.103325
665.019022 601.315010
771.163137 599.539998
871.308085 597.947060
965.758872 596.421736
301.995474 724.944056
433.151133 718.946309
556.165304 713.195937
671.362677 708.022541
779.603985 703.041588
881.462943 698.365632
977.591750 693.980368
90.873102 24.008165
229.229549 33.786622
360.716272 41.575077
489.304524 50.240128
613.326397 58.116160
733.592758 65.810920
849.886264 73.119590
97.556618 153.152518
233.071201 159.669555
364.044303 166.056823
490.846492 172.174848
613.702398 178.090186
732.770455 183.832607
848.136649 189.468804
103.585382 279.163268
237.416362 283.568345
367.028429 287.845508
492.638251 292.013814
614.297180 296.043319
732.209676 299.853795
846.515309 303.655602
109.144471 402.651688
241.795920 404.973998
370.008268 407.264950
494.319602 409.501341
614.816728 411.689285
731.583692 413.724460
844.910554 415.803681
114.803788 523.570905
245.956007 524.010866
372.964986 524.429989
495.965587 524.835072
615.360530 525.156543
731.012285 525.581402
843.258385 525.892402
120.388616 642.255190
250.113017 640.778248
375.842314 639.389743
497.681415 638.024232
615.884961 636.596747
730.534948 635.287059
841.750895 634.038311
125.882849 758.534298
254.204770 755.216959
378.714326 751.980353
499.343517 748.997658
616.421204 745.916635
729.980339 742.988463
840.191629 740.264367
135.910135 207.844091
284.031779 216.781824
424.148707 225.216362
557.186103 233.286372
683.423736 240.998399
803.397915 248.165886
917.646567 255.045927
150.837149 337.049853
293.295625 342.289618
428.298537 347.366584
556.498785 352.023507
678.458126 356.495837
794.645837 360.696602
905.354304 364.754838
165.003611 457.040927
301.891985 459.062745
432.050532 460.926314
555.887381 462.734349
673.893733 464.460325
786.473409 466.008373
893.883166 467.510629
177.992898 568.662795
310.013839 567.820712
435.486709 567.008266
555.314067 566.287775
669.607313 565.570145
778.726917 564.755382
883.108958 564.152794
190.172921 672.583211
317.512976 669.409595
438.920140 666.201535
554.674515 663.267182
665.600698 660.377056
771.429241 657.695626
872.901680 655.049996
201.643046 769.937533
324.626757 764.557318
441.941696 759.374925
554.259521 754.444137
661.731387 749.618605
764.719382 745.131425
863.394388 740.832778
212.429847 861.076331
331.169099 853.793288
444.915223 846.793549
553.781071 840.209700
658.189642 833.762201
758.226433 827.595048
854.340875 821.785611
116.626235 278.223835
241.141764 280.456232
363.679375 282.613403
484.651005 284.908787
603.956731 287.061997
721.703880 289.180022
837.753847 291.316390
110.170479 394.897328
235.773914 396.287959
359.409017 397.729387
481.375628 399.205870
601.733253 400.579916
720.375524 401.954995
837.294194 403.319847
103.727138 513.553952
230.273941 514.130422
355.016988 514.768797
478.129857 515.398421
599.411099 515.954663
718.959875 516.451216
836.858542 517.076995
97.060708 634.229829
224.919338 633.900058
350.707776 633.630788
474.741679 633.404769
597.009435 633.129443
717.545048 632.853255
836.425672 632.671191
90.354514 756.852929
219.270220 755.635602
346.150658 754.561132
471.264797 753.420501
594.572551 752.238800
716.128020 751.175440
835.861461 750.143340
83.645345 881.715223
213.603931 879.511049
341.618397 877.527323
467.763718 875.512507
592.162728 873.439435
714.747941 871.454808
835.498931 869.511309
76.520812 1008.697114
207.791825 1005.469763
337.063238 1002.423341
464.305953 999.643553
589.679208 996.627901
713.298003 993.700830
835.034864 990.856086
242.092638 168.821107
363.609626 177.482416
479.581473 185.598672
590.516172 193.580662
696.724087 201.116503
798.609338 208.342685
896.286929 215.261285
232.471747 262.355012
357.910822 268.998099
477.615383 275.380769
591.897497 281.491845
701.240165 287.375113
805.837693 292.934978
906.014640 298.249136
222.101769 361.984782
351.832668 366.490104
475.393820 370.769160
593.404881 374.891642
705.923172 378.804800
813.480573 382.458944
916.435104 386.094117
210.998327 468.578018
345.489256 470.496291
473.239707 472.367008
594.870042 474.107153
710.850786 475.900190
821.574886 477.495315
927.428199 479.106183
199.185332 582.687955
338.481530 581.646371
470.635180 580.848399
596.448771 580.019942
716.153297 579.176060
830.184844 578.469858
938.971615 577.779477
186.581648 705.115202
331.005816 700.787913
468.197932 696.858008
598.184140 693.038646
721.834379 689.372602
839.397117 685.985807
951.441044 682.713025
172.858597 836.868068
323.079228 828.820510
465.462669 821.111438
600.080669 813.924904
727.844795 807.021122
849.143869 800.560653
964.540904 794.421699
997.039282 411.994720
1090.011227 408.360890
1188.892255 404.724208
1294.589535 400.677474
1407.416950 396.483793
1528.349741 391.849835
1658.232938 386.869362
1008.722792 504.470562
1100.165203 503.886175
1197.228775 503.290931
1300.801798 502.596968
1411.223559 501.814694
1529.457429 501.035966
1656.206423 500.239411
1019.982291 593.519922
1109.867171 595.504941
1205.276528 597.671579
1306.724456 599.982164
1414.991328 602.523933
1530.556128 605.096900
1654.376849 608.008919
1030.793930 678.894138
1119.188728 683.364167
1212.901226 688.221824
1312.519894 693.355811
1418.566128 698.715193
1531.612303 704.582406
1652.493018 710.769620
1041.264895 761.090472
1128.234202 767.893917
1220.328275 775.128904
1318.062917 782.716675
1421.967375 790.909638
1532.652689 799.609687
1650.756708 808.918249
1051.263700 840.252614
1136.818216 849.183540
1227.354996 858.608745
1323.288974 868.571263
1425.180129 879.251539
1533.552463 890.584457
1649.021505 902.668849
1060.955879 916.482159
1145.132443 927.245935
1234.107724 938.728169
1328.392031 950.941094
1428.231163 963.896793
1534.364474 977.572065
1647.387778 992.248917
1039.375389 235.736997
1127.806387 227.369980
1221.516306 218.618933
1321.203374 209.319440
1427.152175 199.401808
1540.259829 188.861070
1661.118170 177.550353
1035.583399 325.168687
1124.405510 319.510563
1218.552818 313.444521
1318.705606 307.077259
1425.293516 300.199454
1539.054125 292.967445
1660.639858 285.269682
1031.763700 415.798453
1120.970444 412.681121
1215.606024 409.470884
1316.233546 406.021230
1423.462699 402.437537
1537.817663 398.465204
1660.266011 394.433745
1027.891345 507.268138
1117.511203 506.873168
1212.598364 506.605429
1313.731058 506.289539
1421.530142 505.863444
1536.612163 505.512657
1659.834208 505.049531
1024.058428 599.834391
1114.070201 602.234973
1209.549349 604.913974
1311.256183 607.639317
1419.587126 610.643310
1535.411767 613.779431
1659.403016 617.259565
1020.099391 693.477686
1110.422904 698.778275
1206.482874 704.442135
1308.583624 710.353087
1417.615429 716.826323
1534.160903 723.694597
1658.949279 731.090294
1016.126972 788.155904
1106.874386 796.260792
1203.371424 805.008370
1306.112025 814.364266
1415.654794 824.305594
1532.933894 834.977237
1658.521854 846.470026
1069.242874 182.710230
1154.312053 173.380071
1244.210878 163.620173
1339.554899 153.305577
1440.563308 142.329918
1548.085747 130.673346
1662.521258 118.259497
1059.326057 260.874558
1145.584584 253.732891
1236.891347 246.076691
1333.761715 238.063428
1436.658523 229.434670
1546.127576 220.375984
1662.802159 210.753202
1049.010648 341.931366
1136.556182 336.918464
1229.315699 331.689259
1327.796964 326.079723
1432.541475 320.181621
1544.058363 313.764923
1663.244613 307.147367
1038.372612 425.807450
1127.229078 423.125342
1221.475623 420.468120
1321.588475 417.545967
1428.213464 414.426938
1541.966091 411.224701
1663.607006 407.647164
1027.392171 512.794820
1117.584682 512.703290
1213.214701 512.758547
1315.197110 512.657809
1423.747118 512.682627
1539.856686 512.642251
1664.046207 512.731756
1015.954575 602.963127
1107.376127 605.685010
1204.787759 608.673746
1308.360653 611.711053
1419.066108 615.135755
1537.510002 618.665149
1664.420216 622.527628
1004.087282 696.540234
1097.011312 702.221507
1195.912596 708.329375
1301.465707 714.876842
1414.171333 721.835339
1535.134482 729.324274
1664.898121 737.385189
1148.459586 257.615347
1239.311071 252.063979
1334.116488 246.305644
1433.386162 240.360305
1537.138692 234.099100
1646.142381 227.529934
1760.414622 220.636921
1140.764047 334.007457
1233.693732 330.097145
1330.846192 325.956588
1432.672406 321.720347
1539.320287 317.199557
1651.267052 312.548122
1768.888208 307.634296
1132.615240 414.364324
1227.824607 412.127330
1327.450938 409.886127
1431.962750 407.511613
1541.549130 405.073820
1656.716912 402.385464
1778.023484 399.762542
1124.149450 498.857881
1221.659308 498.532564
1323.873390 498.367755
1431.159096 498.086720
1543.836043 497.860007
1662.514194 497.681307
1787.559198 497.366926
1115.213518 587.870260
1215.190765 589.674564
1319.949762 591.822029
1430.370846 593.894003
1546.300421 596.201249
1668.797169 598.555331
1797.751792 601.147223
1105.786143 681.742894
1208.161866 686.041152
1315.989142 690.663386
1429.348649 695.392154
1548.895577 700.575166
1675.281999 705.935544
1808.672660 711.589841
1095.756397 780.898573
1200.897032 787.864069
1311.642308 795.249670
1428.544287 803.114347
1551.661439 811.423949
1682.147548 820.150831
1820.261095 829.458234
1151.710676 377.918662
1257.067338 375.563918
1366.048065 373.249953
1479.070834 370.847701
1596.119761 368.398746
1717.664098 365.780971
1843.806622 363.126875
1151.271458 479.504636
1256.463345 479.035721
1365.436997 478.490478
1478.307326 478.004071
1595.175859 477.444718
1716.588797 476.905641
1842.657078 476.463383
1150.794518 581.054005
1255.858768 582.302541
1364.774254 583.606504
1477.464812 584.939321
1594.295344 586.428225
1715.543173 587.779740
1841.587981 589.427746
1150.359937 682.303002
1255.376235 685.266433
1364.066671 688.438646
1476.667797 691.687878
1593.390537 695.030789
1714.448277 698.514398
1840.083140 702.103261
1149.978575 783.389049
1254.835635 788.104198
1363.381580 793.056878
1475.874588 798.170301
1592.449286 803.534201
1713.453914 809.015568
1838.888029 814.799432
1149.543081 884.280074
1254.271862 890.783112
1362.758712 897.514181
1475.020196 904.542581
1591.424316 911.844308
1712.314957 919.353847
1837.651933 927.203725
1149.139379 984.881856
1253.700304 993.103198
1362.027168 1001.679019
1474.278295 1010.647987
1590.406786 1019.603343
1711.128587 1029.215129
1836.708533 1039.626695
1079.479965 257.418525
1185.929439 250.237285
1298.020301 242.860314
1416.532717 234.961409
1541.548844 226.704090
1673.821947 217.870821
1814.131451 208.525028
1089.449813 358.417559
1193.023256 354.188808
1301.822596 349.684633
1416.592514 344.907044
1537.478342 339.820598
1665.275338 334.527495
1800.455865 328.945786
1098.996846 453.882902
1199.724868 452.018557
1305.513994 450.054565
1416.693835 447.970437
1533.833153 445.908892
1657.335739 443.582984
1787.816181 441.234613
1107.928957 543.867780
1206.024571 544.196431
1308.830772 544.629827
1416.882888 545.086921
1530.449281 545.439326
1649.904087 545.879157
1775.891710 546.324210
1116.498939 628.993492
1212.044947 631.335576
1312.122945 633.778737
1417.026346 636.302320
1527.251109 639.032743
1643.002052 641.858729
1764.818715 644.817248
1124.497279 709.737353
1217.686870 713.872754
1315.091323 718.101250
1417.112542 722.545937
1524.076623 727.298576
1636.438231 732.196290
1754.368307 737.387135
1132.169885 786.323058
1222.990771 791.921541
1317.904849 797.798619
1417.254606 804.047457
1521.185663 810.567336
1630.213104 817.312583
1744.620568 824.507136
1140.889110 88.030821
1249.532585 80.317697
1362.112572 72.444104
1479.153531 64.281475
1600.113899 55.764926
1726.172242 46.976866
1857.225397 37.125648
1141.602693 195.242280
1249.306594 189.632012
1360.903252 183.707936
1476.708903 177.656309
1596.690848 171.326925
1721.392323 164.808679
1850.716753 158.031287
1142.238354 300.849057
1249.048434 297.025570
1359.756283 293.122484
1474.412144 289.027842
1593.257584 284.944829
1716.692725 280.496761
1845.060705 276.090521
1142.900612 404.496581
1248.803235 402.524116
1358.473256 400.573782
1472.113510 398.546645
1589.863964 396.381442
1712.118362 394.177272
1838.951792 391.861287
1143.655851 506.425601
1248.642779 506.278342
1357.333025 506.127181
1469.900938 505.965966
1586.588426 505.899125
1707.682148 505.713160
1833.267829 505.559666
1144.273974 606.725492
1248.341250 608.324771
1356.137657 609.910719
1467.651783 611.636926
1583.235252 613.493263
1703.226871 615.293210
1827.652043 617.237133
1144.928003 705.300723
1248.110749 708.478667
1354.924526 711.831607
1465.562006 715.405790
1580.052614 719.076412
1698.799594 722.758633
1822.061749 726.770643
