504.918388 401.791038
584.530984 397.722081
669.375630 393.576980
760.189059 389.088124
857.305544 384.323645
961.739813 379.131923
1074.135706 373.539242
527.073991 496.841555
605.732558 495.977658
689.370896 495.088469
778.736101 494.136680
874.226870 492.952801
976.743516 491.826453
1086.855940 490.661023
548.434499 588.172877
626.030304 590.050975
708.562490 592.130279
796.485059 594.293334
890.461344 596.693297
991.035788 599.115196
1098.936346 601.867994
568.878928 675.707646
645.522424 680.225572
726.878074 685.090147
813.505261 690.323094
905.934473 695.729559
1004.702341 701.553644
1110.406789 707.821540
588.586501 759.889288
664.286010 766.844158
744.584837 774.218338
829.888009 782.017566
920.763140 790.367115
1017.748325 799.243040
1121.374583 808.789554
607.497732 840.939774
682.239847 850.098801
761.439503 859.798301
845.448516 870.023189
934.900183 880.974381
1030.174725 892.673511
1131.823984 905.176410
625.722901 918.890984
699.530863 930.020735
777.581669 941.840067
860.468309 954.395251
948.446839 967.740382
1042.049370 981.935772
1141.854262 997.153387
631.874528 159.836135
706.370852 149.561311
785.217026 138.790067
868.925879 127.407000
957.833944 115.204821
1052.717900 102.242997
1153.761256 88.472228
613.995260 239.370374
689.310628 231.343113
769.099144 222.810980
853.885127 213.770815
944.252554 204.072940
1040.591740 193.876184
1143.379248 182.961587
595.458069 321.937130
671.672616 316.130096
752.454199 310.064735
838.410099 303.573869
930.028236 296.700480
1027.860453 289.291697
1132.525792 281.536310
576.305190 407.411445
653.339168 404.079758
735.148831 400.702557
822.235654 397.040204
915.213422 393.090002
1014.663345 388.962307
1121.145672 384.442276
556.479645 496.198806
634.347642 495.554888
717.076082 495.046710
805.504180 494.304609
899.759230 493.627555
1000.863496 492.830234
1109.158540 492.158372
535.806369 588.337027
614.426189 590.589335
698.411335 593.138450
787.874099 595.705919
883.653505 598.623756
986.359105 601.582116
1096.650200 604.836765
514.337125 684.012101
593.970747 689.396276
678.951396 695.185268
769.710045 701.471761
866.805636 708.115997
971.301439 715.222061
1083.547983 722.925325
916.472609 307.099391
1026.911653 314.652542
1130.146147 321.712561
1227.003902 328.453883
1317.994928 334.805378
1403.743921 340.622177
1484.547583 346.281292
906.926019 427.166496
1015.829245 430.661377
1117.747297 434.060818
1213.438290 437.187118
1303.392317 440.176427
1388.244502 442.957570
1468.256044 445.599664
897.828893 543.094260
1005.063134 542.893267
1105.697190 542.666377
1200.215519 542.545314
1289.225399 542.431336
1373.216143 542.149721
1452.504550 542.102854
888.893973 655.134282
994.742004 651.347943
1093.965757 647.847281
1187.416423 644.596626
1275.443797 641.532107
1358.549509 638.551007
1437.169920 635.864911
880.349924 763.326587
984.681548 756.299470
1082.664944 749.728919
1174.898435 743.620152
1262.111327 737.718892
1344.330480 732.252641
1422.225303 726.963404
872.111594 868.094265
974.988271 858.028141
1071.655909 848.579768
1162.922083 839.680676
1249.108616 831.164808
1330.602631 823.204154
1407.789598 815.687774
864.070001 969.424965
965.410260 956.488009
1061.041337 944.256845
1151.223513 932.862578
1236.524385 921.929311
1317.184781 911.589677
1393.695024 901.927747
857.588786 86.762337
956.714913 100.028270
1050.153611 112.412692
1138.549173 124.298488
1222.131400 135.542342
1301.457717 146.141581
1376.728427 156.232539
868.077892 180.536627
969.033964 191.241759
1064.205911 201.361464
1153.944286 210.921990
1238.770085 220.031799
1319.029767 228.614814
1395.148564 236.666203
879.035157 278.563153
981.851134 286.529134
1078.654050 294.039741
1169.884260 301.216175
1255.926469 307.985690
1337.274168 314.226676
1414.422511 320.312623
890.545605 381.171559
995.367835 386.079317
1093.807850 390.759391
1186.413810 395.159277
1273.724481 399.402964
1356.234031 403.344941
1434.334698 407.122458
902.584561 488.566367
1009.335470 490.149273
1109.437438 491.793823
1203.572633 493.362016
1292.330444 494.688495
1375.967582 496.082793
1455.000373 497.333510
915.303592 601.172766
1024.011428 599.206742
1125.994335 597.476774
1221.643171 595.799076
1311.683197 594.182280
1396.573787 592.655018
1476.645117 591.288840
928.498280 719.346028
1039.294160 713.487662
1143.237634 707.887286
1240.527405 702.840904
1331.928942 697.923448
1417.920449 693.334137
1499.015450 689.090034
686.141909 68.552881
794.556895 71.885423
901.559288 75.115696
1007.305414 78.437696
1111.750645 81.624746
1214.971219 84.828764
1316.897148 88.050018
683.374926 167.275502
793.472839 170.045139
902.146753 172.711561
1009.606433 175.443107
1115.635756 178.099958
1220.337031 180.800677
1323.662728 183.444709
680.513855 269.234291
792.332591 271.339440
902.723962 273.433387
1011.885617 275.533275
1119.557675 277.625106
1225.779368 279.653765
1330.687170 281.772490
677.569321 374.418498
791.246709 375.825714
903.404242 377.298230
1014.189762 378.734614
1123.527328 380.194625
1231.386104 381.668252
1337.879035 383.099065
674.570172 483.106060
790.088355 483.783062
903.973698 484.602010
1016.559409 485.334824
1127.653387 486.076053
1237.178556 486.872920
1345.216918 487.645981
671.486483 595.371031
788.778715 595.376904
904.726470 595.430446
1019.044821 595.437690
1131.868753 595.487464
1243.208724 595.517170
1352.965509 595.601774
668.241996 711.486397
787.523411 710.639255
905.410141 709.850069
1021.665144 709.153579
1136.271371 708.429770
1249.285675 707.705873
1360.814424 707.036829
588.005951 378.147625
698.160336 376.747644
810.574111 375.400744
925.673881 373.955627
1043.288957 372.524271
1163.506475 371.056844
1286.285590 369.510930
597.034326 488.726731
705.373073 488.551806
815.928361 488.442898
928.931675 488.257222
1044.363280 487.963517
1162.381037 487.787925
1282.825279 487.611516
605.877396 595.582332
712.393969 596.463831
821.054367 597.369333
932.072857 598.320608
1045.512575 599.246264
1161.344552 600.199184
1279.580051 601.261273
614.367203 698.665050
719.198810 700.555314
825.976174 702.553008
935.118702 704.596217
1046.553972 706.580017
1160.272939 708.651974
1276.372637 710.793628
622.645535 798.321181
725.758681 801.171150
830.844197 804.128038
938.075186 807.092043
1047.560105 810.159711
1159.271626 813.331457
1273.235897 816.513667
630.607985 894.803962
732.064705 898.545445
835.442787 902.361999
940.902068 906.260314
1048.497662 910.282371
1158.337949 914.408628
1270.321842 918.602688
638.339097 988.083305
738.154963 992.626671
839.908177 997.237725
943.697138 1002.093992
1049.436516 1006.988367
1157.366403 1011.951220
1267.462839 1017.105283
295.630903 375.531507
427.559871 380.851630
550.869764 385.726151
666.477280 390.457277
775.085523 394.913805
877.317909 398.941856
973.777767 402.823256
297.611841 492.316512
426.275818 493.678390
546.675220 495.028533
659.718462 496.233137
766.058593 497.407315
866.347522 498.408333
960.990512 499.446900
299.720292 603.264226
425.036428 601.120669
542.659125 599.028921
653.293227 597.150690
757.486338 595.373162
855.844949 593.577910
948.797976 591.977387
301.545550 708.860900
423.983464 703.442007
538.812871 698.330661
647.093761 693.611630
749.238962 689.135052
845.715995 684.800335
937.064729 680.829747
303.417801 809.295034
422.834311 801.075686
535.242717 793.204422
641.140313 785.881643
741.401607 778.880473
836.022580 772.374404
925.758933 766.076921
305.163620 905.313642
421.892731 894.402054
531.737713 884.050610
635.607928 874.311511
733.796736 865.007741
826.811957 856.280409
915.031275 848.029598
306.856535 996.877009
420.775452 983.548937
528.454567 970.845098
630.163065 958.962034
726.544663 947.646877
817.828064 936.913627
904.618426 926.807290
305.740730 154.926365
427.258370 166.926452
541.388363 178.066941
648.974455 188.747870
750.491896 198.808268
846.479203 208.233409
937.362291 217.199694
304.990779 264.746326
427.427198 273.394586
542.379306 281.525105
650.632959 289.187144
752.761335 296.456990
849.258187 303.273734
940.589168 309.741769
304.296736 376.172570
427.521049 381.429647
543.295683 386.334003
652.302180 391.067675
755.027375 395.448403
852.062919 399.511515
943.913926 403.439924
303.476446 489.403625
427.721808 491.064777
544.255531 492.653249
653.933891 494.209347
757.298298 495.711375
854.878206 497.007361
947.228006 498.340828
302.746747 604.189211
427.841835 602.259441
545.154244 600.497346
655.532209 598.879917
759.593555 597.261791
857.721655 595.842263
950.523676 594.393549
302.045203 720.827856
427.999913 715.214787
546.160886 709.931376
657.326590 705.000641
761.941656 700.272980
860.681694 695.886677
953.986335 691.716130
301.332502 839.195483
428.146311 829.800637
547.250334 820.781991
659.040855 812.521407
764.396358 804.614071
863.570672 797.211566
957.380158 790.256851
312.225749 93.956136
426.870597 107.032086
534.906572 119.210302
637.124439 130.944198
733.836457 142.000867
825.582505 152.415375
912.644428 162.336622
310.760548 187.548887
427.831531 198.057392
538.145947 207.986811
642.262092 217.370171
740.732368 226.277715
833.973380 234.690946
922.390079 242.655267
309.163054 285.295886
428.776219 293.124563
541.367073 300.457669
647.662198 307.430990
747.891543 314.016512
842.727024 320.131945
932.638400 326.060323
307.406360 387.651919
429.876962 392.423966
544.859988 396.906432
653.159597 401.169709
755.298789 405.280252
851.820714 409.076201
943.261718 412.705244
305.649379 494.806292
430.881898 496.294719
548.317291 497.750325
658.859937 499.137361
763.018391 500.386354
861.266704 501.634036
954.153178 502.749714
303.907291 607.136794
431.961625 605.042349
552.155697 603.156230
664.947730 601.365358
771.081591 599.588612
871.216521 597.997481
965.680012 596.465116
301.969174 725.007210
433.099708 719.007012
556.097737 713.247966
671.286305 708.072483
779.518315 703.089043
881.371866 698.418743
977.514857 694.030191
91.044300 24.206662
229.227912 33.935663
360.654276 41.744906
489.235853 50.384614
613.241797 58.256391
733.496248 65.931221
849.752294 73.215457
97.597602 153.260563
233.047716 159.824156
363.985174 166.206908
490.768965 172.306107
613.619659 178.205718
732.681417 183.930545
848.025817 189.542687
103.621558 279.260978
237.400139 283.692271
366.981156 287.966437
492.576153 292.114073
614.230454 296.128240
732.130832 299.928011
846.420305 303.710974
109.171252 402.728580
241.779805 405.075615
369.963620 407.362466
494.270781 409.570977
614.759724 411.749435
731.510996 413.780759
844.823484 415.852568
114.826619 523.632899
245.938716 524.096100
372.921675 524.512637
495.910840 524.899225
615.297455 525.209923
730.937354 525.632876
843.169828 525.940626
120.404514 642.303278
250.096851 640.850060
375.800324 639.459534
497.621948 638.083014
615.817425 636.645783
730.457125 635.336250
841.660484 634.088158
125.895592 758.573846
254.187117 755.278065
378.673544 752.038851
499.281588 749.051664
616.349287 745.964394
729.897747 743.038244
840.099340 740.318116
135.931839 207.957944
283.995947 216.926934
424.085915 225.347797
557.109723 233.397159
683.342975 241.094603
803.301572 248.240680
917.544399 255.095639
150.851959 337.147678
293.267501 342.402191
428.247545 347.461837
556.445592 352.091169
678.393457 356.559748
794.563404 360.750890
905.267212 364.798007
165.008360 457.124573
301.863729 459.158839
432.000029 461.008248
555.833939 462.791892
673.828004 464.516245
786.393130 466.059778
893.792045 467.554943
177.990697 568.736097
309.984168 567.902054
435.434248 567.079667
555.253428 566.342617
669.536923 565.622085
778.644711 564.804163
883.017662 564.201755
190.167324 672.645011
317.482567 669.479568
438.867102 666.266668
554.610874 663.318339
665.526470 660.425138
771.345014 657.743046
872.809889 655.099944
201.634828 769.991259
324.595961 764.615888
441.890487 759.431852
554.191048 754.494312
661.655015 749.667450
764.634490 745.180004
863.301233 740.887041
212.429686 861.107681
331.140783 853.829553
444.866372 846.829272
553.710080 840.242611
658.103739 833.797284
758.131868 827.637347
854.237666 821.840081
116.658717 278.323302
241.123783 280.583706
363.631449 282.736490
484.588182 285.013110
603.887767 287.151290
721.624361 289.258359
837.657456 291.376040
110.199000 394.975856
235.760140 396.390106
359.366389 397.830217
481.327395 399.281860
601.677931 400.640207
720.304692 402.013410
837.207773 403.370631
103.755197 513.613371
230.260109 514.216004
354.977740 514.853386
478.078322 515.467791
599.351067 516.008857
718.887069 516.503343
836.769989 517.126277
97.086914 634.272717
224.906228 633.972179
350.670500 633.702373
474.684967 633.467752
596.943059 633.178150
717.467683 632.902132
836.335678 632.720857
90.383716 756.878782
219.259139 755.690767
346.115535 754.619152
471.207313 753.475009
594.500294 752.285905
716.045862 751.222967
835.768690 750.196832
83.721703 881.720695
213.612290 879.534801
341.589695 877.555446
467.711695 875.537474
592.078807 873.466228
714.647360 871.489966
835.383779 869.567722
76.705803 1008.550981
207.857493 1005.384726
337.042249 1002.386805
464.252746 999.599395
589.559359 996.615227
713.147890 993.723504
834.881059 990.926860
242.064472 168.975679
363.552677 177.629164
479.506030 185.728595
590.434910 193.696285
696.637983 201.219300
798.507284 208.426368
896.175527 215.320493
232.455100 262.485636
357.864248 269.124480
477.550100 275.489891
591.827672 281.584388
701.163968 287.456782
805.746586 293.000294
905.919714 298.295314
222.091782 362.090429
351.791643 366.595875
475.343721 370.848829
593.350997 374.953837
705.854787 378.865638
813.397634 382.513129
916.347629 386.136233
210.990832 468.668228
345.451282 470.588085
473.186475 472.440408
594.812455 474.162499
710.779696 475.955049
821.489453 477.543940
927.342747 479.147609
199.177636 582.761578
338.446524 581.724384
470.579406 580.915171
596.385108 580.070674
716.077873 579.225657
830.096886 578.518817
938.888193 577.824399
186.575548 705.172987
330.972716 700.853703
468.140529 696.918410
598.115069 693.088481
721.754749 689.421113
839.306354 686.036881
951.359465 682.763200
172.868933 836.902153
323.052256 828.863868
465.409090 821.153709
600.003539 813.963210
727.755023 807.063980
849.044362 800.616643
964.456669 794.485499
996.968107 412.028998
1089.961267 408.393219
1188.847246 404.756216
1294.542930 400.712911
1407.360793 396.522067
1528.290116 391.903621
1658.152603 386.934861
1008.651586 504.507067
1100.109104 503.923361
1197.177862 503.329745
1300.751559 502.636620
1411.164269 501.853711
1529.387416 501.083748
1656.115838 500.295475
1019.911596 593.563647
1109.805976 595.552086
1205.220600 597.715860
1306.669254 600.025832
1414.927871 602.565722
1530.475123 605.139130
1654.275009 608.058333
1030.722356 678.944459
1119.123026 683.421870
1212.841499 688.275749
1312.460758 693.407046
1418.499813 698.759847
1531.524603 704.622458
1652.381552 710.812565
1041.191711 761.154732
1128.158743 767.967914
1220.256677 775.198274
1317.991162 782.782462
1421.887478 790.966096
1532.549927 799.655475
1650.629980 808.960027
1051.171554 840.342406
1136.716691 849.288249
1227.265732 858.713156
1323.205655 868.670716
1425.094695 879.336368
1533.449379 890.652488
1648.897833 902.729968
1060.831361 916.619533
1145.012702 927.401702
1234.004501 938.880436
1328.297659 951.085756
1428.137081 964.020471
1534.259812 977.677382
1647.259442 992.337011
1039.309050 235.780201
1127.750340 227.413638
1221.457832 218.665068
1321.139181 209.368487
1427.099032 199.462587
1540.214527 188.938073
1661.058931 177.633987
1035.524542 325.201722
1124.358616 319.541627
1218.504491 313.478778
1318.653515 307.116878
1425.237119 300.246422
1539.000205 293.029106
1660.570577 285.340314
1031.699302 415.831462
1120.921211 412.712207
1215.560707 409.503798
1316.185637 406.058997
1423.405168 402.477822
1537.756642 398.519454
1660.185260 394.497682
1027.823209 507.305548
1117.456392 506.910615
1212.548093 506.642485
1313.679072 506.329356
1421.469487 505.902424
1536.540279 505.561070
1659.741360 505.104491
1023.988030 599.878603
1114.008704 602.282682
1209.492991 604.959473
1311.200121 607.684699
1419.523125 610.685096
1535.329763 613.822205
1659.297335 617.306507
1020.026285 693.527538
1110.355470 698.837772
1206.420454 704.499407
1308.522380 710.406057
1417.548943 716.871677
1534.070385 723.734425
1658.832514 731.132530
1016.050465 788.221785
1106.792635 796.343767
1203.292527 805.088840
1306.033944 814.441988
1415.571377 824.372575
1532.827332 835.029198
1658.392267 846.516326
1069.174926 182.757452
1154.247721 173.425152
1244.141459 163.667235
1339.480666 153.353689
1440.522359 142.403393
1548.051706 130.759629
1662.478531 118.350828
1059.264740 260.913085
1145.529631 253.772940
1236.832420 246.120462
1333.697191 238.110056
1436.601453 229.493202
1546.076136 220.445780
1662.737803 210.826476
1048.954897 341.963081
1136.511132 336.946644
1229.270170 331.722862
1327.748121 326.118590
1432.484746 320.226579
1544.003022 313.825303
1663.171300 307.217831
1038.309891 425.840145
1127.181210 423.155589
1221.429687 420.501712
1321.539896 417.583458
1428.155936 414.466874
1541.904020 411.278464
1663.522552 407.709498
1027.324031 512.832438
1117.529992 512.740645
1213.164201 512.795880
1315.144305 512.697563
1423.684894 512.722158
1539.783936 512.689113
1663.951583 512.785766
1015.883128 603.005925
1107.313776 605.733871
1204.731142 608.720573
1308.303725 611.756777
1419.000965 615.177281
1537.427385 618.707217
1664.314287 622.574590
1004.013193 696.590388
1096.942986 702.281219
1195.849521 708.387794
1301.404736 714.929989
1414.104371 721.882863
1535.044116 729.365535
1664.780967 737.426465
1148.405485 257.655741
1239.253762 252.107512
1334.054085 246.351179
1433.328208 240.414013
1537.086754 234.165559
1646.079407 227.598905
1760.332109 220.702759
1140.719578 334.035984
1233.649608 330.129965
1330.796423 325.995434
1432.615859 321.763664
1539.266398 317.259067
1651.195568 312.618194
1768.777610 307.715271
1132.567579 414.394404
1227.778942 412.160468
1327.401969 409.922900
1431.904165 407.550958
1541.487727 405.127741
1656.636112 402.448505
1777.893328 399.834826
1124.095948 498.894002
1221.608855 498.569997
1323.820225 498.407503
1431.096322 498.126215
1543.763777 497.909384
1662.423524 497.736961
1787.412101 497.423986
1115.153170 587.916268
1215.135537 589.718862
1319.894089 591.866286
1430.305315 593.935376
1546.219274 596.246606
1668.693152 598.604911
1797.586790 601.188483
1105.719562 681.799967
1208.100748 686.095507
1315.929068 690.714181
1429.281000 695.435642
1548.805979 700.616001
1675.164565 705.977542
1808.493466 711.614227
1095.679730 780.975181
1200.820357 787.939678
1311.567595 795.320667
1428.461171 803.174667
1551.553365 811.470480
1682.011541 820.191948
1820.054917 829.469373
1151.665975 377.947831
1257.022952 375.597172
1365.996590 373.287868
1479.014055 370.895486
1596.054974 368.460677
1717.568916 365.851663
1843.633586 363.216584
1151.219558 479.540070
1256.414573 479.073282
1365.382310 478.529566
1478.241315 478.048514
1595.098759 477.498695
1716.482192 476.964347
1842.473219 476.521538
1150.736720 581.099262
1255.804179 582.347024
1364.716103 583.649024
1477.392277 584.979748
1594.206247 586.475294
1715.425630 587.828590
1841.400292 589.470867
1150.295741 682.360162
1255.316360 685.319341
1364.004482 688.486221
1476.592309 691.727973
1593.292324 695.073618
1714.320049 698.554712
1839.894777 702.127360
1149.900248 783.468603
1254.761617 788.174804
1363.306160 793.120964
1475.784409 798.221460
1592.335442 803.577987
1713.307473 809.050261
1838.673327 814.805357
1149.435835 884.407474
1254.179282 890.904471
1362.675961 897.628671
1474.928069 904.630729
1591.311593 911.914172
1712.163033 919.401478
1837.403054 927.190014
1149.008977 985.063423
1253.587812 993.274224
1361.930841 1001.824371
1474.178569 1010.759266
1590.288111 1019.700977
1710.962079 1029.270618
1836.405830 1039.568318
1079.421760 257.457820
1185.875314 250.279500
1297.960248 242.905836
1416.474878 235.015151
1541.498913 226.773187
1673.755054 217.945609
1814.020423 208.607954
1089.400027 358.447369
1192.979306 354.219455
1301.775637 349.720986
1416.538489 344.948623
1537.422576 339.878506
1665.198012 334.596633
1800.321183 329.030292
1098.945174 453.917532
1199.677402 452.052683
1305.465528 450.092992
1416.634816 448.009358
1533.767404 445.958905
1657.249993 443.641701
1787.675639 441.299654
1107.869982 543.908824
1205.971126 544.236304
1308.778085 544.672077
1416.820445 545.126807
1530.373757 545.484130
1649.808971 545.930690
1775.746126 546.375522
1116.435668 629.043489
1211.987677 631.384262
1312.065845 633.825058
1416.960124 636.343849
1527.168180 639.073312
1642.898459 641.905616
1764.667955 644.854552
1124.429803 709.798466
1217.625622 713.930822
1315.030966 718.154716
1417.046013 722.591210
1523.987338 727.337273
1636.326344 732.237965
1754.212470 737.415836
1132.088876 786.403700
1222.913833 791.994717
1317.829734 797.868967
1417.171491 804.108723
1521.081864 810.616011
1630.090215 817.356146
1744.451639 824.529827
1140.814456 88.077392
1249.460238 80.364102
1362.060752 72.498703
1479.146121 64.355973
1600.106683 55.841518
1726.164003 47.065786
1857.226987 37.207784
1141.541866 195.287356
1249.240649 189.679223
1360.832291 183.760315
1476.666370 177.730404
1596.642268 171.408472
1721.326116 164.894929
1850.606721 158.127906
1142.189542 300.882222
1248.998116 297.062573
1359.699308 293.163441
1474.358097 289.081938
1593.198508 285.010742
1716.609597 280.569365
1844.913837 276.181444
1142.853710 404.526460
1248.758863 402.558733
1358.421711 400.611607
1472.054891 398.592242
1589.797849 396.441327
1712.022890 394.243756
1838.785183 391.944484
1143.602782 506.462805
1248.592542 506.317027
1357.277094 506.166346
1469.834559 506.008300
1586.511453 505.950676
1707.575673 505.769293
1833.091865 505.616050
1144.214053 606.773477
1248.286257 608.369289
1356.079225 609.953865
1467.580779 611.677123
1583.146168 613.538882
1703.111019 615.340252
1827.469455 617.275697
1144.861454 705.360395
1248.049906 708.533787
1354.863271 711.881386
1465.486989 715.447360
1579.953310 719.117795
1698.674444 722.799345
1821.873735 726.792548
