504.899540 401.754163
584.517179 397.684378
669.367065 393.537686
760.187084 389.051390
857.311972 384.289863
961.752495 379.092035
1074.149091 373.504364
527.054740 496.801569
605.716923 495.936741
689.360778 495.048604
778.732639 494.098455
874.231058 492.915592
976.754007 491.784639
1086.869007 490.627680
548.415255 588.131414
626.013709 590.009371
708.551620 592.089707
796.481184 594.253307
890.463505 596.652716
991.045270 599.072299
1098.949640 601.835020
568.859320 675.666244
645.504815 680.183485
726.866281 685.048389
813.499965 690.282456
905.935029 695.686868
1004.709135 701.511805
1110.420532 707.787136
588.566154 759.847533
664.268742 766.801817
744.574118 774.178777
829.885457 781.976491
920.767925 790.324838
1017.758479 799.204530
1121.391057 808.754588
607.487508 840.904567
682.238179 850.062972
761.447949 859.761756
845.468668 869.982044
934.924011 880.925575
1030.200204 892.618067
1131.850324 905.116755
625.725212 918.861489
699.541407 929.988679
777.599451 941.800162
860.495398 954.350821
948.472850 967.680494
1042.078383 981.864653
1141.888131 997.076304
631.885155 159.799914
706.385068 149.535205
785.235326 138.775428
868.947133 127.408853
957.870779 115.182280
1052.767064 102.217317
1153.809670 88.455637
613.999424 239.325628
689.318597 231.301297
769.110648 222.774998
853.903692 213.742815
944.279822 204.034980
1040.620531 193.832374
1143.413553 182.923894
595.450228 321.897838
671.669677 316.089662
752.456092 310.027394
838.420190 303.541051
930.046357 296.664340
1027.878379 289.252879
1132.551686 281.502077
576.291078 407.373786
653.329051 404.040820
735.144426 400.664251
822.238378 397.005267
915.223061 393.054016
1014.675576 388.921944
1121.162922 384.410149
556.461935 496.159875
634.333211 495.513403
717.067965 495.008205
805.502481 494.266942
899.765927 493.588623
1000.874001 492.788251
1109.172942 492.126985
535.786958 588.296694
614.408762 590.547724
698.399563 593.097728
787.869506 595.666344
883.655642 598.583250
986.367752 601.538929
1096.663462 604.802737
514.313212 683.967384
593.950608 689.353722
678.936161 695.142429
769.701880 701.431062
866.802857 708.075078
971.307717 715.179347
1083.559145 722.888714
916.488175 307.065061
1026.927364 314.612832
1130.166436 321.679993
1227.034917 328.420365
1318.038605 334.770024
1403.804891 340.584229
1484.621185 346.241201
906.935418 427.128930
1015.839781 430.621376
1117.762844 434.029852
1213.464729 437.157448
1303.430100 440.147130
1388.299148 442.928821
1468.326867 445.570451
897.833880 543.054311
1005.073020 542.852269
1105.711273 542.635304
1200.238548 542.517627
1289.259874 542.407304
1373.265339 542.126982
1452.571728 542.082910
888.894552 655.092542
994.749486 651.304969
1093.978316 647.813546
1187.436726 644.567587
1275.474106 641.508600
1358.594431 638.533042
1437.231006 635.850160
880.349522 763.283372
984.688254 756.256723
1082.675954 749.692880
1174.917504 743.588799
1262.139820 737.694759
1344.370172 732.235914
1422.280428 726.953387
872.131615 868.052550
975.008970 857.983236
1071.676179 848.536057
1162.944323 839.643128
1249.137190 831.139563
1330.640669 823.186512
1407.840483 815.680286
864.099551 969.382267
965.435881 956.428063
1061.068749 944.189899
1151.253963 932.798433
1236.552500 921.877691
1317.215048 911.551576
1393.733859 901.907023
857.615720 86.794346
956.752714 100.017076
1050.201464 112.384356
1138.595845 124.274593
1222.179431 135.510204
1301.511649 146.101215
1376.794475 156.184394
868.098242 180.515675
969.061428 191.202280
1064.234201 201.317150
1153.977673 210.882566
1238.811705 219.989062
1319.081998 228.570281
1395.217171 236.618720
879.050441 278.531733
981.870583 286.489406
1078.672623 294.004876
1169.910799 301.183215
1255.962462 307.952639
1337.321823 314.190861
1414.487198 320.273530
890.554816 381.136789
995.380589 386.038221
1093.821689 390.725662
1186.437227 395.128584
1273.758602 399.372618
1356.281592 403.314006
1434.400775 407.090824
902.591744 488.527603
1009.346112 490.108392
1109.452006 491.762083
1203.597010 493.333933
1292.366307 494.660997
1376.017508 496.057869
1455.069404 497.310263
915.308461 601.131254
1024.020706 599.166888
1126.010486 597.445819
1221.668371 595.772864
1311.719861 594.160074
1396.626493 592.637506
1476.716876 591.273292
928.499813 719.302867
1039.303641 713.448760
1143.254186 707.854568
1240.553536 702.815394
1331.966778 697.903630
1417.974905 693.322416
1499.091393 689.084296
686.174036 68.596614
794.583709 71.929159
901.588418 75.146835
1007.352241 78.411652
1111.798034 81.610143
1215.017322 84.810541
1316.940795 88.026032
683.387229 167.242400
793.489223 170.021057
902.169551 172.686844
1009.638711 175.397493
1115.669556 178.062789
1220.379152 180.760510
1323.717630 183.398498
680.516787 269.192564
792.342728 271.303602
902.743131 273.400345
1011.906184 275.492780
1119.582192 277.590864
1225.814861 279.618734
1330.738157 281.733406
677.562768 374.379711
791.247387 375.790158
903.414284 377.263177
1014.202228 378.693874
1123.544120 380.161610
1231.415130 381.637204
1337.923895 383.067011
674.559849 483.065270
790.086443 483.745132
903.980783 484.563129
1016.569976 485.294886
1127.670023 486.045358
1237.206646 486.845008
1345.261284 487.619813
671.472338 595.330502
788.774228 595.337539
904.730661 595.388961
1019.054087 595.396892
1131.885087 595.456169
1243.236725 595.491279
1353.009797 595.580561
668.225387 711.443779
787.515799 710.598764
905.410266 709.807028
1021.672621 709.113315
1136.287350 708.397080
1249.312433 707.680715
1360.857256 707.020818
587.993792 378.109269
698.153665 376.708874
810.576713 375.365284
925.685096 373.917956
1043.301119 372.485914
1163.527676 371.025826
1286.322330 369.479195
597.019422 488.686054
705.364321 488.512804
815.928838 488.406035
928.940538 488.217276
1044.374985 487.926134
1162.401528 487.757365
1282.859126 487.583998
605.860070 595.541005
712.382879 596.423530
821.051927 597.329626
932.078859 598.278637
1045.523371 599.208395
1161.363316 600.169620
1279.612695 601.237201
614.347074 698.622601
719.185601 700.514228
825.971382 702.512000
935.121904 704.553191
1046.563458 706.541688
1160.291288 708.620786
1276.403483 710.770473
622.629649 798.282048
725.751617 801.132763
830.846995 804.088455
938.084769 807.051034
1047.575073 810.122026
1159.291756 813.298537
1273.266917 816.491065
630.607908 894.772505
732.075250 898.510618
835.465444 902.319803
940.926792 906.208630
1048.525287 910.221670
1158.366214 914.349901
1270.350057 918.556186
638.352726 988.057392
738.178125 992.601859
839.940444 997.199870
943.729022 1002.039678
1049.467312 1006.914632
1157.401035 1011.872659
1267.495114 1017.042398
295.602279 375.483581
427.541512 380.809371
550.855156 385.688861
666.468008 390.417586
775.084777 394.877175
877.325850 398.906095
973.789454 402.780888
297.577045 492.268724
426.253449 493.633987
546.658301 494.989072
659.706729 496.192586
766.054473 497.369488
866.351367 498.371010
961.000042 499.404203
299.680617 603.216816
425.009358 601.075933
542.639787 598.985960
653.278695 597.109151
757.480495 595.334339
855.845054 593.537997
948.805530 591.934102
301.502396 708.815092
423.952272 703.397175
538.789904 698.286316
647.076263 693.569193
749.229775 689.094980
845.712472 684.760716
937.068529 680.787275
303.369170 809.252309
422.798170 801.033427
535.218690 793.163527
641.124016 785.840922
741.391862 778.840507
836.017870 772.333696
925.759341 766.033770
305.116236 905.280713
421.857829 894.368046
531.719925 884.017801
635.606184 874.278776
733.803898 864.971796
826.827454 856.240999
915.050329 847.988752
306.824515 996.859803
420.753021 983.529356
528.445158 970.822317
630.171411 958.931643
726.558583 947.612609
817.850304 936.870709
904.643864 926.755813
305.734305 154.876715
427.257729 166.884711
541.393663 178.029976
648.983821 188.708332
750.504288 198.773568
846.497748 208.205902
937.387212 217.164729
304.970141 264.695314
427.416025 273.348528
542.373196 281.483545
650.632192 289.144773
752.765507 296.418012
849.269676 303.240956
940.605895 309.703941
304.268194 376.124563
427.501927 381.387160
543.279007 386.296789
652.292219 391.028541
755.023997 395.411313
852.069202 399.476597
943.926637 403.399540
303.442895 489.356157
427.699146 491.020240
544.237707 492.613627
653.922009 494.168966
757.293222 495.673666
854.881202 496.970587
947.238007 498.299583
302.706902 604.141886
427.815202 602.214052
545.134933 600.454764
655.517522 598.838373
759.586472 597.221772
857.721603 595.802617
950.531533 594.350459
302.001250 720.782543
427.968491 715.169229
546.138990 709.886700
657.309353 704.957985
761.933356 700.232290
860.679004 695.846350
953.991597 691.673372
301.283621 839.153409
428.111603 829.759628
547.230244 820.744371
659.030361 812.483908
764.393789 804.574867
863.574029 797.169652
957.387542 790.214917
312.237446 93.917488
426.888548 107.006478
534.924807 119.193917
637.140379 130.921583
733.852695 141.979352
825.601280 152.397593
912.665956 162.314605
310.748893 187.498419
427.827222 198.012884
538.148255 207.945560
642.269494 217.327286
740.743933 226.239673
833.990789 234.658963
922.412539 242.621412
309.140169 285.246392
428.763320 293.079777
541.358380 300.417739
647.658287 307.389978
747.892759 313.979000
842.735786 320.098698
932.652015 326.023418
307.375925 387.604517
429.857073 392.380388
544.843426 396.869315
653.148989 401.130288
755.295515 405.243154
851.826200 409.041340
943.273063 412.665921
305.614339 494.758533
430.859774 496.250117
548.299936 497.711192
658.847939 499.097044
763.014553 500.348843
861.270201 501.597021
954.163214 502.707868
303.868146 607.091467
431.935752 604.997614
552.136624 603.114856
664.933217 601.324139
771.075757 599.549540
871.217221 597.957694
965.688248 596.421914
301.925044 724.962113
433.068190 718.962261
556.075811 713.203773
671.270147 708.029663
779.510961 703.049190
881.370368 698.376862
977.521256 693.986767
91.191848 24.260424
229.283835 33.942825
360.700830 41.768089
489.302356 50.469472
613.286099 58.322164
733.525616 65.980474
849.780564 73.256860
97.606718 153.244538
233.044931 159.783347
363.982338 166.160462
490.772516 172.267843
613.628904 178.170058
732.694159 183.898244
848.045179 189.518247
103.601017 279.229366
237.376106 283.646907
366.963717 287.919042
492.566452 292.072197
614.226495 296.085872
732.132716 299.889806
846.430135 303.678557
109.140540 402.693308
241.746196 405.029433
369.940041 407.316391
494.252189 409.533094
614.746805 411.709753
731.506104 413.743220
844.827422 415.816772
114.784422 523.594152
245.898798 524.049798
372.893140 524.467547
495.891315 524.858155
615.282287 525.169720
730.929004 525.594220
843.170559 525.903192
120.349371 642.262946
250.050467 640.803891
375.767521 639.413889
497.599536 638.039839
615.800040 636.604394
730.447030 635.295658
841.657429 634.048095
125.824807 758.532557
254.136305 755.231954
378.635903 751.993696
499.254641 749.006843
616.329779 745.921747
729.886113 742.996521
840.094382 740.276333
135.921770 207.928877
283.978985 216.876695
424.078426 225.301857
557.109966 233.355894
683.348916 241.053446
803.314843 248.206325
917.565915 255.062313
150.825338 337.110310
293.239573 342.354358
428.230011 347.418888
556.433019 352.053337
678.386984 356.520932
794.565285 360.716070
905.277609 364.762680
164.972156 457.082407
301.829241 459.110984
431.978943 460.964955
555.817198 462.752796
673.817459 464.476420
786.391588 466.022511
893.799807 467.518366
177.945698 568.691345
309.947826 567.855133
435.409552 567.036153
555.234998 566.300609
669.523162 565.580795
778.640346 564.765264
883.020515 564.161477
190.116104 672.600345
317.441989 669.432885
438.838418 666.220901
554.588676 663.275505
665.510942 660.384352
771.338481 657.703569
872.808431 655.060254
201.578242 769.947598
324.552097 764.571604
441.858029 759.387176
554.168171 754.450692
661.637827 749.624958
764.624466 745.139155
863.297415 740.845571
212.368377 861.068511
331.094779 853.788791
444.833197 846.790102
553.691633 840.206292
658.097459 833.760983
758.134732 827.600549
854.246384 821.800434
116.637551 278.291779
241.099503 280.536380
363.614795 282.688222
484.578560 284.970653
603.885088 287.108718
721.627232 289.218620
837.669229 291.342267
110.166938 394.941123
235.725559 396.343572
359.342667 397.783317
481.308808 399.242356
601.665427 400.601242
720.299843 401.975009
837.211561 403.335125
103.713278 513.576224
230.220423 514.170054
354.947967 514.807658
478.057032 515.425315
599.335356 515.967819
718.878496 516.464036
836.771210 517.087765
97.030582 634.234819
224.860104 633.925926
350.634790 633.656382
474.661246 633.423737
596.924762 633.137425
717.456951 632.861260
836.333790 632.680601
90.308770 756.842426
219.205865 755.646305
346.074593 754.574048
471.178471 753.430387
594.480130 752.243604
716.033014 751.181897
835.764631 750.155116
83.633334 881.690869
213.549611 879.498600
341.545148 877.517545
467.683046 875.502108
592.070287 873.432513
714.651941 871.455676
835.400154 869.527447
76.621006 1008.573647
207.799329 1005.386977
337.009594 1002.367119
464.233650 999.589830
589.563053 996.602067
713.168998 993.701328
834.911218 990.891043
242.055025 168.930978
363.545385 177.582150
479.506084 185.688079
590.440877 193.656566
696.648125 201.181069
798.523110 208.394330
896.198676 215.292212
232.432983 262.439329
357.847852 269.075325
477.541185 275.446794
591.825131 281.542206
701.165171 287.415972
805.754902 292.964795
905.935305 298.262682
222.059891 362.046237
351.767831 366.548707
475.326209 370.809922
593.338123 374.915527
705.849180 378.827240
813.400302 382.477134
916.358160 386.099983
210.953329 468.623248
345.422233 470.541532
473.167614 472.398809
594.797809 474.122619
710.771320 475.915308
821.489735 477.507213
927.351789 479.108076
199.132956 582.716382
338.412632 581.677770
470.557567 580.871165
596.369034 580.029864
716.067571 579.185983
830.094850 578.479674
938.895508 577.782651
186.521552 705.127961
330.933403 700.807457
468.113269 696.872448
598.094736 693.045598
721.743112 689.380359
839.302689 685.996410
951.364814 682.719592
172.803840 836.861976
323.004830 828.821874
465.378212 821.112928
599.987728 813.925438
727.749466 807.025594
849.049100 800.574812
964.467280 794.444032
996.979894 411.986298
1089.974592 408.359027
1188.870448 404.725150
1294.579843 400.681411
1407.421054 396.489548
1528.375398 391.864157
1658.278812 386.888365
1008.661256 504.466144
1100.123403 503.892565
1197.200805 503.301216
1300.787717 502.610042
1411.222803 501.829906
1529.471987 501.058452
1656.238926 500.269484
1019.920099 593.523272
1109.820423 595.520450
1205.243192 597.688918
1306.704611 600.003502
1414.984852 602.547991
1530.560936 605.127448
1654.394785 608.049359
1030.731091 678.905229
1119.137477 683.388337
1212.864010 688.248441
1312.496009 693.386219
1418.555432 698.747862
1531.609890 704.620355
1652.497683 710.817994
1041.199626 761.116119
1128.174331 767.933712
1220.281279 775.171739
1318.028238 782.763752
1421.943313 790.958529
1532.633883 799.660350
1650.746211 808.974119
1051.190616 840.300320
1136.739812 849.248318
1227.291548 858.679820
1323.238418 868.645656
1425.143240 879.330108
1533.526277 890.666561
1649.010162 902.759253
1060.859701 916.555142
1145.041925 927.335565
1234.033303 938.822905
1328.331070 951.040973
1428.184385 964.002876
1534.329993 977.683764
1647.362673 992.367788
1039.331765 235.737686
1127.779672 227.375835
1221.497049 218.624347
1321.193086 209.323482
1427.166714 199.404551
1540.302171 188.866237
1661.181927 177.553753
1035.537780 325.162880
1124.377701 319.508955
1218.536599 313.445660
1318.699661 307.080825
1425.303271 300.202646
1539.088439 292.974121
1660.696032 285.276019
1031.710784 415.792796
1120.937403 412.680196
1215.587372 409.473132
1316.226389 406.027491
1423.468778 402.445673
1537.843974 398.480348
1660.311457 394.454076
1027.833779 507.266652
1117.471841 506.880485
1212.572673 506.615357
1313.717453 506.303642
1421.529508 505.878772
1536.626790 505.536201
1659.866280 505.080443
1023.996675 599.837457
1114.023547 602.250564
1209.516762 604.932314
1311.236259 607.661474
1419.580319 610.668227
1535.415637 613.810706
1659.421148 617.300482
1020.033338 693.488115
1110.369741 698.804348
1206.442933 704.470745
1308.557157 710.385043
1417.603182 716.860035
1534.153845 723.734558
1658.952178 731.140546
1016.060172 788.182865
1106.807377 796.308357
1203.314966 805.060760
1306.068369 814.421433
1415.623656 824.365183
1532.910032 835.038314
1658.509501 846.535646
1069.204814 182.716592
1154.285181 173.387676
1244.186762 163.626693
1339.539410 153.309795
1440.584702 142.339094
1548.135715 130.683160
1662.595814 118.265529
1059.286548 260.873979
1145.559418 253.736495
1236.873202 246.080702
1333.752944 238.065861
1436.672680 229.436878
1546.167918 220.378347
1662.863805 210.750593
1048.967043 341.926169
1136.530097 336.914711
1229.301767 331.689505
1327.793551 326.083158
1432.551784 320.186175
1544.092629 313.772970
1663.299534 307.156395
1038.320759 425.802410
1127.197832 423.124692
1221.456738 420.471547
1321.581142 417.552837
1428.219230 414.435953
1541.991658 411.242142
1663.650465 407.668725
1027.334338 512.792888
1117.545494 512.709849
1213.188497 512.768520
1315.182923 512.672178
1423.745417 512.698795
1539.870639 512.666201
1664.077166 512.763174
1015.891734 602.964714
1107.328115 605.701443
1204.754002 608.693100
1308.340073 611.734270
1419.058642 615.160549
1537.513990 618.696428
1664.437332 622.569319
1004.021144 696.549175
1096.955406 702.246145
1195.871402 708.357923
1301.438371 714.908506
1414.157692 721.870876
1535.127320 729.364923
1664.900453 737.436175
1148.435541 257.618781
1239.294480 252.067848
1334.108857 246.309172
1433.399322 240.361500
1537.174894 234.100585
1646.199009 227.527976
1760.500826 220.623021
1140.739254 334.003779
1233.680616 330.097300
1330.842589 325.959648
1432.683314 321.723930
1539.353572 317.208196
1651.319715 312.558579
1768.958191 307.645415
1132.584651 414.363081
1227.806869 412.130341
1327.444768 409.892570
1431.968742 407.519390
1541.575445 405.089715
1656.761059 402.405637
1778.080778 399.784620
1124.111911 498.864072
1221.635373 498.542451
1323.860885 498.381331
1431.159543 498.102382
1543.852913 497.884239
1662.547761 497.712181
1787.602528 497.397359
1115.167400 587.884739
1215.160231 589.692159
1319.932607 591.843297
1430.366339 593.917779
1546.307780 596.233221
1668.818724 598.595960
1797.780583 601.186371
1105.732534 681.765930
1208.123684 686.068198
1315.966562 690.693941
1429.338901 695.424265
1548.893943 700.614190
1675.290188 705.983924
1808.690210 711.637120
1095.692356 780.939850
1200.843548 787.911398
1311.602952 795.300948
1428.517507 803.167937
1551.642610 811.478607
1682.139091 820.209901
1820.260466 829.508595
1151.685468 377.916197
1257.054827 375.564868
1366.047886 373.255554
1479.087847 370.856739
1596.160055 368.413327
1717.720797 365.799769
1843.870909 363.155122
1151.238700 479.510619
1256.446004 479.044946
1365.431682 478.501886
1478.314020 478.021183
1595.202831 477.470487
1716.630435 476.935310
1842.705819 476.491833
1150.754091 581.069110
1255.832907 582.321256
1364.762976 583.627676
1477.464992 584.964668
1594.308644 586.462997
1715.569975 587.819586
1841.625974 589.466878
1150.313299 682.328188
1255.344748 685.293985
1364.049757 688.469339
1476.662375 691.720732
1593.392288 695.074083
1714.459711 698.563228
1840.108989 702.153432
1149.918432 783.436159
1254.791046 788.151778
1363.350404 793.106587
1475.853361 798.220574
1592.435585 803.587577
1713.446427 809.068787
1838.894355 814.849373
1149.461213 884.356042
1254.207924 890.863084
1362.712643 897.601326
1474.987070 904.630107
1591.404092 911.936248
1712.299963 919.443060
1837.617505 927.263540
1149.041622 984.988500
1253.617944 993.209760
1361.964904 1001.785860
1474.232703 1010.753826
1590.371112 1019.718556
1711.089977 1029.320959
1836.629563 1039.682890
1079.444366 257.419531
1185.909317 250.241725
1298.008054 242.864595
1416.541080 234.963186
1541.587639 226.707278
1673.884786 217.870265
1814.229797 208.523198
1089.414737 358.413945
1193.004709 354.188027
1301.815568 349.687558
1416.600905 344.911121
1537.510111 339.830662
1665.328836 334.540694
1800.524703 328.962411
1098.958616 453.884798
1199.701017 452.023404
1305.502387 450.063682
1416.695674 447.981380
1533.852446 445.927981
1657.375159 443.607814
1787.868307 441.261082
1107.885289 543.878303
1205.995103 544.209209
1308.814387 544.646592
1416.878768 545.106393
1530.458404 545.465092
1649.928761 545.912949
1775.927340 546.359305
1116.450677 629.011638
1212.011300 631.357273
1312.101803 633.803616
1417.018081 636.329102
1527.252374 639.063940
1643.013887 641.901208
1764.839152 644.858643
1124.444634 709.764534
1217.648234 713.903281
1315.066336 718.134766
1417.100320 722.580263
1524.070262 727.336764
1636.438606 732.245351
1754.376466 737.434885
1132.105906 786.369747
1222.939892 791.969116
1317.866625 797.850221
1417.225797 804.100672
1521.162657 810.620211
1630.200244 817.369473
1744.608041 824.553367
1140.860573 88.059871
1249.503703 80.344526
1362.101214 72.467934
1479.192680 64.295398
1600.190548 55.760918
1726.319577 46.949107
1857.465089 37.072576
1141.576459 195.249275
1249.286816 189.638215
1360.895833 183.710749
1476.739196 177.662530
1596.744454 171.332427
1721.475196 164.808883
1850.837642 158.032992
1142.213173 300.848811
1249.034711 297.028429
1359.753848 293.124506
1474.431939 289.032385
1593.301806 284.951203
1716.758634 280.502391
1845.145148 276.104253
1142.871731 404.496639
1248.789189 402.527648
1358.470356 400.581015
1472.126951 398.557691
1589.898952 396.399365
1712.170252 394.198157
1839.009453 391.888981
1143.620486 506.433200
1248.621713 506.289421
1357.324261 506.142043
1469.907017 505.984637
1586.610826 505.926180
1707.719122 505.745681
1833.311726 505.589393
1144.231584 606.742742
1248.314615 608.344758
1356.123664 609.934259
1467.651555 611.663513
1583.244376 613.529771
1703.248405 615.335612
1827.685357 617.278603
1144.878303 705.328356
1248.077100 708.509141
1354.904905 711.864335
1465.554112 715.440887
1580.049641 719.120132
1698.807148 722.809837
1822.081184 726.820373
