-32.79496412300353 -13.97697256918655 83.15085252692634
-30.04730820060912 -23.81336311441424 88.56083562474750
-25.86534940258106 -31.34090203549025 96.24698266538763
-6.68847427569764 -17.32900161166745 64.06467442021840
-8.26314460819919 -23.87163493510373 68.27280283734429
-11.39016095601270 -31.22213000135908 76.29780824507696
-19.89848730791555 -13.54379504845262 64.63008054871528
-20.75946361407041 -32.37332706000941 77.51632977405120
-25.21777760896333 -14.44127930288962 72.24406822637576
-22.63796220094567 -30.31115586578682 88.45626338258755
-47.91976401360029 -32.79466109249042 83.52177838425591
-36.62575336973534 -13.70628828685474 62.98271649507665
-39.77387512180652 -26.47430364110771 71.04078858893162
-41.93262849967884 -30.90734064418605 76.55620144599003
-43.39146608672149 -14.79393294803557 64.04480666060866
-35.89380136045061 -21.66997263640225 63.82399153369712
-46.38243565119419 -30.55441012817087 63.47445398676120
-41.21314979281118 -20.30607326609556 57.16316368120251
-47.77753402432658 -19.18842893300906 69.20791184798306
-44.21205091583640 -25.47097260349701 74.18765861147257
-3.36711892305114 -13.55820021657994 85.24232952481835
0.65243624370041 -25.96170186431840 92.93257195277045
3.50049043819008 -30.34593615003429 98.35961611386614
1.21727812689043 -9.79217788441426 76.73006984281217
6.39042590282633 -32.39517264853713 95.66321979262679
5.30706823111559 -27.40017216414348 102.74068210236489
8.43171279453771 -24.58359838987888 96.61781634856901
5.91063739407121 -15.52585720371704 81.81503352033219
0.79335599322974 -21.51006787340179 77.39656113502319
4.77238667611365 -31.72366671863382 78.63646664570075
