-1.90379702285574 -1.77734095487936 0.11037211757681 
-1.99941828653905 -2.15746000666497 0.78053687025376 
2.03744517831043 2.12932395326840 0.64952658682382 
1.93056338649026 1.81794965378942 0.08878757534673 
2.08343132278843 2.13483591292103 -0.45675155315079 
2.08464725481118 2.07577412678638 -0.12230285128223 
-2.05805145882212 -2.03582026604970 -0.09679735037993 
-2.12795174125587 -2.15223639080383 -0.32677596214747 
-2.10133891358370 -2.20606903511685 -0.66799572822707 
2.06643472370738 2.07288507663181 0.31322863618446 
1.96702078284699 1.88494721026343 -0.01263038341615 
2.04615562382143 2.18323874397518 0.77195923593554 
1.98302739510858 1.94926553486092 0.30133180363566 
1.92996838436446 1.81801119834365 0.08902624768962 
2.16088078480203 2.18775812851021 0.32770352600411 
2.04656864736372 2.18279906168335 0.77217158999183 
2.13322021348754 2.13268496483726 -0.01343188640683 
1.92858412706258 1.81903083902567 -0.11347433367088 
1.93031654838435 1.81829512654181 0.08940802264237 
-1.90416633520533 -1.77791903268978 0.11018160429824 
-1.98352755560328 -2.03971918013219 0.54478127775397 
-1.99896781642171 -2.15784634074800 0.77981766597340 
-2.03112123077584 -2.03877047688187 0.33436479162722 
-1.99873160648678 -2.15806275469180 0.78041011227147 
2.03026887252795 2.19420322770178 -0.79217673201074 
-2.09004070459057 -2.09820569566852 0.22863766050328 
-1.90477217105251 -1.77763150194708 0.11040791695955 
-1.90767687093596 -1.77655302231081 -0.09052142920130 
-1.94366317439841 -1.84506223751335 0.00915786221602 
-2.10446104399729 -2.09534509083210 0.01038645099762
