504.866143 401.816338
584.497650 397.731208
669.348675 393.580921
760.167606 389.091396
857.295719 384.337031
961.740500 379.128804
1074.161304 373.534866
527.042239 496.865367
605.706209 495.996053
689.352494 495.103906
778.722208 494.156369
874.218931 492.981460
976.752664 491.843914
1086.891958 490.662765
548.409018 588.205668
626.014755 590.072599
708.553600 592.154805
796.475503 594.322582
890.456330 596.727955
991.054076 599.146034
1098.973337 601.885682
568.863620 675.740291
645.511615 680.252544
726.869927 685.119648
813.491311 690.358295
905.933224 695.767737
1004.726273 701.584592
1110.447994 707.844555
588.577937 759.910310
664.271914 766.862390
744.566394 774.234215
829.863993 782.038185
920.747620 790.396914
1017.758863 799.272170
1121.405407 808.810676
607.468493 840.934232
682.198522 850.092685
761.400558 859.798767
845.401730 870.037392
934.862684 881.000061
1030.178299 892.689494
1131.839063 905.190329
625.689416 918.881330
699.488162 930.007158
777.543984 941.832247
860.425207 954.403875
948.414696 967.754097
1042.035441 981.942471
1141.843242 997.157446
555.338908 256.845185
632.898661 248.640267
715.329816 240.057997
803.227470 230.909743
897.011608 221.095482
997.591889 210.609238
1105.356007 199.374742
555.591615 351.964597
633.099708 346.816661
715.434887 341.311413
803.234333 335.538139
896.975395 329.228748
997.400747 322.556442
1105.043705 315.470214
555.841107 447.193644
633.266301 444.888447
715.558246 442.534385
803.269147 439.967870
896.958220 437.272265
997.219417 434.280043
1104.757049 431.237914
556.067649 542.111207
633.438267 542.695448
715.642310 543.481731
803.300531 544.290239
896.892463 545.037562
997.036599 545.916880
1104.408884 546.802634
556.350926 636.922962
633.640883 640.426212
715.796206 644.265322
803.391269 648.276836
896.814177 652.639460
996.888461 657.193573
1104.083359 662.207829
556.565455 731.578082
633.723221 737.991033
715.955655 744.882965
803.322601 752.214761
896.726065 760.076737
996.702298 768.380548
1103.724819 777.363593
556.802857 826.056242
633.956717 835.298864
716.012261 845.239916
803.425100 855.881159
896.651866 867.183439
996.525044 879.260460
1103.403645 892.295759
631.800897 159.835094
706.310333 149.546331
785.159912 138.771575
868.878934 127.389641
957.825306 115.168593
1052.737522 102.184237
1153.806081 88.399164
613.944793 239.375140
689.273892 231.341540
769.072122 222.802188
853.868490 213.759444
944.247178 204.043005
1040.594709 193.832529
1143.417931 182.915974
595.422468 321.937021
671.642934 316.126909
752.434184 310.062614
838.400593 303.577878
930.028325 296.695060
1027.868408 289.283407
1132.562104 281.529244
576.271669 407.421289
653.312357 404.084377
735.125475 400.705589
822.220888 397.052020
915.207432 393.098244
1014.677812 388.955186
1121.181524 384.437408
556.451787 496.223482
634.322524 495.570553
717.059228 495.061970
805.491488 494.328986
899.755195 493.655559
1000.880829 492.841206
1109.195826 492.162707
535.776379 588.375022
614.408030 590.612966
698.402595 593.163355
787.864888 595.735240
883.647735 598.658866
986.377090 601.611722
1096.686764 604.853617
514.311219 684.054347
593.959537 689.424783
678.941898 695.213483
769.698507 701.501075
866.793506 708.153102
971.315208 715.258308
1083.582981 722.948499
916.469854 307.097658
1026.922629 314.645503
1130.180417 321.712346
1227.063281 328.433694
1318.094417 334.770598
1403.880348 340.574613
1484.717003 346.237974
906.920923 427.182488
1015.847047 430.657877
1117.785192 434.054601
1213.499126 437.173728
1303.481283 440.157356
1388.372173 442.932647
1468.423800 445.566420
897.824771 543.127860
1005.084065 542.915771
1105.732978 542.680845
1200.269065 542.556528
1289.307956 542.433117
1373.332784 542.138307
1452.651782 542.086164
888.890351 655.170815
994.764402 651.378695
1094.003282 647.866007
1187.469184 644.618127
1275.517345 641.550285
1358.655431 638.562753
1437.296280 635.866873
880.333649 763.358156
984.694942 756.334003
1082.697847 749.752982
1174.945193 743.645775
1262.175307 737.736716
1344.427299 732.269804
1422.341174 726.982476
872.065904 868.113196
974.970985 858.053910
1071.671400 848.600081
1162.952680 839.700390
1249.146828 831.177969
1330.679117 823.213972
1407.904615 815.703976
864.032088 969.429604
965.389186 956.504355
1061.041340 944.264135
1151.233334 932.879805
1236.531143 921.945320
1317.207863 911.614257
1393.753470 901.968514
896.418367 193.679848
1002.935614 204.659985
1102.816901 214.926432
1196.739177 224.718944
1285.226951 233.928778
1368.790030 242.510170
1447.705195 250.696242
895.885046 309.679411
1002.348513 316.960088
1102.194764 323.866678
1196.068629 330.344179
1284.501640 336.466329
1367.978937 342.210136
1446.839620 347.661517
895.421388 425.513329
1001.717589 429.134005
1101.520134 432.541481
1195.349257 435.849292
1283.748033 438.929333
1367.171376 441.690611
1446.047093 444.494922
894.882371 541.191653
1001.183527 541.120753
1100.860414 541.129172
1194.644326 541.159361
1282.987113 541.213283
1366.354407 541.178450
1445.224651 541.267940
894.358037 656.635668
1000.531561 652.922847
1100.127412 649.544785
1193.816916 646.395421
1282.227860 643.333107
1365.543072 640.551454
1444.294120 637.806853
893.889485 771.956577
999.950949 764.684873
1099.446764 757.939161
1193.134316 751.562608
1281.393550 745.420868
1364.798477 739.702764
1443.550610 734.375003
893.345575 887.058708
999.219865 876.206799
1098.795841 865.942556
1192.391914 856.481613
1280.651685 847.339002
1363.929376 838.794695
1442.700125 830.839844
857.541168 86.755679
956.709043 99.990373
1050.183714 112.351672
1138.607141 124.237033
1222.214757 135.440606
1301.578007 146.010663
1376.881567 156.110187
868.049719 180.519301
969.021383 191.206943
1064.215120 201.326389
1153.981185 210.885917
1238.839379 219.965489
1319.139562 228.534655
1395.293266 236.591221
879.029548 278.563701
981.853017 286.514533
1078.676336 294.043708
1169.927413 301.207286
1255.998570 307.957529
1337.384589 314.185584
1414.568604 320.258388
890.537921 381.181968
995.377739 386.070038
1093.839696 390.756540
1186.464975 395.147923
1273.799434 399.380414
1356.344811 403.321842
1434.488560 407.082134
902.580701 488.593797
1009.353588 490.159697
1109.474405 491.797972
1203.630307 493.361151
1292.416762 494.676329
1376.084131 496.065924
1455.156768 497.310732
915.304852 601.207411
1024.037258 599.231210
1126.034006 597.495925
1221.701147 595.818541
1311.772379 594.190412
1396.691212 592.652076
1476.793764 591.279973
928.498796 719.383661
1039.321315 713.514154
1143.284053 707.912515
1240.589473 702.861523
1332.022083 697.939465
1418.036054 693.349623
1499.153875 689.105459
662.107195 375.552545
785.220667 376.712672
906.543882 377.918297
1026.374346 379.157509
1144.382906 380.413441
1260.711958 381.487227
1375.390956 382.641140
668.073683 487.305529
786.919782 487.727622
903.994774 488.179641
1019.628780 488.553103
1133.531530 488.904430
1245.990185 489.254916
1356.808102 489.716443
673.822227 591.542130
788.459669 591.229112
901.617134 590.872365
1013.285079 590.526540
1123.523929 590.297282
1232.269490 589.848241
1339.511952 589.590849
679.069652 688.757177
789.937632 687.826193
899.323279 686.842995
1007.420964 685.980965
1114.105826 685.047071
1219.374849 684.055483
1323.294220 683.195615
684.067020 779.614413
791.355839 778.186945
897.275811 776.678623
1001.863197 775.239498
1105.296561 773.794853
1207.283899 772.438712
1308.065678 770.990066
688.702060 864.964594
792.706044 863.016402
895.279215 861.067161
996.758482 859.146460
1096.934466 857.205525
1195.985461 855.375764
1293.816680 853.566878
693.109789 945.181340
793.824535 942.742878
893.460591 940.314192
991.891162 938.068969
1089.108959 935.718314
1185.306776 933.414522
1280.359284 931.301765
686.065662 68.542275
794.498970 71.883278
901.530028 75.097222
1007.306909 78.382144
1111.774078 81.570101
1215.028347 84.726157
1316.983771 87.919943
683.317558 167.266574
793.431239 170.026441
902.122083 172.691627
1009.604643 175.395019
1115.669252 178.058798
1220.406942 180.718986
1323.780592 183.335903
680.480639 269.233826
792.316176 271.339742
902.721098 273.430544
1011.888729 275.519984
1119.590114 277.622798
1225.842648 279.624862
1330.798325 281.720176
677.542561 374.419844
791.229963 375.831450
903.397433 377.306752
1014.204076 378.724469
1123.562616 380.190035
1231.447794 381.651019
1337.981897 383.073215
674.548583 483.119574
790.074392 483.803059
903.969776 484.628625
1016.579507 485.342465
1127.692371 486.078610
1237.245188 486.865910
1345.323729 487.630421
671.474111 595.394445
788.769801 595.407134
904.726043 595.465831
1019.067968 595.462363
1131.908260 595.506565
1243.272783 595.534331
1353.070827 595.603831
668.233063 711.512961
787.510072 710.670604
905.408089 709.887865
1021.691004 709.182677
1136.316895 708.454560
1249.349622 707.726456
1360.915432 707.053528
587.971460 378.155317
698.133751 376.747744
810.559187 375.407126
925.668367 373.958321
1043.308566 372.516146
1163.549802 371.048401
1286.367370 369.484737
597.008200 488.745261
705.354753 488.566537
815.916773 488.466786
928.931114 488.283721
1044.390536 487.968269
1162.428801 487.789194
1282.907932 487.600808
605.859975 595.610241
712.384895 596.489456
821.044631 597.401394
932.077849 598.356187
1045.540112 599.268036
1161.390372 600.218380
1279.657513 601.274618
614.356743 698.692651
719.188665 700.584688
825.962549 702.587629
935.124264 704.634357
1046.584390 706.606370
1160.321911 708.677341
1276.445579 710.811880
622.626566 798.326842
725.732648 801.178839
830.816000 804.143485
938.060826 807.118603
1047.574476 810.187643
1159.304661 813.353201
1273.286755 816.526038
630.569306 894.792448
732.023169 898.541306
835.397649 902.374670
940.866712 906.287988
1048.504463 910.297611
1158.351652 914.425922
1270.330554 918.622146
638.307194 988.066765
738.122191 992.605705
839.878341 997.225385
943.668696 1002.085902
1049.415791 1006.983056
1157.351484 1011.951122
1267.437644 1017.089284
674.865592 142.568391
769.515525 139.392393
865.786221 136.131374
963.992401 132.929529
1064.021280 129.577462
1166.097386 126.159264
1269.947476 122.730499
661.604749 221.880715
758.767869 219.369586
857.751569 216.761533
958.745046 214.181535
1061.799700 211.548270
1166.746221 208.894250
1273.677864 206.197561
647.490008 305.851504
747.397794 304.046856
849.212121 302.259371
953.203900 300.413016
1059.279018 298.608492
1167.376689 296.664412
1277.682828 294.865257
632.555741 394.861414
735.405025 393.866540
840.253169 392.977414
947.268489 391.947159
1056.569121 390.989608
1168.076223 390.077764
1281.867814 389.110962
616.753689 489.480333
722.606754 489.404251
830.523736 489.535555
941.003825 489.478596
1053.675606 489.465560
1168.804725 489.538063
1286.278414 489.651804
599.923488 590.114350
708.853859 591.158221
820.419657 592.341574
934.228645 593.445611
1050.590682 594.640167
1169.616077 595.824564
1291.146252 597.081511
581.906063 697.390401
694.419735 699.641543
809.430533 702.022608
927.084320 704.476090
1047.287637 706.920237
1170.421482 709.466871
1296.213436 712.081760
252.655672 86.630218
359.544421 92.923494
463.468838 98.895397
564.791882 104.901535
663.603962 110.664797
760.001683 116.276515
853.876975 121.808633
239.630793 167.395969
349.700698 172.683427
456.770359 177.850215
561.066612 182.942731
662.698506 187.834980
761.630451 192.656197
857.975863 197.286772
225.812621 252.990512
339.254498 257.266083
449.605812 261.469807
557.129453 265.520793
661.616145 269.472573
763.297218 273.250663
862.352612 277.047935
211.001923 343.930161
328.258250 346.987755
442.131007 350.037893
552.824811 352.883884
660.427328 355.794030
765.088533 358.587037
866.952405 361.343754
195.321295 440.778754
316.460936 442.463713
433.938926 444.259489
548.238738 445.883905
659.177274 447.468845
766.977560 449.072793
871.746243 450.617110
178.618421 544.037781
303.799842 544.230870
425.481159 544.565271
543.379027 544.761880
657.887019 544.960745
769.057912 545.146031
876.966941 545.356913
160.712614 654.328195
290.422004 652.886546
416.389907 651.378861
538.294067 650.000288
656.491491 648.589867
771.123934 647.291747
882.343810 646.000102
295.533326 375.547598
427.480954 380.873124
550.830550 385.741190
666.450120 390.459627
775.065825 394.918901
877.309264 398.957784
973.778323 402.822269
297.540034 492.339469
426.216227 493.701117
546.645719 495.050990
659.697387 496.249122
766.045251 497.425978
866.339713 498.438412
960.995659 499.470560
299.666246 603.290257
424.982109 601.158480
542.629957 599.063813
653.280504 597.174493
757.478718 595.400445
855.834970 593.612531
948.805379 592.012105
301.497355 708.889024
423.942457 703.481928
538.794013 698.366657
647.084572 693.639335
749.229331 689.165160
845.703159 684.836833
937.073568 680.865303
303.374864 809.292793
422.806604 801.073598
535.219027 793.215541
641.124062 785.891433
741.382203 778.894961
836.001261 772.399207
925.753343 766.110427
305.120266 905.271327
421.852106 894.389645
531.691098 884.057001
635.567877 874.301705
733.754387 865.005177
826.769228 856.288080
914.992991 848.048535
306.867854 996.857198
420.731520 983.576236
528.406569 970.874507
630.129223 958.951028
726.504807 947.630063
817.786818 936.918667
904.569056 926.837396
305.579919 154.914483
427.105840 166.924446
541.273634 178.060710
648.916756 188.749523
750.457316 198.795382
846.460693 208.220235
937.354964 217.176550
304.866849 264.755919
427.310854 273.412885
542.319850 281.535465
650.597719 289.188390
752.741223 296.457007
849.249982 303.278910
940.590360 309.734675
304.199292 376.190144
427.441126 381.451931
543.252726 386.350047
652.275571 391.070756
755.005704 395.452504
852.052359 399.527151
943.910743 403.445670
303.405353 489.425908
427.660413 491.088110
544.224900 492.675334
653.911794 494.225106
757.284120 495.729602
854.868165 497.036696
947.230147 498.367581
302.691900 604.214978
427.788101 602.297118
545.125322 600.531590
655.519571 598.903960
759.585325 597.289786
857.712430 595.876241
950.532461 594.428048
301.998782 720.852813
427.961522 715.251671
546.143478 709.965763
657.317355 705.027185
761.931264 700.302978
860.669806 695.924163
953.998765 691.754216
301.287845 839.179327
428.114967 829.793701
547.219529 820.787894
659.015949 812.522824
764.370030 804.623416
863.540617 797.235419
957.376119 790.287370
312.049551 93.905348
426.705293 106.994438
534.769247 119.173820
637.037232 130.924198
733.777611 141.979376
825.535519 152.396038
912.614434 162.317442
310.608460 187.552898
427.685275 198.071089
538.043414 207.990713
642.211915 217.374726
740.703029 226.272300
833.957788 234.686242
922.385573 242.644644
309.047490 285.303047
428.669679 293.143323
541.313515 300.467275
647.628275 307.430148
747.869977 314.016660
842.716898 320.138942
932.636904 326.056775
307.311165 387.669614
429.799918 392.446051
544.818042 396.923514
653.132229 401.173758
755.276842 405.285833
851.809925 409.093210
943.258586 412.714513
305.578621 494.829718
430.821993 496.317736
548.287259 497.772401
658.838153 499.153492
763.005912 500.405638
861.257687 501.664911
954.157125 502.776509
303.853740 607.164033
431.909528 605.081722
552.129715 603.191560
664.935412 601.389473
771.072501 599.617087
871.208569 598.032816
965.691567 596.500100
301.923498 725.032913
433.063731 719.042856
556.082947 713.280900
671.276710 708.099177
779.506658 703.119950
881.362160 698.456833
977.532217 694.066946
175.657803 350.339655
306.554368 353.410872
433.202164 356.384205
556.036015 359.281775
675.020962 362.127704
790.323699 364.785045
902.211192 367.385912
193.425030 463.046148
319.683048 464.307140
441.902945 465.574478
560.433020 466.669628
675.379973 467.749316
787.018727 468.786929
895.332354 469.845552
210.287418 568.262532
331.885667 567.867231
449.921327 567.456314
564.539671 567.021004
675.809358 566.667987
783.913117 566.207784
888.923027 565.868348
225.843611 666.568444
343.408716 664.705877
457.401561 662.888440
568.345983 661.174593
676.177755 659.465111
780.928712 657.749135
882.852432 656.198629
240.535160 758.497814
354.165572 755.498567
464.589967 752.443052
571.911494 749.539151
676.555006 746.644390
778.133093 743.979849
877.123710 741.268197
254.276834 844.960449
364.293952 840.837488
471.190667 836.758744
575.392384 832.811075
676.817558 828.882215
775.597481 825.137633
871.819680 821.522097
267.290697 926.228420
373.771708 921.128015
477.519967 916.106228
578.599850 911.274130
677.135155 906.456776
773.090683 901.804206
866.736619 897.361837
318.066785 218.363486
448.683615 228.992813
570.845117 238.776390
685.383137 248.110394
793.063624 256.915036
894.377729 265.016907
990.003361 272.749021
318.998178 340.364134
447.471434 346.780104
567.684519 352.842930
680.466986 358.468581
786.535480 363.804273
886.571333 368.746661
980.949480 373.471303
320.086480 458.237012
446.198992 460.800479
564.484065 463.107132
675.624886 465.374064
780.250580 467.501620
878.969725 469.369995
972.188490 471.247896
320.998109 572.118278
445.067273 570.984415
561.388829 569.894564
670.946202 568.955828
774.128575 568.053527
871.510417 567.080215
963.643795 566.334420
321.935410 682.039033
443.883172 677.562890
558.456677 673.285873
666.302139 669.369940
768.174515 665.572851
864.256693 662.070917
955.264974 658.673040
322.870747 788.490195
442.825786 780.854505
555.577492 773.596019
661.975705 766.811856
762.406862 760.318232
857.344514 754.283084
947.254948 748.532676
323.736244 891.441082
441.649499 880.824917
552.864764 870.697782
657.684914 861.316133
756.797748 852.318386
850.456431 843.854219
939.374750 835.904203
90.820220 24.147181
229.041755 33.829316
360.498592 41.691713
489.126791 50.363110
613.153707 58.238244
733.432951 65.924075
849.707874 73.208317
97.387464 153.344482
232.871915 159.825011
363.826521 166.201688
490.634626 172.301166
613.540005 178.200067
732.636814 183.918284
847.998164 189.527107
103.488857 279.275904
237.270315 283.708854
366.864759 287.977007
492.496485 292.131977
614.191176 296.128595
732.107047 299.926979
846.410456 303.715397
109.076960 402.736985
241.680659 405.097358
369.879892 407.382272
494.214699 409.595250
614.730073 411.757229
731.488923 413.786318
844.811829 415.869298
114.738037 523.669742
245.873248 524.122984
372.860785 524.538685
495.869772 524.925091
615.275322 525.230914
730.925188 525.651890
843.159027 525.971017
120.333498 642.339954
250.051267 640.874680
375.745411 639.497625
497.584600 638.125674
615.802621 636.673803
730.448463 635.365662
841.648493 634.123472
125.867178 758.576663
254.150859 755.294899
378.636951 752.059331
499.258032 749.075611
616.338734 745.985806
729.884343 743.061541
840.083598 740.349703
218.306602 134.565226
365.068076 149.069092
501.495251 162.539820
628.747731 175.188658
747.639020 187.014657
858.860803 197.970348
963.396692 208.285474
222.684963 268.908267
365.519195 278.283359
498.373719 287.114086
622.449272 295.271387
738.590040 302.904562
847.518246 310.006604
949.901056 316.777553
227.114710 396.019273
365.808069 400.823656
495.318481 405.193631
616.477301 409.387445
730.014903 413.296663
836.702429 416.879971
937.083615 420.275572
231.092432 516.438525
366.184616 517.026443
492.345891 517.557856
610.713362 518.075692
721.777690 518.574079
826.257093 518.874976
924.809450 519.369682
234.921275 630.503307
366.430854 627.407403
489.629850 624.360324
605.135624 621.641246
714.002959 618.957544
816.311427 616.526827
912.977844 614.170711
238.639193 738.995571
366.827123 732.463521
486.955306 726.268379
600.046172 720.497958
706.525075 714.943826
806.909343 709.866779
901.809019 705.016098
242.144286 842.054504
367.019933 832.410418
484.537270 823.282185
595.035134 814.860680
699.366702 806.779119
797.746854 799.196575
890.941765 792.089176
116.508338 278.320090
240.994384 280.600532
363.514123 282.748159
484.503547 285.030925
603.845666 287.153197
721.598936 289.256049
837.647261 291.378293
110.099370 394.983585
235.656341 396.411026
359.281057 397.848040
481.265646 399.305790
601.645879 400.648861
720.281426 402.016987
837.195514 403.384623
103.667776 513.652181
230.190259 514.243575
354.913261 514.876999
478.030702 515.492210
599.326297 516.030469
718.872206 516.520999
836.759644 517.153927
97.020282 634.311163
224.860613 633.994300
350.615043 633.736375
474.642838 633.510362
596.926206 633.208749
717.458819 632.930833
836.325585 632.755584
90.365268 756.874383
219.214556 755.708386
346.076004 754.637498
471.180339 753.497188
594.486927 752.305876
716.030707 751.243998
835.750608 750.225755
83.703581 881.731450
213.518448 879.532433
341.552729 877.528230
467.668808 875.534387
592.040199 873.464841
714.606063 871.484521
835.341225 869.579661
76.646945 1008.563590
207.802172 1005.367651
337.028091 1002.369015
464.206497 999.622696
589.524047 996.616484
713.113847 993.700386
834.848750 990.918735
275.075601 188.455781
402.496051 199.817721
521.879546 210.296035
634.138473 220.378328
739.873764 229.801281
839.615202 238.654898
933.890743 247.027328
272.540242 294.340967
402.984031 302.433010
525.191947 310.015307
639.783233 317.178755
747.596561 323.964732
849.138500 330.276277
944.989373 336.229080
269.840377 405.456604
403.455606 410.090410
528.478524 414.359820
645.679184 418.478604
755.586440 422.262300
859.040710 425.762698
956.612914 429.166378
266.936103 522.396217
404.116913 523.042595
532.008866 523.645831
651.631715 524.232262
763.826724 524.913913
869.302057 525.416658
968.661572 525.983881
263.997049 645.325134
404.594370 641.615537
535.484960 638.329841
657.928647 635.200645
772.528525 632.224022
880.026147 629.550484
981.104058 626.943926
260.958420 774.856075
405.158214 766.440016
539.448085 758.750636
664.677326 751.484378
781.678701 744.654827
891.339812 738.329870
994.307766 732.376302
257.772815 911.568525
405.749456 897.975376
543.587688 885.191026
671.653836 873.497157
791.253098 862.404748
903.042339 852.126694
1007.958410 842.528965
996.977728 412.021661
1089.993703 408.386661
1188.898668 404.744941
1294.626738 400.691748
1407.497580 396.487210
1528.473138 391.873165
1658.392110 386.882177
1008.669818 504.521576
1100.144934 503.930793
1197.232119 503.331965
1300.841095 502.626193
1411.299695 501.833793
1529.564955 501.070446
1656.324432 500.276390
1019.937415 593.589857
1109.842155 595.570904
1205.274675 597.734963
1306.754482 600.036404
1415.052393 602.563304
1530.636250 605.143036
1654.470868 608.064604
1030.749353 678.968857
1119.165758 683.444742
1212.898353 688.299161
1312.547109 693.426222
1418.617093 698.777100
1531.664849 704.646509
1652.547675 710.840137
1041.215086 761.180872
1128.197790 767.995103
1220.305223 775.216053
1318.074165 782.792257
1422.011782 790.982021
1532.688316 799.699484
1650.775300 809.009129
1051.181541 840.365888
1136.743897 849.308815
1227.292463 858.728833
1323.256085 868.689222
1425.189020 879.368925
1533.561516 890.723037
1649.018604 902.818210
1060.844431 916.628803
1145.023175 927.416590
1234.000862 938.892976
1328.296430 951.109998
1428.157642 964.063605
1534.311939 977.757099
1647.337549 992.457260
1039.301661 235.762730
1127.781278 227.395179
1221.520274 218.605107
1321.250563 209.276053
1427.251836 199.365458
1540.397125 188.835469
1661.295599 177.484338
1035.537632 325.197177
1124.390347 319.542269
1218.562078 313.457576
1318.754889 307.075193
1425.386670 300.189856
1539.178132 292.979375
1660.808156 285.255475
1031.723450 415.823627
1120.958542 412.706095
1215.619699 409.487718
1316.278845 406.036449
1423.550624 402.440451
1537.941557 398.490909
1660.421621 394.444191
1027.850093 507.314995
1117.493124 506.919780
1212.606250 506.643715
1313.775293 506.318112
1421.608403 505.882981
1536.718714 505.548036
1659.949989 505.087495
1024.013331 599.904003
1114.045881 602.301122
1209.549061 604.977641
1311.288180 607.695150
1419.649293 610.683643
1535.490100 613.828322
1659.496372 617.314752
1020.052017 693.556862
1110.397704 698.860634
1206.475683 704.521326
1308.607140 710.422841
1417.665871 716.889467
1534.208338 723.762445
1658.994268 731.160303
1016.062298 788.250880
1106.822376 796.365692
1203.331310 805.104733
1306.099711 814.451433
1415.690400 824.388211
1532.961161 835.081323
1658.531190 846.580777
1069.183566 182.720737
1154.294385 173.372004
1244.224845 163.564066
1339.615122 153.231507
1440.685229 142.269271
1548.239774 130.616945
1662.701356 118.159657
1059.275445 260.911844
1145.567813 253.759820
1236.904074 246.074092
1333.815499 238.037704
1436.758992 229.412007
1546.256780 220.368616
1662.973420 210.707263
1048.974285 341.960266
1136.543407 336.945076
1229.329347 331.704091
1327.851759 326.083037
1432.636504 320.173926
1544.185281 313.780843
1663.415965 307.137055
1038.337386 425.830984
1127.221457 423.149268
1221.491562 420.484966
1321.635697 417.561813
1428.304394 414.431886
1542.087293 411.253065
1663.759992 407.660965
1027.351010 512.842452
1117.566722 512.750599
1213.222172 512.799018
1315.240274 512.688351
1423.824513 512.703172
1539.960111 512.679432
1664.161391 512.771374
1015.907246 603.032569
1107.351050 605.752175
1204.785864 608.739792
1308.389904 611.768385
1419.125753 615.176705
1537.584371 618.714568
1664.513160 622.584694
1004.036592 696.621389
1096.982818 702.302328
1195.903617 708.411131
1301.485225 714.947063
1414.221562 721.900069
1535.180826 729.392883
1664.946327 737.457997
1085.587600 463.045592
1193.454826 461.880801
1305.269394 460.835268
1421.459249 459.666641
1541.847311 458.588267
1666.981304 457.321096
1797.125712 456.037747
1090.939717 557.960200
1195.652277 558.623597
1303.999045 559.317238
1416.401741 559.990294
1532.744313 560.662621
1653.597086 561.421468
1778.947560 562.248794
1096.092328 647.459958
1197.684985 649.549192
1302.825428 651.728381
1411.603091 653.946791
1524.276209 656.399862
1641.068247 658.770381
1762.158425 661.369486
1100.863386 731.742303
1199.643127 735.154208
1301.640484 738.738098
1407.197453 742.452240
1516.330859 746.238659
1629.206998 750.199535
1746.333483 754.233177
1105.462149 811.323793
1201.492282 815.955586
1300.625260 820.714091
1403.015966 825.627266
1508.876160 830.809546
1618.242027 836.092084
1731.457228 841.536939
1109.706568 886.689786
1203.180793 892.387649
1299.542342 898.193688
1399.032970 904.225572
1501.709584 910.517275
1607.841456 916.999591
1717.405428 923.689472
1113.821242 958.040636
1204.765733 964.582239
1298.525300 971.343514
1395.260207 978.469484
1494.967338 985.725414
1597.958659 993.147655
1704.308021 1000.937649
1125.024421 140.307513
1216.747903 134.704837
1311.195492 129.010061
1408.732558 123.232951
1509.178366 117.222190
1613.041135 111.016678
1720.316092 104.570683
1120.679551 213.845483
1214.669536 209.320689
1311.634196 204.594870
1411.757850 199.851378
1515.095884 194.918841
1621.831510 189.862021
1732.247547 184.607519
1115.959113 291.374215
1212.439813 287.926680
1311.994776 284.447198
1414.925659 280.821403
1521.207207 277.176045
1631.155753 273.242219
1745.057324 269.356794
1111.064801 373.018669
1210.127883 370.795889
1312.492377 368.666539
1418.292582 366.338181
1527.714529 364.036498
1641.024676 361.686490
1758.430371 359.121583
1105.922373 459.289224
1207.677044 458.469175
1312.830585 457.803536
1421.862672 456.979276
1534.616910 456.219369
1651.533085 455.372712
1772.675441 454.579955
1100.511119 550.486102
1204.943231 551.313682
1313.418656 552.274959
1425.550372 553.109106
1541.885475 554.160036
1662.643043 555.133770
1787.918234 556.161915
1094.646834 647.109756
1202.231661 649.651787
1313.836540 652.354584
1429.642140 655.210822
1549.643569 658.202189
1674.473071 661.272245
1804.158856 664.450509
1086.480512 234.705996
1168.624561 227.141591
1255.220422 219.247106
1346.819579 210.945873
1443.685077 202.132443
1546.448555 192.827717
1655.487484 182.907858
1074.392221 306.247691
1158.056446 300.564331
1246.361087 294.518378
1339.958788 288.200198
1439.066978 281.443294
1544.229212 274.375074
1656.082328 266.828190
1061.706763 381.168081
1146.997012 377.392637
1237.152607 373.497117
1332.761199 369.276637
1434.159824 364.909990
1541.894693 360.206054
1656.795063 355.328706
1048.464891 459.512445
1135.417425 457.878914
1227.493577 456.294683
1325.109434 454.525260
1428.954524 452.660285
1539.498037 450.820851
1657.402212 448.679770
1034.635502 541.657146
1123.310441 542.390435
1217.187380 543.333010
1317.187697 544.229534
1423.488149 545.203756
1536.986771 546.259552
1658.089553 547.479858
1020.102846 627.739659
1110.395530 631.156242
1206.536090 634.862151
1308.646773 638.698058
1417.688145 642.926547
1534.176989 647.353999
1658.815996 652.163837
1004.779556 718.158013
1097.011422 724.413877
1195.179276 731.161270
1299.860641 738.385440
1411.534720 746.055604
1531.316457 754.344645
1659.670124 763.237067
1113.122212 286.714713
1201.232960 280.200942
1294.434074 273.344669
1393.384628 266.148574
1498.407341 258.460903
1610.315289 250.306698
1729.705620 241.572399
1103.763421 368.300097
1193.157440 364.141518
1287.881453 359.618086
1388.537540 354.946250
1495.508827 349.900243
1609.535820 344.625948
1731.340259 338.974687
1094.048480 452.980737
1184.801252 451.151541
1281.085668 449.276555
1383.478445 447.249692
1492.456846 445.173426
1608.741838 442.876373
1733.227160 440.568576
1083.959193 540.644859
1176.166666 541.381761
1274.073914 542.332208
1378.200137 543.270535
1489.283716 544.248153
1607.939653 545.464543
1735.088889 546.577499
1073.595782 631.600182
1167.209062 635.133251
1266.598362 639.084799
1372.767140 643.142813
1485.897680 647.589069
1607.164230 652.337019
1737.061182 657.483096
1062.759884 725.984083
1157.710130 732.634257
1259.009838 739.802901
1366.911839 747.259998
1482.404515 755.481201
1606.259667 764.191116
1739.119767 773.536527
1051.480543 823.976083
1148.026538 833.856396
1250.965167 844.455266
1361.072292 855.846508
1478.709618 868.005958
1605.247643 881.110501
1741.356774 895.195253
1151.704639 377.940746
1257.091561 375.576237
1366.113633 373.256477
1479.180944 370.855475
1596.260000 368.416774
1717.854176 365.783742
1843.983228 363.182232
1151.263713 479.542797
1256.488732 479.062437
1365.498649 478.510425
1478.407100 478.023334
1595.291148 477.479674
1716.739159 476.936487
1842.798033 476.505294
1150.779047 581.117524
1255.872525 582.360316
1364.825191 583.646165
1477.540047 584.974796
1594.386421 586.480900
1715.652236 587.825261
1841.679711 589.447904
1150.343537 682.383478
1255.384145 685.338714
1364.108167 688.503003
1476.723749 691.742982
1593.442352 695.100590
1714.526953 698.574247
1840.073340 702.124349
1149.939415 783.492931
1254.813721 788.188535
1363.406043 793.132916
1475.916277 798.250579
1592.470908 803.630281
1713.490759 809.099343
1838.809623 814.822752
1149.456812 884.423578
1254.199556 890.920779
1362.722938 897.661641
1475.016780 904.692012
1591.426802 912.005896
1712.311492 919.497272
1837.580242 927.230059
1148.998160 985.070730
1253.562435 993.270653
1361.912660 1001.810693
1474.180205 1010.768107
1590.327060 1019.771853
1711.040189 1029.380743
1836.392008 1039.560732
1036.955748 213.420262
1134.559044 203.190217
1238.695219 192.422780
1350.254822 180.763639
1469.617534 168.463492
1598.034043 155.126757
1736.352138 140.688120
1048.210286 313.216403
1144.124732 306.537165
1246.235538 299.350164
1355.430051 291.705940
1472.125847 283.366298
1597.479806 274.601836
1732.165076 265.134093
1059.081090 409.185271
1153.328974 405.512412
1253.551937 401.626758
1360.410670 397.424219
1474.687213 393.094092
1596.986575 388.333341
1728.343140 383.310496
1069.482181 501.181155
1162.130726 500.349620
1260.470528 499.604458
1365.248962 498.775238
1477.098864 497.762968
1596.554016 496.844444
1724.578100 495.738773
1079.589899 589.539148
1170.620948 591.424031
1267.180559 593.445878
1369.884912 595.533792
1479.380332 597.814277
1596.160797 600.264369
1721.132106 602.908170
1089.184868 674.577864
1178.660481 678.953846
1273.527683 683.523659
1374.234489 688.373756
1481.436428 693.590748
1595.737474 699.156652
1717.817267 705.082000
1098.464692 756.424907
1186.437868 762.920138
1279.608675 769.875749
1378.532701 777.345821
1483.499301 785.241395
1595.357381 793.644834
1714.703492 802.697814
1191.864391 73.606820
1304.212271 69.119690
1418.817599 64.735804
1535.989381 60.277980
1655.253463 55.443808
1777.387438 50.852562
1903.896341 45.519769
1190.963796 184.431127
1302.301900 181.252500
1415.803610 177.951200
1531.696579 174.650596
1649.883850 171.156914
1770.738467 167.690697
1893.392304 164.038416
1190.055056 293.474991
1300.315624 291.326463
1412.831167 289.151520
1527.559872 286.984226
1644.653644 284.819740
1764.251542 282.389819
1887.246577 280.629543
1189.121384 400.451695
1298.421607 399.370835
1409.847600 398.297316
1523.522536 397.308780
1639.479769 396.209524
1757.871164 395.086651
1878.058784 393.936748
1188.247197 505.523508
1296.516719 505.480227
1406.894796 505.524372
1519.492482 505.546787
1634.449906 505.628986
1751.685124 505.627208
1871.433006 505.452444
1187.300980 608.840550
1294.601241 609.869374
1404.011135 610.926901
1515.528301 611.990353
1629.344653 613.126431
1745.588658 614.196803
1864.131676 615.426094
1186.413165 710.304985
1292.677534 712.254296
1401.176250 714.260936
1511.723252 716.447142
1624.427240 718.613233
1739.469861 720.682659
1856.948641 723.021909
