-31.00049263868022 -10.26521168030145 78.16160811790814
-23.84600431744174 -33.25454235068140 96.41617947083937
-9.84054575745824 -10.26549407472525 62.61239558671545
-15.02735614771690 -33.08100602453418 81.16214878852871
-25.31758746146387 -32.44833094000350 82.76196067141868
-18.55995015051069 -14.42947970744795 66.91168751202025
-36.06628671650936 -10.21025255826103 61.89874874775710
-38.85067348293582 -23.58863562140847 68.53718072503234
-43.17801576185857 -32.81254187117066 79.71700559307740
-46.38050604350246 -30.55478646964564 63.48202133585647
-37.28941213513369 -23.82037328190557 57.15440388989103
-47.77356578735572 -19.18876326808433 69.20752727806298
-40.44339485757977 -23.69139067075581 69.28773359226446
-3.83044552465544 -10.01666886008124 84.03655812729752
-0.63374550099609 -23.35909062833906 90.64739334182386
5.11340560985440 -31.98417414853220 101.40532992841855
6.29503775961908 -22.82844684079647 96.53393118247932
5.91750859003158 -15.52599444599762 81.80629219273592
-1.09466803596597 -25.16148784077311 82.39889796941380
7.19476039665939 -31.71226872154551 75.59086540858115
