-1.94185906936030 -1.84466512321261 0.01065588643326 
-2.08540412711861 -2.21119895402304 0.69198155942107 
-2.10047059850374 -2.20408205167473 -0.66915479164246 
1.96803294496906 1.88570931625601 -0.01347600973751 
2.08338544074457 2.13484772578776 -0.45711659315948 
-2.09522290499956 -2.09557170563423 -0.20833664355047 
-2.02233092038756 -2.20382303420301 -0.88591194244382 
2.00482314606269 2.01118752442712 0.41302068733521 
1.89818724544313 1.75000139857446 -0.01244854128899 
-2.12843447915489 -2.15145205963515 -0.32518738804472 
-2.02269439473468 -2.20332226772321 -0.88623284005985 
2.13328638799336 2.13267892582248 -0.01397178100373 
1.89847038701011 1.75003492708488 -0.01247401749840 
-1.90676032763563 -1.77650714934685 -0.09020749305838 
-2.03103166132802 -2.03869276519358 0.33467365681542 
2.03009507948912 2.19329520925193 -0.79221472573076 
2.03180740907448 2.24720189032627 -0.91893175736807 
-2.08991736668973 -2.09811742812864 0.22919389247843 
-1.87632891834953 -1.70858249102993 0.00982869916292 
-2.05615451115928 -2.03695047735122 0.11793422720472
