522.020464 457.021592
611.581566 454.495878
706.452206 452.161051
807.094125 449.750663
913.561744 447.543192
1026.209004 445.298231
1145.090785 443.241447
547.407101 550.405863
635.264814 550.671706
727.959056 551.029147
826.113140 551.502926
929.840134 552.063924
1039.356532 552.806520
1154.648008 553.725688
571.771242 638.999151
657.793099 641.514167
748.446446 644.254894
844.145812 647.192731
945.168239 650.406495
1051.562221 653.687899
1163.330022 657.116041
594.965994 722.823646
679.240088 727.431781
767.796079 732.325180
861.235502 737.512374
959.562922 742.786781
1062.864624 748.276005
1171.194431 754.027294
617.108306 802.119682
699.663457 808.630413
786.342524 815.256217
877.415940 822.255314
973.073419 829.486609
1073.365490 836.913541
1178.498167 844.644848
638.120565 877.190282
718.942031 885.332889
803.657938 893.551526
892.525984 902.191633
985.662966 911.003447
1083.201116 920.142474
1185.141164 929.530154
658.278899 948.393083
737.318199 957.791813
820.087722 967.358613
906.818879 977.403459
997.524257 987.690305
1092.323935 998.178091
1191.278174 1009.076479
668.743259 135.114761
747.944716 126.261423
830.857809 117.287558
917.639795 108.322084
1008.395514 99.191014
1103.326852 90.058874
1202.296209 81.012752
648.746435 206.378601
729.608904 198.886067
814.443651 191.224580
903.417977 183.615559
996.711897 175.895273
1094.308834 168.230378
1196.304464 160.649219
627.661988 281.914507
710.294557 275.911754
797.105809 269.888224
888.410299 263.801672
984.181840 257.778166
1084.581932 251.729785
1189.746476 245.907084
605.631117 361.801377
690.000796 357.594611
778.837801 353.452226
872.361651 349.224608
970.778787 345.090637
1074.192533 341.115846
1182.562287 337.171372
582.555063 446.557849
668.686337 444.391555
759.412796 442.409760
855.449981 440.315675
956.444382 438.416446
1062.938850 436.570588
1174.639880 434.978771
558.334455 536.231498
646.108709 536.464182
739.133497 536.935093
837.312101 537.380172
941.140890 538.099182
1050.687614 538.856392
1165.901578 539.779320
532.944109 631.093227
622.697705 634.023187
717.744490 637.166551
818.373996 640.600545
924.830741 644.236258
1037.551041 648.032153
1156.247377 651.960287
850.516676 440.401818
968.635602 442.670676
1080.741527 445.104608
1186.985180 447.636678
1287.543862 450.271416
1382.642590 452.779687
1472.523824 455.400468
839.494315 551.088579
954.110430 550.623363
1063.075064 550.379535
1166.546931 550.119819
1264.652242 550.013163
1357.697322 549.931662
1445.755525 549.988558
829.392476 654.712272
940.423672 651.901049
1046.309076 649.119474
1147.062619 646.513034
1242.823577 644.059376
1333.766667 641.635589
1420.083088 639.473196
819.960626 751.635662
927.650979 746.645331
1030.407982 741.842502
1128.531928 737.232654
1221.987028 732.714804
1310.865525 728.256626
1395.449791 724.129596
811.266535 842.092667
915.630852 835.423121
1015.543218 828.806032
1110.911852 822.420012
1202.155455 816.132083
1288.984941 810.090557
1371.865244 804.143711
803.041070 926.941957
904.386701 918.696740
1001.367756 910.573582
1094.343012 902.655002
1183.267718 894.816527
1268.267126 887.237802
1349.360476 879.884439
795.423981 1006.393227
893.662256 996.740060
988.093171 987.252489
1078.613324 978.088998
1165.393966 968.995996
1248.341510 960.086621
1327.758768 951.453873
804.126695 79.568635
902.244865 88.823270
996.413611 97.968942
1086.696096 107.284467
1173.198490 116.500576
1256.048239 125.600566
1335.221708 134.657775
811.253121 159.091844
912.325172 166.937022
1009.238908 174.827392
1101.963396 182.819300
1190.689517 190.765784
1275.457784 198.665420
1356.345266 206.447960
818.771422 244.181574
922.989698 250.514086
1022.721288 256.933172
1118.134177 263.454183
1209.034263 269.918255
1295.788352 276.266207
1378.478756 282.717826
826.882515 335.433830
934.421635 339.922016
1037.138111 344.605550
1135.056537 349.300498
1228.295347 354.091114
1317.083783 358.789434
1401.597293 363.552143
835.647032 433.322386
946.533681 435.690318
1052.208390 438.355233
1152.893630 441.040484
1248.537574 443.711975
1339.384183 446.495750
1425.570951 449.240444
845.190881 538.226346
959.421908 538.280402
1068.367037 538.586788
1171.723984 538.872418
1269.764369 539.203536
1362.794398 539.639725
1450.823725 540.170672
855.323439 650.690454
973.192866 648.039513
1085.348603 645.402852
1191.512108 643.047791
1292.042964 640.702184
1387.077359 638.577159
1476.936490 636.532050
620.815471 99.011608
718.375587 94.284281
818.148644 89.850610
920.053323 85.856731
1023.913775 82.219791
1129.556773 79.037263
1236.603580 76.378843
611.849573 190.078779
711.074513 186.232374
812.680592 182.614453
916.468543 179.436500
1022.368172 176.579365
1130.036567 174.118101
1239.175767 172.131600
602.745441 284.879649
703.625143 281.990124
806.979269 279.351713
912.752733 277.010861
1020.606141 275.036442
1130.329312 273.330640
1241.629502 272.120835
593.602177 383.293080
696.099078 381.471691
801.156903 379.954530
908.767309 378.599459
1018.630704 377.548317
1130.451951 376.831491
1243.820195 376.371919
584.412452 485.434164
688.488618 484.839102
795.199325 484.528100
904.733264 484.261803
1016.490088 484.251190
1130.348549 484.411686
1245.720372 484.831747
575.164274 591.136072
680.742808 591.933611
789.281214 592.916627
900.454623 593.920923
1014.165630 595.040328
1129.979677 596.161708
1247.387840 597.457202
565.901395 700.357722
673.157227 702.571900
783.237446 704.898519
896.161078 707.314920
1011.607789 709.594926
1129.297342 711.851703
1248.690715 714.087620
696.049287 369.977649
816.240162 370.857773
935.054642 372.078282
1052.212453 373.638385
1167.223212 375.585915
1279.760926 377.629882
1389.660811 379.990725
697.846673 486.182105
816.077003 486.438426
932.987857 486.947239
1048.267759 487.594407
1161.448634 488.431559
1272.306262 489.334056
1380.545499 490.509526
699.976200 598.769966
816.003178 598.431000
930.932708 598.156556
1044.286601 597.926247
1155.608645 597.830810
1264.695492 597.661788
1371.258011 597.685826
702.152144 707.444367
816.123190 706.513743
928.888078 705.587591
1040.251227 704.608009
1149.676713 703.585587
1256.931906 702.444837
1361.855532 701.391735
704.464489 812.134355
816.323444 810.684703
927.017729 809.071426
1036.234676 807.394349
1143.776029 805.541350
1249.167692 803.621182
1352.353394 801.586097
706.732285 912.965955
816.527260 910.977558
925.060352 908.763179
1032.306254 906.416593
1137.836667 903.826327
1241.478154 901.092676
1342.955346 898.220479
709.071448 1009.791466
816.680100 1007.248986
923.256963 1004.450150
1028.464282 1001.555904
1132.072911 998.329775
1233.762291 994.882579
1333.490950 991.332583
306.586032 444.456513
434.790564 446.273819
556.287381 448.200514
671.222463 450.300227
779.822578 452.451899
882.350535 454.555517
979.125873 456.788883
308.252626 553.920285
432.470571 552.656859
550.400644 551.698495
662.065550 550.763123
767.779466 550.016918
867.851955 549.339397
962.412489 548.850799
310.467168 656.669093
430.625873 652.725286
545.056572 648.955994
653.672085 645.474990
756.574628 642.183321
854.146854 639.018030
946.522608 636.129132
312.791367 753.073079
429.320641 746.717721
540.201472 740.601206
645.873719 734.816720
746.141736 729.307883
841.213004 723.959246
931.468061 718.908145
315.398035 843.398824
428.311890 835.044601
536.000555 826.840830
638.574257 819.051654
736.329105 811.439307
828.976819 804.262567
917.168484 797.245984
318.143766 928.308302
427.636382 918.135189
532.061273 908.179269
631.927686 898.574482
727.004466 889.154712
817.542466 880.158025
903.686497 871.525381
321.104979 1007.900466
427.123478 996.177185
528.607710 984.639056
625.651766 973.523668
718.312543 962.617778
806.588138 952.067966
890.768095 941.966605
314.421370 210.113356
434.016383 218.328146
547.770898 226.414312
655.875854 234.633579
758.455352 242.689535
855.653601 250.562386
947.753162 258.367987
312.203388 322.054483
432.213583 327.253130
546.383345 332.575016
654.744546 337.910119
757.551135 343.195148
855.004476 348.357523
947.306191 353.546573
310.640567 434.828803
430.800147 437.065356
545.219609 439.446242
653.854626 441.946334
756.760682 444.414228
854.376239 446.836114
946.800942 449.402970
309.596132 548.223623
429.997908 547.422708
544.427505 546.792896
653.095834 546.331012
756.107394 546.035761
853.763799 545.720448
946.295679 545.684798
309.170202 661.706700
429.463200 657.920970
543.894758 654.314363
652.570414 650.964903
755.625058 647.780005
853.211538 644.855088
945.709433 642.066225
309.326576 775.175367
429.434347 768.375419
543.726276 761.814577
652.368876 755.588153
755.295399 749.526877
852.811169 743.821641
945.223697 738.342353
310.027792 888.095846
429.762112 878.357772
543.949982 868.766793
652.295514 859.730254
755.091626 850.844243
852.357005 842.359690
944.577537 834.261819
330.564844 86.956257
436.286213 97.145174
537.471264 107.155172
634.176469 117.304698
726.554968 127.298554
814.714884 137.072098
898.676560 146.730047
326.881877 166.790052
435.927754 175.324445
540.260275 183.846222
639.753640 192.392515
734.666642 200.832928
824.998048 209.105867
910.976916 217.234808
323.235797 252.035914
435.792661 258.783257
543.260306 265.527946
645.794649 272.275870
743.197925 278.896335
835.828011 285.381163
923.924760 291.921653
319.658665 343.260401
436.012302 347.803532
546.824072 352.452486
652.202696 357.071761
752.290333 361.740262
847.359095 366.331071
937.599076 370.959526
316.336902 440.810031
436.445126 442.860106
550.617769 445.179073
659.179475 447.505702
762.060497 449.792904
859.564332 452.233051
951.892831 454.659969
313.339193 545.097902
437.262151 544.414108
555.205193 544.012790
666.862218 543.682672
772.538364 543.394153
872.634848 543.272119
967.158624 543.247600
310.533899 656.610064
438.576922 652.810912
560.297287 649.074968
675.260933 645.825017
783.798899 642.610333
886.322057 639.703792
983.053445 636.919249
123.079271 48.474660
249.669056 52.679560
374.529623 57.070032
497.506656 62.264472
617.981125 67.895270
735.728165 73.997437
850.385109 80.559996
124.226868 169.761014
250.437160 172.572121
374.801243 175.872257
497.075803 179.601604
617.057409 183.756550
734.280381 188.243590
848.413515 193.148919
126.583096 290.083670
251.892764 291.754987
375.526560 293.795092
497.224531 296.185080
616.476634 298.906287
732.976121 301.778086
846.478694 305.027049
129.545001 409.269796
254.147800 409.773537
376.875519 410.578197
497.688958 411.634550
616.150295 412.927100
731.823324 414.325890
844.616529 416.032366
133.404990 526.928188
256.973108 526.405543
378.782643 525.995287
498.602048 525.742801
616.143624 525.599764
730.864328 525.666000
842.805636 525.798286
137.929189 642.895877
260.395865 641.261236
381.146787 639.690878
499.930372 638.195557
616.451701 636.655898
730.282692 635.258607
841.207604 633.964390
143.163984 756.677997
264.395156 753.979718
384.003546 751.181654
501.646814 748.535080
617.053826 745.690986
729.775863 742.924424
839.631921 740.275204
237.386743 148.825400
376.346303 159.441502
507.797558 170.021439
632.008711 180.662451
749.093203 191.140830
859.164513 201.359518
962.784470 211.408140
238.427861 277.734806
374.367485 284.364103
502.997074 291.189269
624.611720 297.996057
739.435110 304.678619
847.614301 311.213065
949.520573 317.824402
240.487304 401.135472
372.999218 404.184890
498.796446 407.293409
617.910781 410.579315
730.352561 413.840367
836.561666 417.047645
936.718744 420.354974
243.005966 518.959423
372.372342 518.617579
495.149516 518.453625
611.685317 518.482987
721.813343 518.627121
825.989368 518.707272
924.437370 519.157047
246.057826 631.079887
372.180247 627.756723
492.160273 624.524293
605.957829 621.648435
713.938972 618.860167
815.936589 616.355734
912.584251 614.019563
249.574016 737.877399
372.539931 731.767356
489.521870 725.848545
600.908823 720.259172
706.532942 714.815827
806.562880 709.798158
901.372075 704.957776
253.441869 839.263345
373.132637 830.637623
487.433002 822.191010
596.176439 814.263014
699.591530 806.488053
797.529552 799.075368
890.497572 792.014439
138.686452 288.901736
255.438463 288.685533
372.360978 288.738408
489.490100 289.323805
606.363350 290.158686
722.625014 291.339000
837.801914 292.900710
130.576804 401.746865
248.532885 401.398323
366.740618 401.314181
485.100477 401.587361
603.297182 402.033758
720.689802 402.707082
837.049894 403.651326
123.148215 517.248647
242.141549 516.803288
361.497530 516.578787
481.144109 516.482374
600.397559 516.507868
718.877842 516.603283
836.380375 516.999824
116.222065 635.066203
236.450571 634.518906
356.852286 634.052986
477.452044 633.625769
597.776637 633.204141
717.340857 632.815157
835.842525 632.598800
110.132620 754.846648
231.171783 754.246711
352.569586 753.632068
474.149700 752.830506
595.421017 751.951344
715.981525 751.061469
835.303456 750.163952
104.607380 876.434795
226.443012 875.713219
348.807379 874.893435
471.207073 873.822101
593.377569 872.462448
714.797153 870.922267
834.988157 869.221263
100.218383 999.021702
222.346822 998.619075
345.725982 997.278881
468.832028 996.055830
591.619021 994.212101
713.678691 992.028583
834.539522 989.609238
289.599013 199.051889
411.250303 207.584382
526.900921 215.964244
636.819786 224.531543
741.137178 232.873024
839.969077 241.091470
933.570504 249.203111
285.141028 301.468570
410.078223 307.343394
528.890611 313.334311
641.489668 319.375109
748.222871 325.346122
849.150365 331.179560
944.626299 336.989975
280.900186 409.817013
409.261787 412.897664
531.158796 416.078353
646.674177 419.394693
755.712446 422.630422
858.818738 425.825288
956.175146 429.190013
277.039918 524.557227
409.019285 524.336810
534.011914 524.340830
652.123108 524.477502
763.622101 524.838325
868.938469 525.185852
968.224120 525.762373
273.680225 645.644921
409.094052 641.783724
537.133930 638.358130
658.207326 635.126504
772.184916 632.076725
879.559870 629.371539
980.632324 626.788149
270.925143 773.278226
409.729392 765.521856
541.109475 758.233540
664.956658 751.253386
781.336367 744.557560
890.835178 738.257882
993.732266 732.252999
268.794446 907.566113
411.037037 895.551082
545.667350 883.814250
672.167985 872.801433
791.046777 862.026598
902.519104 851.862735
1007.148747 842.163806
993.272146 464.810345
1086.600492 462.944546
1185.473618 461.291363
1290.408723 459.584353
1401.330920 458.035482
1518.585983 456.543940
1642.468060 455.165922
1008.779048 553.088279
1100.148053 553.987835
1196.716608 555.019525
1298.946664 556.213278
1406.900011 557.462172
1520.891075 558.976886
1641.047846 560.750971
1023.533811 637.146240
1112.851866 640.374753
1207.199788 643.785409
1306.766421 647.408965
1411.864062 651.390399
1522.582372 655.455183
1639.126039 659.941484
1037.432906 716.898214
1124.755500 722.243342
1216.811903 727.911902
1313.939569 733.844839
1416.222820 739.998163
1523.799257 746.481879
1636.795708 753.265665
1050.623392 792.617149
1135.983471 799.906008
1225.912799 807.472437
1320.535672 815.326486
1420.073245 823.594297
1524.591966 832.181343
1634.198564 841.073939
1062.990826 864.595619
1146.496855 873.579727
1234.236360 882.860374
1326.484018 892.477399
1423.372823 902.533263
1524.996591 912.934016
1631.375022 923.706602
1074.819006 932.970970
1156.408326 943.371799
1242.048359 954.154767
1332.031313 965.416255
1426.352743 977.050509
1525.081535 988.990603
1628.420679 1001.416072
1024.044107 272.460567
1112.954767 265.450489
1206.778028 258.384500
1305.941206 251.268625
1410.426821 244.036023
1520.518073 236.776644
1636.381933 229.462417
1024.140188 364.061739
1113.223414 359.741413
1207.256625 355.334756
1306.653852 350.972508
1411.461656 346.498090
1521.805134 342.120464
1637.996103 337.846594
1024.151745 456.383208
1113.382709 454.590153
1207.569392 452.912347
1307.045445 451.230961
1411.990229 449.743642
1522.501756 448.207957
1638.917579 446.972650
1024.117979 548.882076
1113.342388 549.720385
1207.569245 550.801207
1307.079981 551.999303
1412.076705 553.291554
1522.654156 554.858261
1639.125386 556.546663
1024.047329 641.511678
1113.166939 645.026230
1207.343806 648.775105
1306.821531 652.726359
1411.710332 657.019202
1522.340592 661.513056
1638.660520 666.337802
1023.778126 734.030993
1112.715989 740.219517
1206.849466 746.727083
1306.094542 753.452302
1410.916123 760.627173
1521.394818 768.093312
1637.566273 775.949892
1023.453657 826.205557
1112.269258 834.915732
1206.112710 844.080822
1305.222347 853.762283
1409.727743 863.773682
1519.887932 874.156417
1635.801277 885.088517
1083.352157 170.482780
1165.203423 161.946409
1251.104862 153.247554
1341.243051 144.503590
1435.626431 135.575968
1534.562870 126.645927
1638.000969 117.624281
1071.649598 239.568228
1155.349422 232.622186
1243.321686 225.466960
1335.740151 218.333976
1432.819006 211.045503
1534.538194 203.801549
1641.046658 196.547766
1059.230255 312.579771
1144.851525 307.273799
1234.943569 301.984151
1329.826872 296.613595
1429.493666 291.256023
1534.122132 285.809443
1643.966617 280.584427
1046.104389 389.519019
1133.666462 386.121514
1225.982281 382.889326
1323.232007 379.526503
1425.669586 376.286772
1533.396304 373.172128
1646.530824 370.023293
1032.251864 470.721530
1121.767569 469.513004
1216.180511 468.526740
1316.095369 467.484302
1421.257551 466.680670
1532.171582 465.935205
1648.769517 465.441618
1017.554063 556.276616
1108.884399 557.590973
1205.767100 559.134626
1308.046022 560.747978
1416.194462 562.676799
1530.305562 564.727356
1650.530864 567.054611
1001.945820 646.405718
1095.368888 650.434089
1194.432919 654.732990
1299.415471 659.411531
1410.371815 664.397493
1527.871318 669.631113
1651.745845 675.216273
1111.427030 288.718027
1198.303281 282.991400
1289.603335 277.200581
1385.592394 271.459067
1486.297809 265.634040
1591.992804 259.836275
1702.689099 254.079597
1102.579896 369.144590
1190.968971 365.493484
1284.055340 361.760525
1382.006384 358.178178
1484.931971 354.519986
1592.999293 350.966959
1706.326669 347.525468
1093.206892 453.131927
1183.173014 451.633826
1277.991930 450.235076
1377.971100 448.916510
1483.044733 447.745939
1593.537755 446.590281
1709.623021 445.739421
1083.350777 540.517061
1174.883798 541.370750
1271.480847 542.536471
1373.340869 543.810020
1480.652176 545.227239
1593.645819 546.964777
1712.395339 548.784182
1073.012637 631.439380
1166.038763 634.933990
1264.259082 638.810660
1368.192752 642.842556
1477.652726 647.225573
1593.200779 651.862266
1714.563954 656.861631
1062.073587 725.818796
1156.464217 732.268799
1256.565511 739.116764
1362.243678 746.170664
1474.019824 753.772366
1592.011888 761.648229
1716.132475 769.947993
1050.646144 823.652588
1146.541089 833.148358
1248.196773 843.157998
1355.911679 853.709054
1469.723635 864.666568
1590.116399 876.144393
1717.014989 888.119512
1149.992945 378.937684
1253.845922 377.278082
1360.375747 375.932233
1469.438558 374.807740
1580.782232 373.895714
1694.240103 373.176028
1809.572305 372.722570
1149.971611 479.756206
1253.870514 479.638459
1360.576685 479.676899
1469.744210 479.952338
1581.163711 480.326409
1694.783098 480.891519
1810.195833 481.657348
1149.686794 580.990571
1253.595156 582.328660
1360.322128 583.809190
1469.491520 585.380683
1580.964740 587.168328
1694.567406 588.885911
1810.098198 590.907768
1149.207872 682.119582
1253.060499 684.882567
1359.627721 687.855666
1468.734677 690.870553
1580.174417 693.891173
1693.649135 696.967284
1809.031899 700.102189
1148.562594 782.976418
1252.185241 787.267391
1358.556089 791.622315
1467.526233 796.000051
1578.748339 800.428602
1692.110414 804.799396
1807.274898 809.156107
1147.663814 883.378104
1251.021202 889.203101
1357.128655 894.988293
1465.772194 900.766370
1576.707128 906.496091
1689.846019 912.135366
1804.804598 917.708413
1146.670700 983.039975
1249.590094 990.295963
1355.344413 997.474399
1463.687185 1004.719714
1574.239315 1011.712271
1686.851082 1018.376448
1801.570734 1025.612732
1035.613874 216.619138
1131.937362 207.273230
1234.084550 197.812994
1342.430166 188.090913
1456.940853 178.313946
1578.042043 168.428489
1705.873980 158.392536
1047.194997 314.533458
1142.140631 308.427105
1242.621432 302.162513
1349.045924 295.911529
1461.477744 289.423500
1580.266062 283.051341
1705.351482 276.702432
1058.304336 409.508461
1151.799959 406.222892
1250.622850 402.924199
1355.090706 399.614899
1465.408635 396.491562
1581.706075 393.288953
1704.152833 390.289070
1068.860322 501.085408
1160.864636 500.427003
1257.940179 500.010094
1360.491969 499.668987
1468.671817 499.332621
1582.488744 499.247680
1702.197341 499.244897
1078.994442 589.355787
1169.433225 591.266828
1264.793379 593.341869
1365.336614 595.580592
1471.290547 598.033648
1582.675641 600.705381
1699.697218 603.612332
1088.495071 674.371675
1177.366370 678.641840
1271.002842 683.047212
1369.551111 687.713137
1473.303108 692.656750
1582.384729 697.841641
1696.694263 703.311886
1097.609172 756.151240
1184.882407 762.393990
1276.746861 768.960019
1373.440658 775.923115
1474.982283 783.139105
1581.603374 790.633281
1693.298357 798.526994
1186.863648 82.809517
1296.027098 80.200820
1406.206539 78.185546
1517.243857 76.716649
1628.716398 75.687056
1740.450700 75.052358
1852.188069 75.124727
1187.198214 189.580149
1295.914387 187.820385
1405.641976 186.434817
1516.148598 185.532294
1627.073912 184.992679
1738.291771 184.851070
1849.431551 185.088274
1187.299067 295.938594
1295.387075 294.881261
1404.560977 294.174352
1514.455719 293.789517
1624.785864 293.787272
1735.326035 293.893285
1845.922408 294.460599
1187.078031 401.392083
1294.523649 401.009045
1402.964031 400.941453
1512.176367 401.149235
1621.831979 401.498455
1731.685883 402.070685
1841.516216 402.862956
1186.635959 505.687158
1293.277231 506.039336
1400.945373 506.591894
1509.335942 507.277336
1618.294697 508.130644
1727.391593 509.085984
1836.388883 510.139254
1185.857305 608.646507
1291.664873 609.743973
1398.457482 610.907980
1506.011328 612.110895
1614.060745 613.382144
1722.418983 614.657842
1830.646865 616.061343
1184.874110 709.941951
1289.681327 711.636268
1395.629098 713.341807
1502.276135 715.174155
1609.419353 716.878695
1716.723226 718.482753
1824.154814 720.217330
