527.545848 397.071478
617.885076 393.788199
712.952826 390.490348
813.328967 386.926289
919.134985 383.218407
1031.133771 379.199775
1149.629974 374.995680
547.288945 495.863167
636.113379 495.251809
729.405936 494.609106
827.732781 493.897458
931.334786 493.036508
1040.826950 492.240054
1156.491119 491.475664
566.286461 590.475698
653.536271 592.109962
745.143000 593.887104
841.467754 595.684714
943.021948 597.662604
1050.032269 599.628976
1162.994631 601.855753
584.402692 680.918964
670.184318 684.683085
760.061684 688.717016
854.622223 692.946551
954.113672 697.307962
1058.800339 701.924580
1169.158928 706.808294
601.830415 767.555953
686.166944 773.323201
774.531513 779.353938
867.257472 785.644108
964.697076 792.320393
1067.150647 799.284097
1175.017555 806.685167
618.474612 850.731833
701.430205 858.270976
788.253229 866.145380
879.281375 874.373624
974.824021 883.057569
1075.121920 892.187685
1180.630848 901.842656
634.500583 930.513674
716.110137 939.625966
801.394039 949.173952
890.839002 959.247310
984.452718 969.772511
1082.739226 980.811838
1186.040042 992.549177
640.607348 146.926285
722.892298 138.583980
808.973657 129.915027
899.245115 120.835239
993.854561 111.246416
1093.361578 101.232760
1197.888497 90.701980
624.817356 228.395452
708.333909 221.805669
795.768554 214.910745
887.518181 207.712567
983.980666 200.095929
1085.341604 192.172023
1191.907987 183.866342
608.403277 313.183047
693.204738 308.390566
782.087630 303.500926
875.453052 298.291553
973.622208 292.866877
1076.898130 287.093757
1185.661115 281.205053
591.345591 401.215944
677.485640 398.461811
767.870334 395.720280
862.807192 392.765547
962.776154 389.634695
1068.112093 386.433005
1179.117644 382.997481
573.698914 492.900644
661.185257 492.353061
752.934683 491.949543
849.709349 491.369620
951.448439 490.837089
1058.940456 490.179044
1172.268525 489.705389
555.266735 588.366004
644.006402 590.238532
737.539042 592.318190
835.857881 594.402620
939.645367 596.725623
1049.269444 599.035285
1165.052599 601.528191
536.039559 687.809355
626.328790 692.290973
721.392718 697.064836
821.581632 702.153708
927.291943 707.457031
1039.192686 713.018737
1157.480008 718.970732
846.556798 373.444491
963.950135 377.472701
1075.610852 381.341477
1182.026459 385.082378
1283.451454 388.702000
1380.324603 391.994759
1472.851787 395.246381
838.274401 489.800785
952.886599 490.933882
1062.003381 492.093314
1166.104309 493.153773
1265.412499 494.166079
1360.411406 495.117629
1451.177887 496.091508
830.530382 600.225089
942.341816 598.757553
1049.032450 597.275793
1150.873890 595.994023
1248.238573 594.744289
1341.417018 593.419699
1430.573558 592.333528
823.059690 705.084757
932.398284 701.179824
1036.642184 697.479827
1136.410528 694.019739
1231.872947 690.652512
1323.218442 687.376562
1410.813782 684.353891
816.154215 804.663344
922.899310 798.686609
1024.924512 792.917740
1122.505056 787.507762
1216.214195 782.248940
1305.833217 777.264382
1391.896681 772.381057
809.478401 899.646930
913.921036 891.714015
1013.664317 884.112027
1109.366065 876.886910
1201.192586 869.856534
1289.313096 863.174682
1373.865308 856.798501
803.132420 990.156736
905.167125 980.404078
1003.001270 971.049649
1096.792223 962.255015
1186.884132 953.667095
1273.372601 945.461929
1356.538788 937.661214
810.519975 92.607306
913.005386 102.329659
1011.110204 111.586288
1105.220132 120.597756
1195.530718 129.202046
1282.428571 137.453698
1365.841837 145.451712
816.418958 184.900786
921.030417 192.814061
1021.176288 200.366480
1117.094442 207.666610
1209.058131 214.656200
1297.307184 221.388673
1382.018399 227.822422
822.572842 281.468812
929.405315 287.418910
1031.606504 293.041039
1129.412866 298.558473
1222.994715 303.797453
1312.758840 308.730425
1398.938050 313.609844
829.063176 382.625093
938.270352 386.343179
1042.542455 389.905317
1142.209249 393.308201
1237.547642 396.662013
1328.882063 399.834743
1416.514300 402.879204
835.924239 488.687730
947.482715 489.931429
1053.870961 491.276872
1155.529257 492.553270
1252.748295 493.680413
1345.743573 494.889892
1434.757996 495.960255
843.176321 599.965509
957.149230 598.658349
1065.898641 597.488366
1169.588929 596.326829
1268.658813 595.188255
1363.410495 594.141241
1453.979152 593.147464
850.641317 716.946307
967.243635 712.730730
1078.441791 708.696783
1184.300291 705.001106
1285.311652 701.339726
1381.719073 697.852634
1473.891253 694.613552
634.830267 62.913146
731.307910 58.961390
829.617296 54.853360
929.752172 50.846957
1031.868331 46.608156
1135.913631 42.286304
1242.163350 37.720633
623.684328 148.303300
722.180954 145.076309
822.536470 141.739242
924.923408 138.367093
1029.368894 134.898633
1135.872462 131.402511
1244.478646 127.896005
611.976191 237.615988
712.574465 235.125487
815.144611 232.641075
919.810178 230.071453
1026.683586 227.482779
1135.623197 224.775569
1246.793248 222.193421
599.756836 330.908918
702.586318 329.249128
807.479806 327.688696
914.432550 326.029245
1023.741773 324.376571
1135.270589 322.711274
1249.091950 321.002175
587.064080 428.550180
692.140156 427.857860
799.262117 427.334334
908.873805 426.646484
1020.678754 425.981373
1134.913606 425.309278
1251.457457 424.712741
573.720786 530.887974
681.037175 531.309669
790.875160 531.835292
902.893929 532.253412
1017.452420 532.755073
1134.505363 533.201755
1253.995330 533.760234
559.694115 638.182915
669.589850 639.742134
781.889298 641.374432
896.724212 643.131992
1014.028987 644.821838
1134.049849 646.607493
1256.669278 648.445345
635.189828 372.865507
752.033364 372.768543
869.250084 372.713976
987.220330 372.711882
1105.564866 372.692617
1224.337607 372.597103
1343.555445 372.539183
641.094982 486.985280
755.886244 487.154165
871.029103 487.368632
986.748411 487.556256
1102.864909 487.679710
1219.482342 487.825730
1336.432527 488.060377
646.930523 597.107154
759.600244 597.463312
872.717948 597.820695
986.316660 598.178039
1100.374346 598.569614
1214.824200 598.845036
1329.688806 599.327934
652.501777 703.241311
763.220468 703.798824
874.290409 704.373471
985.898043 705.003322
1097.940885 705.524084
1210.333724 706.036954
1323.143881 706.644050
657.956228 805.700752
766.738110 806.431568
875.930949 807.192451
985.526944 807.918230
1095.592839 808.691034
1206.013286 809.466680
1316.775987 810.188659
663.230195 904.738976
770.179009 905.633796
877.446075 906.540907
985.183687 907.454517
1093.329234 908.349747
1201.882921 909.275154
1310.749884 910.249849
668.278947 1000.398175
773.437611 1001.377184
879.009950 1002.430969
984.931580 1003.571750
1091.179523 1004.598716
1197.834739 1005.655208
1304.915244 1006.828534
297.427064 440.947262
430.278047 444.037478
554.372894 446.863074
670.718064 449.640412
779.961675 452.226620
882.727659 454.541470
979.623575 456.780814
300.010131 552.234256
428.546981 551.609715
548.866257 551.109017
661.814290 550.511415
768.069487 549.989579
868.294311 549.431098
962.845797 548.968825
302.639817 656.352748
426.916979 652.495257
543.626319 648.804341
653.435925 645.406198
756.902198 642.174629
854.643335 639.015837
946.994944 636.153430
304.943732 753.977543
425.493659 747.230553
538.646028 740.827298
645.529710 734.884824
746.382504 729.261276
841.703555 723.844360
931.996942 718.810356
307.203364 845.568291
424.086307 836.379879
534.114278 827.602896
637.976257 819.405874
736.419942 811.533451
829.397812 804.217850
917.730398 797.177799
309.340487 931.971216
422.802657 920.511907
529.705299 909.649805
631.003150 899.395308
726.917156 889.590708
817.885015 880.375250
904.292991 871.654692
311.354363 1013.385286
421.463930 999.933775
525.616539 987.132380
624.287035 975.156693
717.948507 963.676157
806.815356 952.779723
891.397206 942.512362
301.723564 200.305616
426.521704 211.119044
543.568452 221.159058
653.712632 230.769363
757.511795 239.822338
855.536240 248.254064
948.236547 256.263029
301.551682 315.836426
426.304083 322.952141
543.347690 329.663207
653.392029 335.996193
757.141995 341.990196
855.133224 347.555419
947.717728 352.881442
301.496647 431.174219
426.029088 434.664918
543.026047 437.959628
653.091084 441.141183
756.768451 444.076571
854.687902 446.754098
947.232314 449.395865
301.344073 546.447588
425.931776 546.301297
542.750061 546.148003
652.730552 546.043825
756.356488 546.005881
854.181030 545.820445
946.742863 545.797954
301.255090 661.450689
425.683012 657.732825
542.427734 654.191489
652.307654 650.924842
755.954659 647.778542
853.720015 644.864955
946.189018 642.071519
301.266262 776.411986
425.549424 769.090235
542.191587 762.165182
652.036768 755.715286
755.559288 749.502487
853.321475 743.723335
945.779292 738.277712
301.244454 891.090077
425.311475 880.221329
542.054377 869.824443
651.746164 860.243001
755.228729 851.060633
852.850464 842.424304
945.266418 834.327642
315.573842 71.996628
426.445274 85.285801
531.163991 97.705152
630.352625 109.659055
724.398496 120.950657
813.797750 131.597935
898.727135 141.782628
313.760797 155.552406
427.689148 166.736402
535.261788 177.285022
636.912290 187.314473
733.172912 196.816364
824.462211 205.816468
911.131432 214.314732
311.829719 243.942824
429.009354 252.873567
539.431751 261.261112
643.789167 269.213088
742.302757 276.690757
835.641699 283.721449
924.185692 290.494992
309.689775 337.755475
430.472101 344.007279
543.969133 349.891942
650.934320 355.438881
751.918768 360.767394
847.440711 365.743748
937.942008 370.497674
307.499172 437.340889
431.885085 440.603487
548.542344 443.807248
658.472496 446.790968
762.094077 449.517622
859.859982 452.209582
952.279045 454.684398
305.261768 543.321325
433.408290 543.316988
553.704500 543.400435
666.594421 543.430838
772.827931 543.390443
873.048138 543.399836
967.589436 543.389126
302.721079 656.301770
435.033092 652.597134
559.087202 648.949823
675.185255 645.788020
784.192751 642.618037
886.809559 639.717128
983.555373 636.975166
28.496052 93.627601
160.617147 97.317394
290.789727 100.726484
419.261305 104.199990
545.758966 107.614529
670.494925 110.815472
793.379005 114.097490
43.186747 222.029209
173.529129 224.889109
301.186508 227.362096
427.039803 229.849431
551.100207 232.250635
673.424392 234.603410
793.934593 237.033287
59.358105 346.097410
185.953716 347.677221
311.113686 349.191346
434.609315 350.773990
556.295431 352.293573
676.257633 353.725467
794.489779 355.201119
73.398555 465.270662
197.986887 465.789080
320.668648 466.448649
441.793156 467.221531
561.231434 467.889469
678.946598 468.482854
795.089607 469.171343
87.424391 579.653106
209.543495 579.615791
329.996791 579.477422
448.747379 579.412363
566.011852 579.271233
681.551118 579.189999
795.547783 579.098404
100.934442 690.148025
220.709560 689.311670
338.920628 688.450269
455.533760 687.657602
570.606111 686.743736
684.192467 685.922335
796.111978 685.164111
113.920451 796.614276
231.505101 795.053223
347.549045 793.449670
462.059327 792.020979
575.080011 790.467461
686.565127 788.931015
796.635465 787.578945
219.400956 204.189338
367.408368 216.249397
504.794715 227.329495
632.903300 237.804641
752.502166 247.612881
864.434070 256.630297
969.469220 265.147555
225.083932 334.406264
367.774268 341.441450
500.537475 348.078727
624.548141 354.135148
740.554769 359.808612
849.439396 365.097490
951.722017 370.135060
230.651730 455.619423
368.123758 458.264955
496.527476 460.643876
616.708701 462.968539
729.397049 465.127248
835.343920 467.051270
935.049679 468.926019
235.604217 568.586887
368.526060 567.347817
492.639270 566.174415
609.320529 565.127588
718.889263 564.140851
822.014970 563.059253
919.351872 562.234989
240.310734 673.946695
368.785470 669.456685
489.246987 665.116926
602.288346 661.163147
709.025071 657.316825
809.406027 653.788646
904.441468 650.374084
244.806726 772.822803
369.175244 765.373422
485.850727 758.306745
595.898975 751.669485
699.660685 745.325570
797.683843 739.470914
890.440164 733.883791
249.052127 865.506647
369.371809 855.432725
482.773474 845.910450
589.723845 837.047264
690.852445 828.516508
786.430294 820.508832
877.090748 812.992807
116.850000 278.216173
241.300334 280.458330
363.771493 282.608017
484.702739 284.906068
603.981269 287.060490
721.699464 289.164404
837.738490 291.291590
110.372672 394.862944
235.933670 396.254058
359.510631 397.696015
481.421504 399.185760
601.750476 400.556070
720.359437 401.926355
837.273491 403.293927
103.966612 513.487859
230.456770 514.072379
355.128666 514.712130
478.180177 515.352091
599.427696 515.914723
718.947936 516.410818
836.828725 517.047469
97.282909 634.138117
225.089013 633.815471
350.814536 633.561722
474.795335 633.351461
597.032316 633.077173
717.534278 632.814032
836.398948 632.631447
90.553103 756.743920
219.437832 755.533539
346.267606 754.467072
471.340954 753.332699
594.602341 752.171390
716.119390 751.122817
835.833304 750.094160
83.817413 881.562871
213.769693 879.332807
341.742750 877.367692
467.831600 875.385714
592.177171 873.345490
714.737449 871.364464
835.489308 869.446508
76.728460 1008.441502
207.976427 1005.217414
337.207911 1002.181773
464.372209 999.432543
589.667400 996.514497
713.238759 993.603232
835.012579 990.802455
278.921773 162.952083
401.883239 174.734835
517.351164 185.638158
626.154382 196.138812
728.801961 205.936606
825.923731 215.193417
917.786839 223.960293
275.781729 258.123232
402.561414 267.172260
521.471985 275.655986
633.201454 283.662226
738.541201 291.214351
837.919080 298.320332
931.814609 305.043799
272.431947 359.393454
403.202916 365.441159
525.664202 371.067058
640.719620 376.437527
748.721484 381.412314
850.507101 386.032553
946.647319 390.499998
268.796421 467.527775
404.058246 470.060363
530.277042 472.427468
648.515192 474.648654
759.465279 476.826121
863.829548 478.773472
962.239100 480.700675
264.976340 583.077920
404.741491 581.586507
534.917852 580.358861
656.815087 579.197408
770.895506 577.987458
877.960926 577.012475
978.660410 575.969502
260.978392 706.880996
405.529804 700.907286
540.218644 695.500498
665.749559 690.407598
783.012731 685.579500
893.027525 681.101593
996.222455 676.857033
256.534762 839.906916
406.360749 828.816887
545.799485 818.430585
675.253545 808.979822
796.016317 799.930613
908.873701 791.609546
1014.669934 783.808974
1036.236584 464.750178
1137.766393 463.073029
1244.517886 461.493059
1357.116111 459.743356
1475.639312 457.975731
1600.825340 456.043123
1733.327116 453.931317
1047.080439 556.387094
1146.012449 557.164639
1249.771903 557.941041
1358.984029 558.756796
1473.830602 559.516461
1594.975820 560.413687
1722.847347 561.438537
1057.441301 643.141588
1153.761823 645.864598
1254.781405 648.721355
1360.744599 651.731611
1472.213375 654.981326
1589.504513 658.284652
1713.148525 661.893309
1067.176254 725.112167
1161.094521 729.634614
1259.375897 734.460701
1362.466141 739.534076
1470.658858 744.750633
1584.319473 750.290455
1703.898134 756.085755
1076.499060 802.775425
1168.097257 808.993395
1263.851789 815.473960
1364.107070 822.204544
1469.230535 829.401042
1579.504362 836.867932
1695.301186 844.680896
1085.263620 876.541510
1174.674901 884.214988
1268.027848 892.188639
1365.609199 900.494308
1467.757497 909.312082
1574.873230 918.507549
1687.172035 928.142592
1093.646825 946.598983
1180.891958 955.479656
1271.945188 964.816486
1367.088339 974.635835
1466.432927 984.866036
1570.517270 995.499660
1679.624970 1006.781087
1058.644875 264.345705
1155.199279 258.214633
1256.409147 251.906818
1362.814178 245.308066
1474.560754 238.318212
1592.281765 231.004053
1716.395660 223.239427
1058.372360 360.511889
1154.831201 356.804273
1255.933444 352.851497
1362.229408 348.773839
1473.895597 344.390635
1591.500296 339.894273
1715.421183 335.184263
1058.125275 456.678986
1154.496377 455.174877
1255.542212 453.673387
1361.698935 452.043450
1473.329882 450.436833
1590.773474 448.638612
1714.654524 446.870928
1057.860506 552.572858
1154.161652 553.360681
1255.119469 554.290149
1361.152329 555.244738
1472.674419 556.193063
1589.977613 557.295367
1713.608651 558.330876
1057.704555 648.324460
1153.889212 651.396772
1254.701777 654.712933
1360.665485 658.129345
1471.990105 661.788107
1589.270033 665.596254
1712.692994 669.660653
1057.435094 743.980822
1153.492905 749.385476
1254.304947 755.067624
1360.063735 760.945692
1471.302859 767.283201
1588.444531 773.849934
1711.751327 780.803885
1057.241162 839.428004
1153.194730 847.039787
1253.861249 855.068954
1359.633574 863.578804
1470.662494 872.485010
1587.640423 881.814685
1710.880960 891.772031
1102.655104 153.676010
1190.634681 145.922793
1282.466448 137.909271
1378.463867 129.607293
1478.730957 120.893585
1583.892202 111.770489
1694.027592 102.208990
1094.120139 225.910200
1184.036604 219.666143
1278.022868 213.074093
1376.376654 206.267298
1479.315313 199.091876
1587.166749 191.669979
1700.384016 183.827665
1085.031525 301.912352
1177.055327 297.148817
1273.380537 292.245219
1374.208229 287.083479
1479.861003 281.725338
1590.800031 275.991642
1707.451864 270.147399
1075.520876 381.682478
1169.770015 378.608010
1268.466208 375.546701
1371.877266 372.261272
1480.466472 368.828483
1594.565396 365.307035
1714.751190 361.491004
1065.600704 465.659448
1162.092582 464.511332
1263.119949 463.485277
1369.475747 462.278461
1481.103453 461.064113
1598.683047 459.779964
1722.493769 458.494934
1055.100984 554.123825
1153.828437 555.182330
1257.748601 556.392023
1366.772079 557.536408
1481.748304 558.865631
1602.915725 560.180072
1730.744612 561.622299
1043.920680 647.483936
1145.244958 650.884369
1251.859295 654.529729
1364.185364 658.436546
1482.418846 662.503064
1607.452316 666.831374
1739.615591 671.385275
1129.620675 264.659379
1215.796909 257.679584
1306.829439 250.358992
1403.274031 242.675472
1505.426682 234.483843
1614.164728 225.770689
1729.918656 216.522441
1118.058260 339.393829
1205.877738 334.448784
1298.824283 329.143500
1397.421920 323.643415
1502.181595 317.710159
1613.607165 311.480639
1732.496624 304.837535
1105.850384 417.762901
1195.510710 414.873454
1290.500664 411.923445
1391.400874 408.766820
1498.708626 405.471014
1613.050592 401.860055
1735.333228 398.171880
1093.180343 499.813490
1184.653576 499.285049
1281.783924 498.896712
1384.957515 498.411137
1494.990334 497.907060
1612.490828 497.478735
1738.268910 496.845133
1079.905953 585.945375
1173.314552 588.052699
1272.478870 590.455780
1378.330701 592.905464
1491.089388 595.594284
1611.977208 598.415737
1741.432877 601.591399
1065.888243 676.432826
1161.149083 681.536258
1262.845256 687.018468
1371.078267 692.734102
1486.982910 699.021286
1611.279908 705.670994
1744.763371 712.829371
1051.165107 771.641292
1148.589381 779.897887
1252.539160 788.798889
1363.706673 798.292775
1482.647092 808.494180
1610.680033 819.465242
1748.469901 831.248907
1151.701815 377.879959
1257.083305 375.504074
1366.073747 373.197461
1479.119175 370.771305
1596.219245 368.307608
1717.801010 365.667325
1844.038164 363.017779
1151.262986 479.466995
1256.489066 478.982177
1365.467054 478.441056
1478.352057 477.941971
1595.260313 477.383677
1716.695853 476.826421
1842.878548 476.386210
1150.779783 581.032986
1255.886009 582.270359
1364.797422 583.574408
1477.501880 584.898117
1594.373293 586.385789
1715.630567 587.733366
1841.810422 589.371434
1150.351868 682.277712
1255.399843 685.248931
1364.084240 688.434283
1476.693877 691.677702
1593.458312 695.027612
1714.530545 698.501583
1840.275355 702.094381
1149.968661 783.373282
1254.840874 788.094666
1363.400670 793.049496
1475.901660 798.168277
1592.500314 803.543597
1713.514348 809.023533
1839.076040 814.808407
1149.522289 884.286142
1254.260980 890.806868
1362.759197 897.554068
1475.037387 904.583898
1591.493728 911.900961
1712.398976 919.403476
1837.853425 927.225870
1149.121241 984.917099
1253.703439 993.163832
1362.065475 1001.741423
1474.311266 1010.703646
1590.462921 1019.687916
1711.216502 1029.304965
1836.871358 1039.686519
1034.111033 266.100296
1132.451282 257.444403
1237.364728 248.408913
1349.826711 238.594900
1470.232920 228.205140
1599.680298 216.960910
1739.299966 204.745232
1049.003896 362.913819
1145.131286 357.747924
1247.407100 352.171471
1356.776366 346.232863
1473.662390 339.798503
1599.163228 332.997392
1734.062094 325.683227
1063.260494 454.786841
1157.152123 452.512086
1256.998341 450.074749
1363.375838 447.472228
1477.076410 444.800608
1598.724191 441.836860
1729.291808 438.676979
1076.676374 541.785338
1168.508538 542.182195
1265.953244 542.648027
1369.675292 543.186034
1480.239127 543.637530
1598.264217 544.194078
1724.731099 544.713447
1089.553358 624.407339
1179.358069 627.254181
1274.553792 630.256613
1375.591395 633.421398
1483.243653 636.827208
1597.964594 640.455475
1720.500988 644.327699
1101.684854 703.089814
1189.561718 708.113505
1282.577873 713.380678
1381.157011 718.951989
1485.981563 724.958831
1597.555673 731.329132
1716.464977 738.122560
1113.287119 777.972674
1199.307851 784.854835
1290.211616 792.187286
1386.526292 800.039096
1488.589897 808.337366
1597.154896 817.102080
1712.722722 826.537916
1140.881357 87.927930
1249.545427 80.164047
1362.160368 72.330766
1479.231271 64.116635
1600.251937 55.568891
1726.405800 46.700382
1857.556285 36.853545
1141.594291 195.163915
1249.321143 189.520648
1360.948194 183.605330
1476.778058 177.532164
1596.804540 171.185004
1721.543153 164.639741
1850.998982 157.839679
1142.239028 300.799025
1249.064798 296.951913
1359.783496 293.049667
1474.467850 288.939798
1593.343737 284.837892
1716.839456 280.360690
1845.312258 275.960782
1142.891267 404.459075
1248.821434 402.464820
1358.501521 400.524904
1472.157487 398.475706
1589.958905 396.302321
1712.239769 394.074742
1839.170627 391.753692
1143.646138 506.392022
1248.666129 506.228253
1357.359829 506.082286
1469.946283 505.909067
1586.670505 505.847765
1707.778987 505.646828
1833.481452 505.478750
1144.258042 606.705271
1248.367897 608.299791
1356.159654 609.886018
1467.681208 611.602919
1583.311842 613.458492
1703.301740 615.256617
1827.856285 617.185156
1144.919310 705.273534
1248.132625 708.461550
1354.944987 711.826816
1465.585236 715.397692
1580.115242 719.077897
1698.861847 722.753618
1822.250158 726.763665
