-1.90379149685933 -1.77726549247550 0.11050327311050 
-1.99916567091487 -2.15755736090776 0.78032042188721 
2.03798775405527 2.12958828208535 0.64886323078403 
1.93098532331009 1.81842181161702 0.08836569153308 
2.08478952191454 2.07602274069257 -0.12255615759916 
-2.05822770993345 -2.03588712427384 -0.09641560398018 
2.16041360050660 2.18698756146094 0.32809843920621 
2.13266546613465 2.13192157423828 -0.01340843272006 
-2.08995725153685 -2.09843023543634 0.23018319500415 
-2.05622287522956 -2.03723590637828 0.11869037909397
