-32.74655365862851 -13.98390790734320 82.97865353318878
-25.81159113182727 -31.35508251998352 96.07405767986722
-6.65008434883917 -17.33942674531398 63.90922530484207
-11.33980697233764 -31.23226926891035 76.14132485124203
-20.70907065471272 -32.38310690680236 77.35950049327253
-25.17167840919239 -14.44963629316453 72.08375640201973
-46.34084234009848 -30.56141626095512 63.32107727073479
-47.73535608237273 -19.19457076417195 69.04596547880297
5.97192976208716 -15.53585044955623 81.66372486652031
7.24605247922445 -31.72712586438077 75.45682488696251
