505.188969 401.758660
584.760788 397.704629
669.560021 393.579024
760.326374 389.084453
857.379690 384.316136
961.742797 379.129706
1074.082218 373.528677
527.332256 496.788960
605.939233 495.939326
689.537642 495.063265
778.858087 494.105019
874.293457 492.924715
976.742327 491.825963
1086.829756 490.646493
548.667181 588.102708
626.227578 589.987908
708.719230 592.076201
796.599263 594.241465
890.526868 596.652259
991.032809 599.120903
1098.937378 601.843871
569.087749 675.622277
645.702969 680.155258
727.027656 685.030849
813.610086 690.270629
905.991439 695.696107
1004.704410 701.570851
1110.424387 707.791383
588.777040 759.798956
664.451884 766.763585
744.729678 774.153270
829.989369 781.958866
920.811051 790.336731
1017.756805 799.256322
1121.399986 808.755727
607.681064 840.851961
682.400896 850.027629
761.571145 859.734902
845.550708 869.949112
934.953218 880.916690
1030.192286 892.624984
1131.838798 905.105719
625.894556 918.807068
699.691480 929.951899
777.712300 941.765005
860.584718 954.306517
948.499005 967.649397
1042.060165 981.850590
1141.848174 997.084940
632.088740 159.974468
706.537567 149.694740
785.317855 138.911010
868.976268 127.513209
957.846713 115.274577
1052.710925 102.278557
1153.764464 88.504214
614.201128 239.455914
689.476424 231.440788
769.214938 222.901290
853.948774 213.847974
944.261952 204.133890
1040.481931 193.908427
1143.306622 182.958329
595.680114 321.945533
671.853929 316.154891
752.595992 310.091182
838.486525 303.594999
930.054421 296.713423
1027.773847 289.294839
1132.461551 281.515806
576.542821 407.390339
653.529034 404.078195
735.299076 400.700424
822.325759 397.030738
915.257902 393.082275
1014.617254 388.965090
1121.106180 384.421577
556.722404 496.150716
634.542062 495.523601
717.226041 495.021223
805.607814 494.271570
899.816819 493.602158
1000.845744 492.833966
1109.137379 492.137177
536.048895 588.266356
614.632680 590.525237
698.572077 593.086044
787.992383 595.654311
883.722785 598.580036
986.358393 601.585023
1096.651079 604.813216
514.587118 683.911169
594.171650 689.314464
679.112717 695.118530
769.839298 701.413223
866.885384 708.068867
971.317363 715.227806
1083.565024 722.910068
916.505431 307.111044
1026.840465 314.650159
1130.098172 321.688055
1226.960728 328.421522
1317.963974 334.757286
1403.749542 340.574155
1484.578485 346.243548
906.974446 427.155333
1015.790724 430.665831
1117.715983 434.041571
1213.407513 437.156094
1303.374828 440.130245
1388.257181 442.901180
1468.300133 445.538024
897.888483 543.062496
1005.049712 542.896917
1105.687632 542.643026
1200.208955 542.499994
1289.217999 542.372950
1373.234534 542.082668
1452.558953 542.022865
888.959833 655.092292
994.740946 651.358397
1093.972549 647.822882
1187.428768 644.548782
1275.454638 641.469078
1358.575639 638.472206
1437.223939 635.760435
880.424671 763.280031
984.690274 756.313534
1082.685825 749.711867
1174.922436 743.571015
1262.138085 737.652584
1344.372756 732.168047
1422.300022 726.850918
872.208123 868.023452
975.005129 858.005680
1071.673928 848.552869
1162.943176 839.629948
1249.141683 831.095118
1330.659207 823.119141
1407.905953 815.588218
864.191780 969.332985
965.455487 956.399185
1061.064126 944.176877
1151.237644 932.783402
1236.553191 921.837056
1317.232278 911.494954
1393.797814 901.807639
857.632029 86.873891
956.722181 100.100459
1050.141131 112.442185
1138.538462 124.310492
1222.115025 135.523046
1301.437600 146.111066
1376.730783 156.185525
868.140564 180.626379
969.002816 191.305163
1064.090823 201.383728
1153.862077 210.911803
1238.712164 220.003288
1318.991605 228.575441
1395.159862 236.624793
879.086562 278.595640
981.810524 286.539863
1078.573411 294.032664
1169.834553 301.186597
1255.880350 307.948191
1337.244003 314.176505
1414.433350 320.264008
890.602246 381.165458
995.335992 386.080794
1093.759410 390.745643
1186.376245 395.131911
1273.694071 399.365630
1356.226476 403.294198
1434.362616 407.067785
902.637023 488.544422
1009.313273 490.153138
1109.416371 491.772009
1203.553706 493.323770
1292.314274 494.636576
1375.982320 496.019077
1455.052605 497.260800
915.352186 601.142796
1024.000418 599.211647
1125.999286 597.445168
1221.647450 595.746566
1311.687687 594.114193
1396.605842 592.576354
1476.702749 591.174716
928.539819 719.326508
1039.300397 713.492617
1143.256624 707.848302
1240.546787 702.781942
1331.958891 697.846698
1417.980928 693.225503
1499.066480 688.933006
686.283039 68.686046
794.630446 72.010796
901.580866 75.215503
1007.298281 78.498153
1111.756031 81.668192
1214.970092 84.856450
1316.879370 88.087956
683.557583 167.404599
793.576652 170.155575
902.190815 172.799532
1009.542977 175.485743
1115.561399 178.108359
1220.288763 180.774169
1323.631433 183.407205
680.683316 269.294447
792.435430 271.391253
902.762046 273.463056
1011.806272 275.545540
1119.486327 277.610925
1225.728483 279.621027
1330.655551 281.724879
677.750856 374.423191
791.361057 375.822508
903.455066 377.293193
1014.146233 378.733833
1123.486894 380.172980
1231.348770 381.637059
1337.862163 383.051630
674.745561 483.083520
790.201558 483.754293
904.024857 484.580883
1016.535229 485.338612
1127.633911 486.050623
1237.157713 486.830971
1345.218019 487.587837
671.661722 595.314944
788.896325 595.325817
904.781376 595.396703
1019.034641 595.440544
1131.873684 595.453859
1243.211785 595.460191
1352.981265 595.528170
668.408531 711.414620
787.641487 710.583361
905.463875 709.819450
1021.670487 709.164545
1136.290854 708.391641
1249.305677 707.645037
1360.858011 706.949127
588.234074 378.134722
698.329822 376.752821
810.674598 375.395131
925.706129 373.950596
1043.237198 372.517878
1163.469650 371.028082
1286.254121 369.470427
597.248399 488.690397
705.533322 488.528138
816.024445 488.412361
928.967669 488.242830
1044.334283 487.961237
1162.363438 487.754524
1282.808592 487.561903
606.084289 595.517115
712.549953 596.410040
821.154346 597.318907
932.110125 598.298461
1045.502413 599.244617
1161.351527 600.158241
1279.584205 601.198545
614.554911 698.587402
719.348099 700.492192
826.075800 702.500070
935.155015 704.582747
1046.559446 706.584438
1160.293045 708.607969
1276.396538 710.726841
622.829587 798.235880
725.908156 801.102068
830.947770 804.067330
938.110150 807.072128
1047.572552 810.159610
1159.297579 813.285183
1273.274155 816.437219
630.782773 894.721914
732.206831 898.479411
835.554465 902.283291
940.956852 906.193874
1048.519597 910.220873
1158.354191 914.333486
1270.357678 918.511553
638.528658 988.043368
738.324864 992.569046
840.049136 997.141552
943.760338 1002.002056
1049.434551 1006.908770
1157.353136 1011.888269
1267.465530 1017.041960
91.257575 24.121941
229.498403 33.965541
360.929629 41.811830
489.473927 50.456076
613.423271 58.372013
733.603180 66.062646
849.796281 73.331101
97.817599 153.355969
233.335560 159.922355
364.273122 166.312466
491.010849 172.387474
613.822232 178.325908
732.825831 184.045741
848.095961 189.635136
103.882451 279.306425
237.693260 283.743015
367.269598 288.012638
492.817591 292.134196
614.438006 296.158842
732.278207 299.964481
846.495363 303.735445
109.446056 402.756218
242.071570 405.124076
370.257588 407.388113
494.539196 409.545009
614.971028 411.737124
731.663529 413.775927
844.901880 415.839587
115.095789 523.639100
246.247605 524.092618
373.217016 524.481885
496.159573 524.845317
615.498517 525.163529
731.086310 525.593656
843.255088 525.903089
120.684564 642.291885
250.391422 640.823048
376.072413 639.405497
497.859936 638.002472
616.014267 636.574574
730.603828 635.277646
841.749517 634.037349
126.172296 758.556406
254.478816 755.271352
378.929614 752.012023
499.523763 748.968561
616.530865 745.879849
730.045526 742.970112
840.195570 740.265463
116.918090 278.366898
241.414170 280.634039
363.922853 282.784400
484.830264 285.036428
604.097069 287.187993
721.775313 289.303736
837.733769 291.408942
110.475175 395.005154
236.047437 396.440058
359.660579 397.865265
481.601627 399.262066
601.898408 400.626118
720.462070 402.011862
837.293262 403.358530
104.020563 513.623914
230.567060 514.219388
355.282584 514.832898
478.334675 515.417748
599.561764 515.963511
719.040397 516.469124
836.859954 517.088770
97.360023 634.266517
225.203496 633.947407
350.954149 633.657810
474.927154 633.392250
597.150944 633.105181
717.622351 632.843804
836.429305 632.670366
90.645216 756.863853
219.553374 755.686081
346.379898 754.596090
471.455553 753.400645
594.695821 752.199680
716.198813 751.153628
835.866855 750.143081
83.942006 881.772431
213.888674 879.643596
341.868514 877.587125
467.967450 875.526657
592.280507 873.402035
714.797793 871.421812
835.491268 869.494112
76.829641 1008.664682
208.123536 1005.491698
337.296378 1002.544157
464.498895 999.663204
589.770488 996.597497
713.322129 993.669448
835.021624 990.834317
1151.629241 377.920643
1256.987295 375.561357
1365.987517 373.241677
1479.040394 370.854226
1596.037029 368.456781
1717.467876 365.889507
1843.519595 363.215254
1151.200347 479.510288
1256.393150 479.030185
1365.391636 478.469481
1478.273425 477.986635
1595.062016 477.453683
1716.382226 476.929720
1842.368283 476.463770
1150.741223 581.060349
1255.803312 582.287703
1364.736004 583.574978
1477.437459 584.877677
1594.185260 586.371317
1715.322851 587.764901
1841.296267 589.362325
1150.312431 682.318697
1255.333153 685.258683
1364.045697 688.399884
1476.647913 691.585445
1593.302325 694.944413
1714.267160 698.450712
1839.798244 701.994315
1149.928394 783.427348
1254.795598 788.106341
1363.379487 793.030656
1475.845736 798.116363
1592.349334 803.472027
1713.279243 808.954856
1838.658590 814.685868
1149.453353 884.345266
1254.212759 890.819931
1362.757952 897.523391
1475.008817 904.508091
1591.390311 911.793464
1712.177277 919.295986
1837.512038 927.067939
1149.005436 984.992898
1253.594388 993.200011
1361.978955 1001.749557
1474.262560 1010.670633
1590.397806 1019.616841
1711.079043 1029.211205
1836.600154 1039.501827
1140.815180 88.110669
1249.453017 80.401256
1362.058644 72.559908
1479.209058 64.443887
1600.148129 55.940174
1726.105438 47.186918
1857.140218 37.227527
1141.465820 195.283892
1249.196216 189.648631
1360.823351 183.725243
1476.743649 177.824369
1596.727598 171.539203
1721.334356 165.072702
1850.684117 158.177679
1142.135296 300.857912
1248.952163 297.025621
1359.683757 293.114304
1474.394779 289.095216
1593.209734 285.071002
1716.570068 280.696164
1844.860114 276.248608
1142.818979 404.501687
1248.725299 402.524705
1358.415288 400.563057
1472.084177 398.547022
1589.785780 396.428570
1711.926195 394.260298
1838.680970 391.929601
1143.590275 506.431207
1248.575566 506.269094
1357.285173 506.105885
1469.869725 505.937867
1586.472548 505.893249
1707.474587 505.724236
1832.989595 505.547429
1144.222321 606.735077
1248.290976 608.311596
1356.101180 609.876910
1467.630725 611.558539
1583.141120 613.417974
1703.021329 615.266154
1827.350105 617.164848
1144.881158 705.320884
1248.070283 708.472916
1354.906772 711.794246
1465.548547 715.309489
1579.966048 718.983315
1698.640783 722.689075
1821.790670 726.662142
