508.178222 403.870734
586.426541 399.263530
670.298998 394.630906
760.426386 389.720266
857.173782 384.691446
961.238077 379.521447
1073.021260 374.252291
529.310036 497.778295
606.831917 496.552727
689.680015 495.326130
778.558980 494.141789
873.914340 492.824228
976.271091 491.674078
1086.028987 490.641459
550.015584 588.473760
626.660162 590.177679
708.549765 592.095782
796.147848 594.159958
890.038587 596.528819
990.560008 598.957677
1098.148564 601.692270
570.097407 675.636133
645.929496 680.116606
726.757015 685.008168
813.106644 690.273646
905.471404 695.685157
1004.158913 701.456866
1109.483754 707.589184
589.661958 759.553892
664.651221 766.615794
744.478124 774.072463
829.506013 781.942944
920.232364 790.304763
1017.031822 799.056231
1120.163773 808.302926
608.554546 840.260153
682.622936 849.599454
761.370456 859.420265
845.087536 869.724559
934.275064 880.619390
1029.202054 892.036745
1130.120076 904.059428
626.902040 917.756896
700.025726 929.067444
777.598994 940.978237
860.092121 953.560879
947.695400 966.727586
1040.762143 980.478704
1139.539768 994.975797
635.177500 165.717062
708.596278 155.070368
786.502484 144.077946
869.269382 132.785891
957.156326 121.000276
1050.686425 108.894309
1149.841537 96.515345
616.800791 243.290813
691.150650 234.772363
770.147478 225.883792
854.210656 216.756092
943.846388 207.260329
1039.133517 197.563444
1140.505773 187.628295
597.797078 324.415917
673.056361 318.116219
753.154166 311.638419
838.600122 304.906514
929.751554 298.038317
1026.882851 290.925955
1130.491683 283.816923
578.308330 408.888949
654.385139 405.093787
735.511173 401.323904
822.217172 397.382720
914.940371 393.346568
1014.033323 389.346209
1119.779740 385.236967
558.253390 497.011495
635.153641 496.020439
717.223492 495.205502
805.311145 494.257042
899.423409 493.481334
1000.377338 492.716045
1108.244129 492.216908
537.570829 588.659951
615.171330 590.740621
698.469663 593.136368
787.564937 595.585568
883.233114 598.472835
985.892100 601.441860
1095.897107 604.685361
516.360992 683.915213
594.884738 689.297483
679.113778 695.089069
769.426296 701.417066
866.360091 708.106494
970.770463 715.187766
1082.701884 722.709476
916.154264 308.320260
1025.969255 315.940287
1128.426334 323.335282
1224.046554 330.613396
1313.329662 337.643131
1396.714290 344.286894
1474.596729 350.813718
906.571114 427.275084
1015.202005 430.798549
1116.657037 434.431047
1211.382627 437.925705
1299.909131 441.397796
1382.713618 444.708050
1460.093928 447.970328
897.394417 542.952156
1004.573499 542.745786
1104.918024 542.595844
1198.729173 542.609838
1286.478630 542.705872
1368.634904 542.711626
1445.512455 542.973390
888.426834 655.081913
994.244766 651.275625
1093.269194 647.715713
1186.125819 644.380686
1273.077326 641.287549
1354.519755 638.308703
1430.920204 635.681162
879.853012 763.333786
984.099436 756.284193
1081.879259 749.539625
1173.556145 743.226306
1259.758791 737.093900
1340.446170 731.406489
1416.293656 725.941257
871.616921 867.841025
974.274237 857.772815
1070.659255 848.126592
1161.350957 838.938480
1246.531568 830.038053
1326.601039 821.678583
1401.884251 813.762394
863.639311 968.477874
964.597760 955.580665
1059.798521 943.169151
1149.282866 931.481054
1233.559596 920.105761
1312.798963 909.253783
1387.442681 899.020083
858.111502 93.553340
955.981164 106.320501
1048.272258 118.608139
1135.339219 130.751754
1217.397921 142.436918
1294.859617 153.699813
1367.927522 164.677465
868.340488 184.317913
968.332768 194.711115
1062.542235 204.895331
1151.189714 214.839142
1234.634216 224.503896
1313.129800 233.812175
1387.067177 242.746183
879.022802 280.182182
981.232984 288.043303
1077.306212 295.738058
1167.627217 303.315881
1252.349398 310.643586
1331.960751 317.598923
1406.849281 324.479643
890.290649 381.518479
994.779334 386.404706
1092.722062 391.310661
1184.507197 396.079850
1270.566583 400.799426
1351.289113 405.317733
1427.069564 409.780016
902.191226 488.407348
1008.789945 490.013855
1108.541024 491.793670
1201.901275 493.574755
1289.341670 495.236811
1371.101407 497.056855
1447.689846 498.764409
914.781610 600.997661
1023.453816 599.023860
1125.098616 597.298453
1219.966035 595.654182
1308.587583 594.125113
1391.462689 592.762820
1468.929336 591.561710
927.904735 719.322112
1038.626976 713.364750
1142.125159 707.585262
1238.479688 702.365515
1328.357740 697.264844
1412.141285 692.570000
1490.407448 688.191533
689.383881 77.089322
796.006750 79.499479
901.528496 82.331090
1005.815579 85.715792
1108.595805 89.468809
1209.681650 93.667111
1308.792398 98.259291
685.771473 172.445117
794.461674 174.355166
902.085459 176.674221
1008.404777 179.478177
1113.158575 182.665861
1216.064645 186.210276
1316.909288 190.094527
682.121825 271.955839
792.892603 273.337346
902.588412 275.131578
1011.023771 277.320575
1117.687807 279.862603
1222.416505 282.622874
1325.040671 285.799095
678.514134 375.608981
791.361773 376.441674
903.141024 377.669083
1013.526206 379.167240
1122.161263 380.994436
1228.750444 383.025957
1333.122529 385.275286
675.013240 483.472279
789.876268 483.793827
903.616599 484.448993
1016.047852 485.214318
1126.612322 486.151045
1234.986594 487.288774
1341.015729 488.576102
671.671948 595.405813
788.395302 595.250372
904.265136 595.263329
1018.560872 595.275073
1130.954172 595.314871
1241.202446 595.395306
1348.922181 595.628628
668.453403 711.369087
787.143338 710.602622
904.884049 709.811291
1021.063662 709.051104
1135.232125 708.165261
1247.093176 707.205991
1356.465453 706.258766
589.939238 379.916500
698.832772 377.817568
810.587383 375.982581
925.278732 374.380528
1042.361985 373.129160
1161.550623 372.184868
1282.421196 371.509749
598.237014 489.400251
705.526840 488.786010
815.642333 488.385205
928.493910 488.112063
1043.705724 487.912768
1160.985472 487.962176
1279.833304 488.229660
606.671468 595.732017
712.315260 596.429984
820.641932 597.228464
931.632725 598.163716
1044.919737 599.088513
1160.145204 600.046959
1276.928645 601.166543
615.053605 698.537878
719.075647 700.458909
825.515349 702.517650
934.608088 704.553702
1045.901292 706.447131
1159.014558 708.328390
1273.694120 710.232891
623.410822 797.903563
725.738525 800.953958
830.442380 804.015886
937.496373 806.975414
1046.724487 809.880573
1157.723894 812.691859
1270.227379 815.341451
631.583500 893.849598
732.186946 897.891900
835.087893 901.865705
940.223245 905.757422
1047.404029 909.484882
1156.329138 913.100810
1266.696535 916.488705
639.685473 986.208485
738.500522 991.111948
839.594267 995.918862
942.861408 1000.695978
1048.001032 1005.191596
1154.772004 1009.466196
1262.998886 1013.592856
123.079271 48.474660
249.669056 52.679560
374.529623 57.070032
497.506656 62.264472
617.981125 67.895270
735.728165 73.997437
850.385109 80.559996
124.226868 169.761014
250.437160 172.572121
374.801243 175.872257
497.075803 179.601604
617.057409 183.756550
734.280381 188.243590
848.413515 193.148919
126.583096 290.083670
251.892764 291.754987
375.526560 293.795092
497.224531 296.185080
616.476634 298.906287
732.976121 301.778086
846.478694 305.027049
129.545001 409.269796
254.147800 409.773537
376.875519 410.578197
497.688958 411.634550
616.150295 412.927100
731.823324 414.325890
844.616529 416.032366
133.404990 526.928188
256.973108 526.405543
378.782643 525.995287
498.602048 525.742801
616.143624 525.599764
730.864328 525.666000
842.805636 525.798286
137.929189 642.895877
260.395865 641.261236
381.146787 639.690878
499.930372 638.195557
616.451701 636.655898
730.282692 635.258607
841.207604 633.964390
143.163984 756.677997
264.395156 753.979718
384.003546 751.181654
501.646814 748.535080
617.053826 745.690986
729.775863 742.924424
839.631921 740.275204
138.686452 288.901736
255.438463 288.685533
372.360978 288.738408
489.490100 289.323805
606.363350 290.158686
722.625014 291.339000
837.801914 292.900710
130.576804 401.746865
248.532885 401.398323
366.740618 401.314181
485.100477 401.587361
603.297182 402.033758
720.689802 402.707082
837.049894 403.651326
123.148215 517.248647
242.141549 516.803288
361.497530 516.578787
481.144109 516.482374
600.397559 516.507868
718.877842 516.603283
836.380375 516.999824
116.222065 635.066203
236.450571 634.518906
356.852286 634.052986
477.452044 633.625769
597.776637 633.204141
717.340857 632.815157
835.842525 632.598800
110.132620 754.846648
231.171783 754.246711
352.569586 753.632068
474.149700 752.830506
595.421017 751.951344
715.981525 751.061469
835.303456 750.163952
104.607380 876.434795
226.443012 875.713219
348.807379 874.893435
471.207073 873.822101
593.377569 872.462448
714.797153 870.922267
834.988157 869.221263
100.218383 999.021702
222.346822 998.619075
345.725982 997.278881
468.832028 996.055830
591.619021 994.212101
713.678691 992.028583
834.539522 989.609238
1149.992945 378.937684
1253.845922 377.278082
1360.375747 375.932233
1469.438558 374.807740
1580.782232 373.895714
1694.240103 373.176028
1809.572305 372.722570
1149.971611 479.756206
1253.870514 479.638459
1360.576685 479.676899
1469.744210 479.952338
1581.163711 480.326409
1694.783098 480.891519
1810.195833 481.657348
1149.686794 580.990571
1253.595156 582.328660
1360.322128 583.809190
1469.491520 585.380683
1580.964740 587.168328
1694.567406 588.885911
1810.098198 590.907768
1149.207872 682.119582
1253.060499 684.882567
1359.627721 687.855666
1468.734677 690.870553
1580.174417 693.891173
1693.649135 696.967284
1809.031899 700.102189
1148.562594 782.976418
1252.185241 787.267391
1358.556089 791.622315
1467.526233 796.000051
1578.748339 800.428602
1692.110414 804.799396
1807.274898 809.156107
1147.663814 883.378104
1251.021202 889.203101
1357.128655 894.988293
1465.772194 900.766370
1576.707128 906.496091
1689.846019 912.135366
1804.804598 917.708413
1146.670700 983.039975
1249.590094 990.295963
1355.344413 997.474399
1463.687185 1004.719714
1574.239315 1011.712271
1686.851082 1018.376448
1801.570734 1025.612732
1137.093808 96.021628
1243.143018 89.950383
1352.026783 84.289327
1463.637411 79.036819
1577.623710 74.190813
1693.902709 69.637315
1812.047752 65.674527
1138.755365 199.628825
1244.388824 195.203552
1352.885770 191.035610
1464.038063 187.257868
1577.494227 183.794751
1693.171868 180.713189
1810.762506 177.984841
1140.185214 302.883277
1245.288886 299.945024
1353.314017 297.334186
1463.857614 294.943065
1576.697436 292.943645
1691.708732 291.051573
1808.761749 289.600575
1141.412899 405.193364
1245.880450 403.806144
1353.204509 402.721031
1463.089119 401.817270
1575.250111 401.050192
1689.584617 400.542642
1805.746554 400.247051
1142.489466 506.513117
1246.258274 506.671584
1352.807087 506.953462
1461.862726 507.404424
1573.241495 508.083361
1686.770587 508.854449
1802.058818 509.733051
1143.209624 606.589702
1246.181486 608.216242
1351.910803 609.879848
1460.073658 611.734943
1570.577881 613.711821
1683.225561 615.695337
1797.677065 617.810290
1143.761630 705.110745
1245.857680 708.054102
1350.651826 711.100205
1457.936661 714.344234
1567.481077 717.555245
1679.022470 720.741253
1792.471446 724.057698
