-30.53707116987141 -13.93749968171235 79.37236896647322
-25.08638047658101 -31.44232502461539 93.08480872859704
-10.25262271015060 -13.84692759184897 63.76281371505057
-14.14746268779890 -31.25076975321556 78.03820010907879
-24.72820905370079 -34.80639273506147 85.85965209742199
-22.12298021595133 -14.44933886776120 69.36565785374640
-36.05545655551048 -10.21478368359591 61.88744886657957
-38.83768740182246 -23.59240405666035 68.52040216494818
-43.16491052771083 -32.81864599903821 79.70573618170977
-49.49871671148157 -27.15476671499265 63.48382023494056
-41.20023234270624 -20.31032547340901 57.15495653124677
-47.76263293137210 -19.19081873509158 69.20294361108199
-44.19579314664850 -25.47428287361887 74.17953669300179
-3.81850831688877 -10.02147068969290 84.01277948101036
-0.62018951349618 -23.36353744977072 90.62155601466245
5.12925704315256 -31.98973336618475 101.37752347688762
8.45562505776554 -24.59007728665791 96.59412136084029
5.93173088305770 -15.53006107984645 81.79085851320279
0.81528531887052 -21.51507328998949 77.38590358544681
4.79562064463727 -31.72922680283502 78.62264666354275
