-1.94189098918419 -1.84466314450333 0.01068268041028 
-2.08539927489466 -2.21120701729628 0.69200498540216 
-2.10047637316075 -2.20407088419605 -0.66903532001316 
1.96805091935152 1.88576044351587 -0.01355517428668 
2.08337569209877 2.13485752737028 -0.45714568781146 
-2.09523077719577 -2.09556197441956 -0.20830417015909 
-2.02235221795487 -2.20386044800455 -0.88581416034441 
2.00487130131639 2.01124319176519 0.41290650462496 
1.89820343912818 1.75001537175475 -0.01245920754109 
-2.12846172266690 -2.15148034451496 -0.32520091817446 
-2.01793912880318 -2.14952868910149 -0.76056169467567 
2.13326884172553 2.13266769321398 -0.01391978593075 
1.92863374425289 1.81917753162213 -0.11382919354055 
-1.87559629537338 -1.70873428614047 0.01010396796316 
-1.97005976141392 -1.97728784826171 0.43231501421420 
2.03251141409451 2.24701962262904 -0.91772546711615 
2.03014198043936 2.19416545102523 -0.79240869966928 
-2.08992753697078 -2.09811805214283 0.22920110209289 
-1.90761628132804 -1.77643330727506 -0.09028197845862 
-2.05617165579811 -2.03695714359522 0.11796616580803
