530.296473 399.110791
619.289901 395.223368
713.446808 391.404712
813.244486 387.460666
918.750189 383.607408
1030.252745 379.773909
1147.811853 376.084681
549.107076 496.804521
636.789805 495.779396
729.386145 494.817854
827.372976 493.885316
930.885357 492.944142
1040.137785 492.217914
1155.135102 491.680181
567.523581 590.818376
653.831265 592.267703
744.888268 593.894930
841.013055 595.612556
942.516634 597.564046
1049.402106 599.544727
1161.758322 601.759389
585.332033 680.930474
670.326802 684.664342
759.751091 688.743291
854.109000 693.004661
953.562910 697.333985
1058.092400 701.860193
1167.774337 706.577589
602.662074 767.325025
686.302549 773.220213
774.251450 779.348266
866.737322 785.689728
964.054306 792.324240
1066.215169 799.103724
1173.300034 806.115049
619.360568 850.154704
701.608475 857.915192
787.990917 865.911937
878.700506 874.195158
973.981881 882.772213
1073.856556 891.576129
1178.379649 900.634576
635.545352 929.431382
716.389089 938.774800
801.160696 948.438534
890.183807 958.508079
983.414028 968.815703
1081.048381 979.371683
1183.079187 990.286464
643.833180 153.185766
724.905652 144.394315
809.958153 135.471934
899.172927 126.515303
992.642548 117.382752
1090.616467 108.310673
1193.004693 99.269364
627.484870 232.521232
709.937394 225.380334
796.544735 218.115579
887.522233 210.857969
983.130983 203.512796
1083.304957 196.235243
1188.178902 189.040546
610.553819 315.755149
694.374412 310.402663
782.531664 305.095021
875.405532 299.678485
973.015620 294.354295
1075.468382 289.017280
1182.894875 283.947413
593.101945 402.713631
678.253839 399.470188
768.009465 396.324945
862.612234 393.113546
962.301442 389.979731
1067.169333 387.031659
1177.139997 384.150488
575.164696 493.735181
661.665156 492.806723
752.853247 492.094815
849.397689 491.306387
951.024485 490.742339
1058.249787 490.206368
1170.805402 489.995192
556.663925 588.737515
644.382506 590.413434
737.336915 592.339387
835.431373 594.328152
939.170411 596.636786
1048.686053 598.952516
1163.854120 601.442612
537.611038 687.816733
626.823143 692.276714
721.248584 697.065936
821.122312 702.218188
926.745249 707.505052
1038.531077 712.993435
1156.176645 718.710366
846.329949 374.051653
963.368042 377.984748
1074.543779 382.035217
1179.999693 386.231528
1279.894525 390.470374
1374.433337 394.548156
1463.838099 398.697451
837.885489 489.816589
952.373899 490.870965
1061.287927 492.143858
1164.716114 493.420739
1262.795342 494.789355
1355.851114 496.155544
1443.880838 497.646647
830.048237 600.190360
941.829769 598.699947
1048.437513 597.214508
1149.837206 595.936949
1246.142853 594.754194
1337.616861 593.576276
1424.357033 592.650777
822.583248 705.166819
931.836492 701.240647
1036.014014 697.477644
1135.385022 693.887851
1229.937892 690.368673
1319.803994 686.915993
1405.233159 683.803056
815.724896 804.678890
922.267872 798.745280
1024.179249 792.856284
1121.356927 787.224341
1214.202332 781.661702
1302.456326 776.320874
1386.558633 771.099951
809.110386 899.290646
913.205692 891.481109
1012.711722 883.768362
1107.980973 876.264450
1198.948210 868.817118
1285.772361 861.644651
1368.471858 854.739903
802.915609 989.020475
904.416607 979.469530
1001.869406 970.053226
1095.081525 961.001632
1184.289063 951.983702
1269.471975 943.182165
1350.822615 934.690977
811.499032 99.497965
912.689573 108.689714
1009.638785 117.774464
1102.425695 127.033634
1191.192096 136.193566
1276.072367 145.258470
1357.048163 154.256400
817.006328 188.845620
920.653572 196.331499
1019.889560 203.874641
1114.718198 211.509430
1205.323990 219.116930
1291.724103 226.647149
1374.062941 234.081490
822.757539 283.286016
928.973246 288.956215
1030.519490 294.680897
1127.538385 300.542754
1219.862492 306.373952
1307.865228 312.066715
1391.655198 317.859291
828.909986 383.170348
937.779331 386.701193
1041.685519 390.389291
1140.678412 394.120902
1234.851230 397.978913
1324.463131 401.750913
1409.665812 405.552408
835.509752 488.697007
946.942961 489.853304
1053.128028 491.276972
1154.245272 492.735164
1250.300575 494.196040
1341.497337 495.811247
1427.993977 497.387145
842.583650 599.915015
956.550669 598.579555
1065.168953 597.407500
1168.329534 596.266058
1266.183761 595.176226
1359.027547 594.260658
1446.930023 593.450767
850.008705 717.031765
966.569661 712.791086
1077.583935 708.608984
1182.761664 704.739153
1282.480261 700.847836
1376.808387 697.182232
1466.079122 693.754935
639.095866 72.370682
733.801798 67.617058
830.568553 63.127480
929.311493 59.139715
1029.852434 55.392719
1132.045180 52.140947
1235.541315 49.368529
627.166588 154.746914
724.130459 150.685921
823.283210 146.889398
924.530488 143.481174
1027.766945 140.393067
1132.636901 137.752180
1238.940476 135.583865
614.717750 241.687104
713.996461 238.395366
815.617530 235.397179
919.519489 232.691463
1025.425411 230.379837
1133.096371 228.355548
1242.304551 226.870723
601.873921 333.294055
703.483109 330.915669
807.619237 328.855540
914.113923 326.993381
1022.831244 325.515518
1133.445946 324.358666
1245.560774 323.524894
588.651097 429.831488
692.590511 428.578992
799.129705 427.623992
908.507918 426.747738
1020.004220 426.181705
1133.557221 425.838309
1248.642586 425.823129
574.992223 531.499681
681.188842 531.561715
790.520365 531.834752
902.444447 532.129671
1016.880309 532.656331
1133.445473 533.218029
1251.619024 534.027621
560.907906 638.371304
669.692788 639.805488
781.462077 641.371588
896.190470 643.135163
1013.452522 644.793085
1133.011847 646.493647
1254.301324 648.194164
636.493047 374.430663
752.297451 373.685511
869.007521 373.249709
986.546738 373.239132
1104.221575 373.561773
1221.594594 374.138735
1338.401778 375.052308
641.770002 487.563185
755.736057 487.313040
870.627048 487.300006
986.183603 487.495500
1101.942140 487.788947
1217.446773 488.259635
1332.336927 489.000085
647.254640 597.262503
759.278899 597.449963
872.222923 597.740272
985.822984 598.074067
1099.598106 598.466906
1213.097608 598.793041
1326.065808 599.372237
652.778654 703.206125
762.872692 703.815014
873.744624 704.435123
985.326395 705.007667
1097.079856 705.408034
1208.587861 705.706053
1319.596493 706.048871
658.342247 805.446976
766.480008 806.373335
875.368815 807.199882
984.818437 807.856801
1094.491950 808.397429
1203.951110 808.749124
1312.964013 808.904433
663.818351 903.971006
770.011870 905.160707
876.844315 906.190926
984.283997 907.011023
1091.872169 907.544114
1199.335427 907.872409
1306.349090 908.005388
669.265790 998.585802
773.466701 999.995694
878.365233 1001.181527
983.773679 1002.200647
1089.277558 1002.788550
1194.632644 1003.105908
1299.647437 1003.159449
306.586032 444.456513
434.790564 446.273819
556.287381 448.200514
671.222463 450.300227
779.822578 452.451899
882.350535 454.555517
979.125873 456.788883
308.252626 553.920285
432.470571 552.656859
550.400644 551.698495
662.065550 550.763123
767.779466 550.016918
867.851955 549.339397
962.412489 548.850799
310.467168 656.669093
430.625873 652.725286
545.056572 648.955994
653.672085 645.474990
756.574628 642.183321
854.146854 639.018030
946.522608 636.129132
312.791367 753.073079
429.320641 746.717721
540.201472 740.601206
645.873719 734.816720
746.141736 729.307883
841.213004 723.959246
931.468061 718.908145
315.398035 843.398824
428.311890 835.044601
536.000555 826.840830
638.574257 819.051654
736.329105 811.439307
828.976819 804.262567
917.168484 797.245984
318.143766 928.308302
427.636382 918.135189
532.061273 908.179269
631.927686 898.574482
727.004466 889.154712
817.542466 880.158025
903.686497 871.525381
321.104979 1007.900466
427.123478 996.177185
528.607710 984.639056
625.651766 973.523668
718.312543 962.617778
806.588138 952.067966
890.768095 941.966605
314.421370 210.113356
434.016383 218.328146
547.770898 226.414312
655.875854 234.633579
758.455352 242.689535
855.653601 250.562386
947.753162 258.367987
312.203388 322.054483
432.213583 327.253130
546.383345 332.575016
654.744546 337.910119
757.551135 343.195148
855.004476 348.357523
947.306191 353.546573
310.640567 434.828803
430.800147 437.065356
545.219609 439.446242
653.854626 441.946334
756.760682 444.414228
854.376239 446.836114
946.800942 449.402970
309.596132 548.223623
429.997908 547.422708
544.427505 546.792896
653.095834 546.331012
756.107394 546.035761
853.763799 545.720448
946.295679 545.684798
309.170202 661.706700
429.463200 657.920970
543.894758 654.314363
652.570414 650.964903
755.625058 647.780005
853.211538 644.855088
945.709433 642.066225
309.326576 775.175367
429.434347 768.375419
543.726276 761.814577
652.368876 755.588153
755.295399 749.526877
852.811169 743.821641
945.223697 738.342353
310.027792 888.095846
429.762112 878.357772
543.949982 868.766793
652.295514 859.730254
755.091626 850.844243
852.357005 842.359690
944.577537 834.261819
330.564844 86.956257
436.286213 97.145174
537.471264 107.155172
634.176469 117.304698
726.554968 127.298554
814.714884 137.072098
898.676560 146.730047
326.881877 166.790052
435.927754 175.324445
540.260275 183.846222
639.753640 192.392515
734.666642 200.832928
824.998048 209.105867
910.976916 217.234808
323.235797 252.035914
435.792661 258.783257
543.260306 265.527946
645.794649 272.275870
743.197925 278.896335
835.828011 285.381163
923.924760 291.921653
319.658665 343.260401
436.012302 347.803532
546.824072 352.452486
652.202696 357.071761
752.290333 361.740262
847.359095 366.331071
937.599076 370.959526
316.336902 440.810031
436.445126 442.860106
550.617769 445.179073
659.179475 447.505702
762.060497 449.792904
859.564332 452.233051
951.892831 454.659969
313.339193 545.097902
437.262151 544.414108
555.205193 544.012790
666.862218 543.682672
772.538364 543.394153
872.634848 543.272119
967.158624 543.247600
310.533899 656.610064
438.576922 652.810912
560.297287 649.074968
675.260933 645.825017
783.798899 642.610333
886.322057 639.703792
983.053445 636.919249
62.124521 115.675421
184.038938 115.036897
306.343651 114.956334
428.999205 115.478368
551.493973 116.537665
673.510605 118.133258
794.527832 120.402411
72.474117 237.015217
192.788275 236.438308
313.419284 236.227152
434.246689 236.511885
555.021364 237.174828
675.276136 238.266471
794.526487 239.849878
83.829671 355.434895
202.075517 354.792432
320.875290 354.448817
439.974410 354.438912
558.887080 354.757946
677.222776 355.279572
794.545464 356.137559
95.297550 470.475447
211.827628 469.765918
328.703469 469.292310
445.909716 469.072550
562.947907 468.994153
679.329133 469.018323
794.823084 469.318245
107.295074 581.901220
221.912566 581.289189
336.958308 580.642678
452.143126 580.111614
567.228288 579.665763
681.612704 579.325235
795.128042 579.079847
119.552497 689.806641
232.235804 689.115085
345.340037 688.358778
458.587735 687.611644
571.653507 686.743468
684.175826 685.919012
795.650927 685.194669
132.007296 793.930852
242.806194 793.158882
353.918737 792.176454
465.169396 791.223432
576.231129 790.055502
686.677262 788.784545
796.217748 787.570833
158.230818 220.968134
297.371780 226.369875
431.589716 232.043586
560.970073 238.085653
685.112061 244.378520
803.844325 250.664139
917.283728 257.159964
169.475253 345.077131
304.005932 347.932535
433.924318 351.147867
559.101478 354.454479
679.398562 357.970043
794.711884 361.513725
905.013841 365.306378
181.022897 461.550207
310.849898 462.140826
436.514039 462.892604
557.760256 463.861272
674.325890 464.983446
786.240981 466.130006
893.460906 467.461944
192.329898 570.636935
317.884157 569.150673
439.278886 567.826804
556.739701 566.725105
669.793446 565.710759
778.355194 564.698111
882.602624 564.036284
203.500456 672.610762
324.853655 669.468413
442.426225 666.258727
555.986074 663.283003
665.742530 660.362863
771.024535 657.666445
872.371976 655.043993
214.485056 768.245558
331.820201 763.473267
445.485559 758.713485
555.655467 754.097563
661.979593 749.480372
764.389329 745.125208
862.847880 740.899285
225.225394 857.706104
338.586569 851.528825
448.723795 845.323670
555.444366 839.337228
658.642045 833.318314
758.044138 827.414809
853.821205 821.735323
138.686452 288.901736
255.438463 288.685533
372.360978 288.738408
489.490100 289.323805
606.363350 290.158686
722.625014 291.339000
837.801914 292.900710
130.576804 401.746865
248.532885 401.398323
366.740618 401.314181
485.100477 401.587361
603.297182 402.033758
720.689802 402.707082
837.049894 403.651326
123.148215 517.248647
242.141549 516.803288
361.497530 516.578787
481.144109 516.482374
600.397559 516.507868
718.877842 516.603283
836.380375 516.999824
116.222065 635.066203
236.450571 634.518906
356.852286 634.052986
477.452044 633.625769
597.776637 633.204141
717.340857 632.815157
835.842525 632.598800
110.132620 754.846648
231.171783 754.246711
352.569586 753.632068
474.149700 752.830506
595.421017 751.951344
715.981525 751.061469
835.303456 750.163952
104.607380 876.434795
226.443012 875.713219
348.807379 874.893435
471.207073 873.822101
593.377569 872.462448
714.797153 870.922267
834.988157 869.221263
100.218383 999.021702
222.346822 998.619075
345.725982 997.278881
468.832028 996.055830
591.619021 994.212101
713.678691 992.028583
834.539522 989.609238
258.717577 181.073956
374.136970 186.851919
485.944016 192.701877
594.133551 198.985756
698.618383 205.274780
799.346254 211.661497
896.187742 218.149623
247.637391 271.309790
367.031648 275.549787
482.766742 280.052128
594.565260 284.797782
702.445316 289.670095
806.162484 294.546956
905.800272 299.550750
236.122480 368.144382
359.827469 370.778576
479.545907 373.633863
595.303976 376.687444
706.524163 379.822822
813.429876 382.976375
916.065580 386.415507
224.316050 472.327447
352.654455 472.982732
476.618998 473.897806
596.131294 474.928214
710.993395 476.197694
821.297679 477.476663
927.002413 479.002491
212.293492 584.294893
345.251701 582.703211
473.567281 581.455757
597.340092 580.280365
716.016922 579.199013
829.712238 578.358154
938.498106 577.648868
200.138759 704.526225
337.847607 700.475852
471.032746 696.699975
598.956271 692.963397
721.621877 689.342573
838.854055 685.984738
950.875200 682.691157
187.698390 833.632193
330.707111 826.821202
468.681098 819.971622
601.048843 813.376166
727.762760 806.816112
848.608782 800.537083
963.813079 794.365604
993.272146 464.810345
1086.600492 462.944546
1185.473618 461.291363
1290.408723 459.584353
1401.330920 458.035482
1518.585983 456.543940
1642.468060 455.165922
1008.779048 553.088279
1100.148053 553.987835
1196.716608 555.019525
1298.946664 556.213278
1406.900011 557.462172
1520.891075 558.976886
1641.047846 560.750971
1023.533811 637.146240
1112.851866 640.374753
1207.199788 643.785409
1306.766421 647.408965
1411.864062 651.390399
1522.582372 655.455183
1639.126039 659.941484
1037.432906 716.898214
1124.755500 722.243342
1216.811903 727.911902
1313.939569 733.844839
1416.222820 739.998163
1523.799257 746.481879
1636.795708 753.265665
1050.623392 792.617149
1135.983471 799.906008
1225.912799 807.472437
1320.535672 815.326486
1420.073245 823.594297
1524.591966 832.181343
1634.198564 841.073939
1062.990826 864.595619
1146.496855 873.579727
1234.236360 882.860374
1326.484018 892.477399
1423.372823 902.533263
1524.996591 912.934016
1631.375022 923.706602
1074.819006 932.970970
1156.408326 943.371799
1242.048359 954.154767
1332.031313 965.416255
1426.352743 977.050509
1525.081535 988.990603
1628.420679 1001.416072
1024.044107 272.460567
1112.954767 265.450489
1206.778028 258.384500
1305.941206 251.268625
1410.426821 244.036023
1520.518073 236.776644
1636.381933 229.462417
1024.140188 364.061739
1113.223414 359.741413
1207.256625 355.334756
1306.653852 350.972508
1411.461656 346.498090
1521.805134 342.120464
1637.996103 337.846594
1024.151745 456.383208
1113.382709 454.590153
1207.569392 452.912347
1307.045445 451.230961
1411.990229 449.743642
1522.501756 448.207957
1638.917579 446.972650
1024.117979 548.882076
1113.342388 549.720385
1207.569245 550.801207
1307.079981 551.999303
1412.076705 553.291554
1522.654156 554.858261
1639.125386 556.546663
1024.047329 641.511678
1113.166939 645.026230
1207.343806 648.775105
1306.821531 652.726359
1411.710332 657.019202
1522.340592 661.513056
1638.660520 666.337802
1023.778126 734.030993
1112.715989 740.219517
1206.849466 746.727083
1306.094542 753.452302
1410.916123 760.627173
1521.394818 768.093312
1637.566273 775.949892
1023.453657 826.205557
1112.269258 834.915732
1206.112710 844.080822
1305.222347 853.762283
1409.727743 863.773682
1519.887932 874.156417
1635.801277 885.088517
1083.352157 170.482780
1165.203423 161.946409
1251.104862 153.247554
1341.243051 144.503590
1435.626431 135.575968
1534.562870 126.645927
1638.000969 117.624281
1071.649598 239.568228
1155.349422 232.622186
1243.321686 225.466960
1335.740151 218.333976
1432.819006 211.045503
1534.538194 203.801549
1641.046658 196.547766
1059.230255 312.579771
1144.851525 307.273799
1234.943569 301.984151
1329.826872 296.613595
1429.493666 291.256023
1534.122132 285.809443
1643.966617 280.584427
1046.104389 389.519019
1133.666462 386.121514
1225.982281 382.889326
1323.232007 379.526503
1425.669586 376.286772
1533.396304 373.172128
1646.530824 370.023293
1032.251864 470.721530
1121.767569 469.513004
1216.180511 468.526740
1316.095369 467.484302
1421.257551 466.680670
1532.171582 465.935205
1648.769517 465.441618
1017.554063 556.276616
1108.884399 557.590973
1205.767100 559.134626
1308.046022 560.747978
1416.194462 562.676799
1530.305562 564.727356
1650.530864 567.054611
1001.945820 646.405718
1095.368888 650.434089
1194.432919 654.732990
1299.415471 659.411531
1410.371815 664.397493
1527.871318 669.631113
1651.745845 675.216273
1146.113620 260.442117
1235.417685 255.819973
1327.955757 251.305392
1423.815185 246.995892
1522.817400 242.765588
1625.193305 238.679553
1730.615951 234.758896
1139.039813 335.487095
1230.638984 332.247407
1325.735536 329.091230
1424.336671 326.167302
1526.356147 323.287590
1631.736647 320.610066
1740.422416 318.087679
1131.355707 414.912440
1225.427628 413.169369
1323.156370 411.635176
1424.645743 410.208218
1529.640884 408.949096
1638.230673 407.726225
1750.434608 406.877545
1123.212963 498.920634
1219.731658 498.850195
1320.192278 499.105780
1424.526070 499.394620
1532.663484 499.896712
1644.697811 500.608443
1760.436598 501.382507
1114.416996 587.778864
1213.506363 589.637743
1316.621781 591.866594
1424.106809 594.113110
1535.458832 596.622536
1651.081463 599.255660
1770.385456 602.119750
1104.952109 681.609194
1206.493355 685.758765
1312.672515 690.153889
1423.067582 694.643240
1537.911430 699.425820
1657.143280 704.314244
1780.381755 709.366825
1094.751006 780.668960
1198.993745 787.264067
1308.007250 794.067719
1421.805032 801.194202
1539.987797 808.475605
1662.855046 815.908873
1790.157262 823.537869
1149.992945 378.937684
1253.845922 377.278082
1360.375747 375.932233
1469.438558 374.807740
1580.782232 373.895714
1694.240103 373.176028
1809.572305 372.722570
1149.971611 479.756206
1253.870514 479.638459
1360.576685 479.676899
1469.744210 479.952338
1581.163711 480.326409
1694.783098 480.891519
1810.195833 481.657348
1149.686794 580.990571
1253.595156 582.328660
1360.322128 583.809190
1469.491520 585.380683
1580.964740 587.168328
1694.567406 588.885911
1810.098198 590.907768
1149.207872 682.119582
1253.060499 684.882567
1359.627721 687.855666
1468.734677 690.870553
1580.174417 693.891173
1693.649135 696.967284
1809.031899 700.102189
1148.562594 782.976418
1252.185241 787.267391
1358.556089 791.622315
1467.526233 796.000051
1578.748339 800.428602
1692.110414 804.799396
1807.274898 809.156107
1147.663814 883.378104
1251.021202 889.203101
1357.128655 894.988293
1465.772194 900.766370
1576.707128 906.496091
1689.846019 912.135366
1804.804598 917.708413
1146.670700 983.039975
1249.590094 990.295963
1355.344413 997.474399
1463.687185 1004.719714
1574.239315 1011.712271
1686.851082 1018.376448
1801.570734 1025.612732
1077.801553 259.866378
1182.850299 253.589641
1292.638351 247.534424
1407.343857 241.548178
1526.638828 235.781337
1650.499265 230.121229
1778.984907 224.667539
1088.213614 359.355431
1190.671920 355.707757
1297.543299 352.130497
1409.000170 348.667237
1524.819168 345.292515
1645.048135 342.129061
1769.532010 339.196270
1098.037716 454.069856
1197.826393 452.573384
1301.899351 451.161238
1410.165942 449.890445
1522.626031 448.865546
1639.221195 447.841506
1759.883362 447.076283
1107.118674 543.801915
1204.376799 544.259734
1305.570797 544.944890
1410.870484 545.762049
1520.103245 546.616523
1633.182226 547.634231
1750.071883 548.797708
1115.659171 628.861071
1210.399040 631.159121
1308.943420 633.563047
1411.215993 636.090355
1517.311907 638.808877
1626.995719 641.637939
1740.255113 644.557736
1123.501850 709.558775
1215.855525 713.479992
1311.707685 717.431153
1411.165225 721.555506
1514.172018 725.851829
1620.721120 730.204302
1730.533364 734.733681
1130.948643 785.985736
1220.839214 791.213488
1314.158402 796.586611
1410.945452 802.203649
1510.996667 807.892569
1614.341356 813.638030
1720.900002 819.581175
1137.093808 96.021628
1243.143018 89.950383
1352.026783 84.289327
1463.637411 79.036819
1577.623710 74.190813
1693.902709 69.637315
1812.047752 65.674527
1138.755365 199.628825
1244.388824 195.203552
1352.885770 191.035610
1464.038063 187.257868
1577.494227 183.794751
1693.171868 180.713189
1810.762506 177.984841
1140.185214 302.883277
1245.288886 299.945024
1353.314017 297.334186
1463.857614 294.943065
1576.697436 292.943645
1691.708732 291.051573
1808.761749 289.600575
1141.412899 405.193364
1245.880450 403.806144
1353.204509 402.721031
1463.089119 401.817270
1575.250111 401.050192
1689.584617 400.542642
1805.746554 400.247051
1142.489466 506.513117
1246.258274 506.671584
1352.807087 506.953462
1461.862726 507.404424
1573.241495 508.083361
1686.770587 508.854449
1802.058818 509.733051
1143.209624 606.589702
1246.181486 608.216242
1351.910803 609.879848
1460.073658 611.734943
1570.577881 613.711821
1683.225561 615.695337
1797.677065 617.810290
1143.761630 705.110745
1245.857680 708.054102
1350.651826 711.100205
1457.936661 714.344234
1567.481077 717.555245
1679.022470 720.741253
1792.471446 724.057698
