527.518096 397.069513
617.864766 393.790852
712.937850 390.496621
813.318826 386.930587
919.147112 383.226810
1031.147512 379.222805
1149.644373 375.013991
547.260366 495.859877
636.090102 495.252695
729.387740 494.614841
827.719229 493.901793
931.343647 493.041516
1040.835117 492.263223
1156.500394 491.498885
566.254123 590.474057
653.509180 592.110153
745.121764 593.891357
841.453193 595.691602
943.025459 597.667434
1050.034962 599.650954
1162.996672 601.880214
584.369693 680.920718
670.155582 684.686098
760.038949 688.723791
854.606832 692.954856
954.113452 697.316465
1058.796603 701.952814
1169.151418 706.837095
601.798595 767.555652
686.137947 773.331917
774.510733 779.361865
867.242650 785.650316
964.694735 792.330728
1067.141921 799.309963
1175.002511 806.707299
618.445371 850.732358
701.397554 858.276101
788.223387 866.150076
879.255763 874.377889
974.803246 883.063252
1075.101839 892.198963
1180.606028 901.852610
634.461498 930.509653
716.065140 939.620030
801.348762 949.168735
890.793075 959.244343
984.413773 969.775819
1082.703572 980.814935
1186.004982 992.546706
640.592010 146.932194
722.886062 138.593242
808.979699 129.918428
899.261489 120.842113
993.883727 111.249668
1093.383063 101.226741
1197.923506 90.701192
624.795557 228.397008
708.318726 221.812778
795.764279 214.915072
887.520536 207.724851
984.004269 200.107571
1085.362302 192.178019
1191.930661 183.880185
608.384254 313.186442
693.189022 308.396369
782.078758 303.504677
875.452395 298.299928
973.642269 292.891118
1076.916506 287.109210
1185.681599 281.223837
591.322859 401.218722
677.467543 398.465565
767.859386 395.728136
862.802012 392.770390
962.795495 389.647827
1068.123495 386.454022
1179.132319 383.017526
573.672143 492.898429
661.163456 492.354785
752.917338 491.956200
849.698141 491.374782
951.461662 490.844124
1058.947205 490.204276
1172.277553 489.727636
555.234104 588.362730
643.978937 590.238806
737.516948 592.321826
835.842673 594.409071
939.648981 596.729301
1049.272091 599.056900
1165.053364 601.552552
536.003497 687.805510
626.298535 692.292381
721.365757 697.070931
821.564480 702.162645
927.287192 707.463436
1039.193442 713.043583
1157.471222 719.000372
846.551493 373.450308
963.968290 377.488528
1075.622648 381.361893
1182.041507 385.102632
1283.463456 388.729965
1380.330813 392.032930
1472.866899 395.305292
838.262617 489.806081
952.898816 490.942712
1062.009283 492.117845
1166.113789 493.175989
1265.416902 494.196124
1360.412346 495.151980
1451.183142 496.143647
830.514634 600.231421
942.344660 598.763145
1049.035028 597.297878
1150.875542 596.017963
1248.239732 594.770725
1341.415874 593.447402
1430.575017 592.369361
823.042332 705.093632
932.394192 701.186281
1036.642632 697.504176
1136.401583 694.049278
1231.866350 690.682312
1323.217812 687.402011
1410.811256 684.383510
816.136458 804.670644
922.889273 798.693983
1024.922993 792.938734
1122.489379 787.535191
1216.207426 782.274023
1305.829976 777.291892
1391.881836 772.411496
809.445821 899.649435
913.890134 891.718803
1013.648771 884.120277
1109.343159 876.903419
1201.171776 869.870411
1289.298459 863.190776
1373.842713 856.825072
803.081808 990.145329
905.118927 980.401088
1002.963020 971.052229
1096.759965 962.259800
1186.856765 953.669345
1273.347470 945.460786
1356.508625 937.660677
810.529608 92.607058
913.027807 102.331617
1011.139870 111.587709
1105.239891 120.593747
1195.559525 129.212133
1282.451828 137.474567
1365.859656 145.489637
816.417437 184.907660
921.040449 192.829809
1021.200976 200.376529
1117.109983 207.671105
1209.080588 214.673212
1297.326261 221.415649
1382.035965 227.858906
822.565945 281.474253
929.417439 287.436866
1031.623725 293.064846
1129.429567 298.572477
1223.015319 303.818945
1312.779030 308.759663
1398.950549 313.653745
829.054004 382.630406
938.284939 386.352756
1042.554372 389.929290
1142.221420 393.328572
1237.560483 396.685077
1328.888784 399.866302
1416.520612 402.925905
835.911539 488.693316
947.493359 489.937843
1053.877366 491.302312
1155.538424 492.574022
1252.754060 493.708640
1345.745752 494.923460
1434.761249 496.006682
843.162005 599.972570
957.155214 598.663756
1065.900047 597.511372
1169.590481 596.350924
1268.660373 595.214722
1363.408494 594.169293
1453.982620 593.185215
850.625358 716.954998
967.245495 712.741947
1078.435992 708.727416
1184.293887 705.030212
1285.309152 701.367857
1381.713623 697.879280
1473.887387 694.644104
634.827658 62.942561
731.310724 58.971880
829.626522 54.853367
929.774980 50.863922
1031.889165 46.616114
1135.940814 42.265613
1242.211102 37.711044
623.671490 148.315594
722.173846 145.086795
822.542176 141.743845
924.942039 138.374215
1029.398039 134.896407
1135.894527 131.402443
1244.508859 127.908937
611.955368 237.618033
712.560498 235.132042
815.139755 232.644763
919.818159 230.087525
1026.705490 227.498897
1135.639317 224.784707
1246.815410 222.215572
599.737263 330.912797
702.571188 329.255295
807.472279 327.693505
914.444268 326.039932
1023.760754 324.398373
1135.286579 322.727263
1249.111397 321.025551
587.039427 428.551361
692.122470 427.862727
799.250087 427.341260
908.879892 426.652148
1020.694165 426.003303
1134.925440 425.331569
1251.467608 424.739238
573.692805 530.885299
681.014068 531.312208
790.858528 531.840799
902.893160 532.257456
1017.460743 532.773074
1134.512843 533.223834
1253.999733 533.787544
559.659680 638.181038
669.561941 639.743595
781.868376 641.380756
896.715585 643.137926
1014.032656 644.837500
1134.045450 646.634669
1256.666875 648.473354
635.170732 372.868514
752.020037 372.774936
869.247694 372.719382
987.239514 372.730701
1105.577253 372.711490
1224.354143 372.619015
1343.565077 372.572883
641.072016 486.986822
755.869508 487.161134
871.020854 487.373817
986.761579 487.568957
1102.872191 487.703422
1219.490504 487.850046
1336.435163 488.094420
646.902782 597.107958
759.579017 597.467552
872.706893 597.827432
986.323295 598.187758
1100.375617 598.593716
1214.825200 598.869271
1329.686853 599.355283
652.471849 703.244726
763.197531 703.806124
874.277048 704.381318
985.900071 705.017014
1097.933166 705.555996
1210.328013 706.066100
1323.141406 706.671910
657.925557 805.706480
766.715409 806.438533
875.916152 807.197953
985.525093 807.929479
1095.577269 808.717150
1206.000489 809.489565
1316.765109 810.215875
663.192634 904.737974
770.141870 905.634917
877.412865 906.542965
985.158336 907.458601
1093.305349 908.358819
1201.857916 909.283617
1310.727077 910.257249
668.228543 1000.380824
773.384921 1001.362783
878.956821 1002.423458
984.889744 1003.571944
1091.140236 1004.598853
1197.798694 1005.651384
1304.874834 1006.812288
297.392860 440.950948
430.243998 444.034629
554.345108 446.861807
670.699574 449.642814
779.949037 452.233255
882.724147 454.545313
979.643230 456.792783
299.976494 552.229179
428.514160 551.599330
548.836118 551.104292
661.787954 550.512914
768.050973 549.994966
868.283970 549.436975
962.857496 548.974195
302.613233 656.337683
426.882330 652.477809
543.591725 648.801709
653.407571 645.407152
756.879887 642.180059
854.627742 639.023265
946.997314 636.157387
304.919844 753.968351
425.448289 747.218625
538.611463 740.819100
645.499961 734.889725
746.358327 729.270083
841.687939 723.853444
931.991962 718.817249
307.171111 845.571340
424.044288 836.375334
534.081262 827.589353
637.944837 819.410013
736.393858 811.540499
829.382101 804.223690
917.719539 797.184797
309.282728 931.970309
422.764932 920.497684
529.673824 909.635166
630.970355 899.395226
726.878825 889.593711
817.857748 880.379612
904.267124 871.660418
311.328712 1013.335141
421.429397 999.893477
525.579480 987.098627
624.241940 975.141526
717.901442 963.667097
806.771088 952.773350
891.354405 942.511790
301.698409 200.335218
426.509101 211.142419
543.551208 221.167521
653.691354 230.771879
757.503186 239.828466
855.534299 248.261529
948.251448 256.282882
301.524268 315.847739
426.280142 322.954706
543.324830 329.663177
653.373297 336.000635
757.131528 341.996743
855.128762 347.560786
947.735831 352.896530
301.463812 431.178179
425.994308 434.663693
542.997265 437.958058
653.070153 441.143315
756.754313 444.084813
854.677577 446.759865
947.249292 449.401476
301.310856 546.443883
425.900472 546.291724
542.720566 546.143572
652.704615 546.044823
756.338443 546.010808
854.168400 545.825448
946.752096 545.800897
301.226923 661.437322
425.648428 657.714917
542.393133 654.187346
652.278012 650.925325
755.931675 647.783868
853.704259 644.872475
946.190238 642.075327
301.241858 776.406641
425.504951 769.080910
542.157199 762.156395
652.006435 755.720873
755.537051 749.511855
853.306903 743.731595
945.778259 738.286294
301.195525 891.095927
425.273953 880.212155
542.022887 869.811393
651.714240 860.246476
755.200163 851.067115
852.830761 842.428802
945.253306 834.335893
315.573371 72.038385
426.439269 85.317399
531.157501 97.734823
630.348837 109.679580
724.396999 120.961887
813.805043 131.604126
898.739912 141.792961
313.742193 155.596620
427.680147 166.766072
535.250739 177.305717
636.890875 187.319934
733.160638 196.826044
824.459517 205.822419
911.136925 214.327689
311.804505 243.962899
428.993278 252.888279
539.411542 261.265864
643.767975 269.215963
742.292725 276.696307
835.635422 283.726951
924.200003 290.507947
309.663246 337.764869
430.445072 344.006087
543.945124 349.892771
650.915520 355.443084
751.907799 360.773677
847.435311 365.748144
937.959287 370.508906
307.465800 437.345501
431.850118 440.601268
548.514480 443.806005
658.453700 446.793293
762.080870 449.524283
859.850481 452.214111
952.297175 454.690564
305.228405 543.317812
433.376352 543.306844
553.675004 543.396193
666.569339 543.431974
772.810284 543.396198
873.038520 543.405843
967.601178 543.395579
302.693530 656.287732
434.998056 652.580876
559.053482 648.948327
675.156857 645.789493
784.173227 642.624411
886.798714 639.723896
983.559726 636.982404
28.555600 93.612298
160.594344 97.347195
290.780526 100.772000
419.254593 104.233172
545.749003 107.639623
670.487845 110.832206
793.384304 114.101168
43.213524 222.014926
173.509319 224.890001
301.160944 227.383967
427.025798 229.868816
551.082273 232.258364
673.406043 234.608429
793.928399 237.038458
59.361634 346.080858
185.938304 347.676125
311.087290 349.200050
434.582881 350.773586
556.272599 352.294514
676.241616 353.730204
794.481582 355.207500
73.394213 465.245271
197.959856 465.779622
320.634272 466.452921
441.758959 467.218082
561.204294 467.887831
678.927452 468.486936
795.076875 469.177548
87.411043 579.620084
209.501314 579.605119
329.966983 579.469057
448.715432 579.400584
565.979302 579.268281
681.526166 579.191060
795.530261 579.103731
100.925831 690.110722
220.672329 689.292982
338.892466 688.433417
455.494384 687.641249
570.572076 686.742949
684.163067 685.926093
796.091941 685.171886
113.923449 796.555624
231.479246 795.037862
347.518379 793.445756
462.016347 792.011260
575.048605 790.459561
686.535032 788.938443
796.617383 787.586968
136.134050 207.851777
284.143470 216.807936
424.198123 225.222347
557.198488 233.290166
683.411398 240.994693
803.376760 248.146748
917.633725 255.030652
151.023858 337.023589
293.398319 342.282635
428.339989 347.360630
556.507328 352.013014
678.441013 356.483407
794.621781 360.675875
905.329023 364.742836
165.171254 456.980882
301.996566 459.011865
432.086222 460.879587
555.886699 462.695598
673.870740 464.429571
786.436535 465.979999
893.850709 467.497314
178.154849 568.579518
310.113463 567.749405
435.523974 566.947592
555.305372 566.235976
669.587777 565.525910
778.682652 564.721705
883.069623 564.132193
190.312646 672.474340
317.603453 669.310517
438.954283 666.122897
554.672082 663.201327
665.582506 660.336825
771.380838 657.662986
872.865728 655.020711
201.793342 769.805442
324.725749 764.453652
441.985542 759.274411
554.267410 754.363054
661.715276 749.572659
764.670698 745.091719
863.354540 740.796434
212.581770 860.908199
331.257571 853.656755
444.955280 846.672037
553.782660 840.111372
658.161330 833.685097
758.183753 827.531316
854.306136 821.735653
116.858266 278.205009
241.276438 280.467680
363.750792 282.622480
484.681032 284.909501
603.961618 287.062753
721.686454 289.170410
837.734313 291.297747
110.369433 394.846812
235.906113 396.253763
359.478034 397.701504
481.392063 399.182002
601.728692 400.558154
720.345021 401.932855
837.264834 403.298339
103.951003 513.462942
230.418652 514.066959
355.094572 514.710183
478.148091 515.345132
599.401639 515.913534
718.927805 516.415209
836.816297 517.052364
97.260215 634.108151
225.046279 633.804684
350.784115 633.546848
474.759756 633.339558
597.000143 633.077768
717.509875 632.817735
836.381797 632.639334
90.549068 756.700467
219.411609 755.510050
346.236471 754.457283
471.296721 753.322753
594.569688 752.170191
716.092292 751.131643
835.816941 750.102431
83.842382 881.458929
213.756644 879.322183
341.695695 877.370969
467.794933 875.373432
592.146737 873.339163
714.704371 871.367978
835.462661 869.450680
76.775224 1008.289145
207.962963 1005.143264
337.171527 1002.143557
464.334774 999.391327
589.621713 996.487327
713.187931 993.588712
834.962051 990.793984
242.228156 168.859623
363.684777 177.501872
479.607334 185.605551
590.522390 193.589325
696.706337 201.114522
798.580606 208.322751
896.265032 215.240789
232.612414 262.372905
357.983797 269.007707
477.646622 275.380847
591.904808 281.493179
701.225341 287.367461
805.821229 292.915772
905.997280 298.238377
222.240815 361.962868
351.904627 366.475346
475.415227 370.755877
593.406225 374.876484
705.896280 378.788069
813.455451 382.438577
916.406643 386.084586
211.146049 468.522846
345.571760 470.444290
473.260760 472.319820
594.863603 474.069041
710.818829 475.867472
821.537507 477.470995
927.402123 479.091284
199.333240 582.604792
338.567293 581.573558
470.655332 580.790535
596.437768 579.970753
716.121802 579.136991
830.141989 578.441296
938.946388 577.758768
186.729036 704.996934
331.094889 700.686672
468.226170 696.771392
598.178556 692.978946
721.795445 689.337478
839.354764 685.951333
951.420517 682.696106
173.020610 836.693590
323.174791 828.693170
465.497166 821.000093
600.071532 813.844701
727.805333 806.960173
849.102745 800.514397
964.525025 794.403320
993.855063 464.847147
1087.522133 462.791093
1187.212170 460.826939
1293.841458 458.607762
1407.643880 456.302813
1529.721724 453.793721
1660.925769 451.043431
1009.303879 553.204474
1100.971253 554.067291
1198.297367 554.997572
1302.120071 555.966200
1412.807243 556.885521
1531.354966 557.995224
1658.410059 559.235752
1024.061275 637.215822
1113.695338 640.499942
1208.850933 644.007826
1309.947181 647.695666
1417.784147 651.746959
1532.879623 655.913839
1656.086042 660.564010
1038.052351 716.949751
1125.797326 722.446377
1218.727304 728.360208
1317.449269 734.650517
1422.456067 741.225177
1534.338382 748.313860
1653.815129 755.829598
1051.439962 792.766831
1137.313258 800.338197
1228.204262 808.334994
1324.542038 816.773686
1426.878557 825.817891
1535.744954 835.412457
1651.724671 845.615659
1064.068691 865.023464
1148.216279 874.414374
1237.088430 884.297442
1331.180467 894.721762
1430.959849 905.886795
1536.980134 917.726213
1649.700251 930.279694
1076.194040 933.878233
1158.607068 944.813806
1245.572702 956.390912
1337.608166 968.739629
1434.898961 981.773235
1538.122947 995.515046
1647.871186 1010.227143
1025.126029 270.452183
1114.925464 262.851535
1210.155693 254.894618
1311.644488 246.475109
1419.664948 237.456422
1535.096193 227.850107
1658.677602 217.514262
1024.907854 363.376347
1114.628919 358.695715
1209.810019 353.659089
1311.189641 348.372492
1419.148193 342.632667
1534.430772 336.600218
1657.889808 330.221809
1024.750988 456.342544
1114.410798 454.329279
1209.562416 452.286509
1310.744417 450.059481
1418.646515 447.792349
1533.800090 445.235081
1657.175930 442.692936
1024.620791 548.998514
1114.189187 549.789983
1209.260717 550.736586
1310.354399 551.714367
1418.126670 552.666729
1533.148709 553.815623
1656.388224 554.909961
1024.565348 641.574520
1113.997155 645.144489
1208.962275 649.005197
1309.978695 653.046548
1417.593057 657.431960
1532.614228 662.046830
1655.584775 667.070891
1024.419181 734.072976
1113.696748 740.422187
1208.700878 747.224269
1309.511679 754.343283
1417.084590 762.064845
1531.953784 770.241007
1654.798721 779.053043
1024.266903 826.355627
1113.539349 835.389188
1208.346132 845.065738
1309.189237 855.454915
1416.531862 866.425094
1531.267013 878.112631
1654.053225 890.779309
1085.547986 165.660117
1168.777640 156.116505
1256.674179 146.078763
1349.694352 135.569904
1448.096591 124.359048
1552.678967 112.478280
1663.758692 99.856264
1073.287078 236.681233
1158.107532 229.005254
1247.772706 220.769605
1342.763830 212.173133
1443.521272 202.952873
1550.587286 193.260955
1664.504583 182.977778
1060.389823 311.136174
1146.865696 305.285644
1238.413784 299.165064
1335.520460 292.661327
1438.647267 285.774839
1548.386983 278.356714
1665.512452 270.659751
1046.886302 389.033679
1135.105011 385.267146
1228.625132 381.454000
1327.866173 377.284489
1433.499005 372.896401
1546.119655 368.333646
1666.433959 363.313318
1032.855608 470.694898
1122.818819 469.302242
1218.213839 467.985055
1319.894757 466.436065
1428.078099 464.901448
1543.781971 463.214115
1667.445723 461.507793
1018.068669 556.377920
1109.696787 557.644593
1207.429475 559.081009
1311.305939 560.484206
1422.344432 562.146839
1541.133208 563.788279
1668.442470 565.603557
1002.456698 646.429355
1096.113122 650.523193
1195.923082 654.944140
1302.471413 659.719096
1416.231339 664.855060
1538.439986 670.262035
1669.607791 676.184629
1148.486394 257.567397
1239.352336 251.998224
1334.174248 246.252602
1433.450368 240.312799
1537.231855 234.054919
1646.255519 227.485882
1760.578520 220.574980
1140.771479 333.984842
1233.722879 330.056995
1330.884014 325.927889
1432.724296 321.696932
1539.415584 317.167860
1651.395230 312.515741
1769.057944 307.599787
1132.617530 414.348254
1227.849850 412.095661
1327.491638 409.867525
1432.001834 407.497565
1541.638578 405.055124
1656.832486 402.364919
1778.179247 399.743987
1124.146319 498.845219
1221.681120 498.508240
1323.905955 498.354923
1431.194336 498.078015
1543.905029 497.858281
1662.610855 497.672630
1787.700552 497.362679
1115.197202 587.869310
1215.205315 589.673929
1319.977728 591.818221
1430.392857 593.898479
1546.357241 596.198911
1668.869637 598.551057
1797.861466 601.157982
1105.763875 681.743000
1208.170904 686.049653
1316.012172 690.680669
1429.358186 695.413875
1548.941506 700.594214
1675.350287 705.951888
1808.758453 711.608255
1095.728964 780.899534
1200.887222 787.876354
1311.643251 795.271806
1428.550269 803.134022
1551.680606 811.439758
1682.182001 820.179712
1820.316197 829.487146
1151.717099 377.899139
1257.097837 375.528469
1366.081552 373.233986
1479.135655 370.829019
1596.234593 368.368313
1717.803559 365.759690
1843.993342 363.106725
1151.273811 479.489076
1256.495748 479.009958
1365.470061 478.476492
1478.359478 477.997047
1595.262348 477.437103
1716.705134 476.893636
1842.820339 476.461101
1150.783089 581.055887
1255.887656 582.297894
1364.796205 583.605038
1477.503043 584.939561
1594.361936 586.422059
1715.627849 587.779443
1841.716617 589.439478
1150.345022 682.306871
1255.397044 685.277942
1364.082419 688.459740
1476.687628 691.707726
1593.450875 695.049742
1714.516292 698.530831
1840.174471 702.121284
1149.954440 783.398201
1254.834565 788.120271
1363.387748 793.079174
1475.883085 798.186643
1592.477260 803.555305
1713.490212 809.044955
1838.947789 814.826154
1149.496827 884.299392
1254.239954 890.815332
1362.733557 897.562455
1475.002711 904.573643
1591.431303 911.869039
1712.333494 919.374683
1837.640314 927.202461
1149.087086 984.918108
1253.669270 993.155927
1362.019944 1001.714631
1474.247997 1010.653208
1590.380600 1019.612162
1711.097487 1029.200951
1836.607586 1039.568713
1079.501045 257.373529
1185.957738 250.181147
1298.075198 242.797732
1416.592108 234.916559
1541.642647 226.659728
1673.943825 217.826385
1814.325170 208.452544
1089.451713 358.399344
1193.041184 354.159825
1301.860926 349.654702
1416.635038 344.887104
1537.572892 339.792458
1665.402708 334.499234
1800.634029 328.915017
1098.996550 453.862300
1199.741784 451.993063
1305.554272 450.034276
1416.729326 447.958774
1533.909873 445.899539
1657.443468 443.567845
1787.966070 441.222002
1107.919118 543.860263
1206.039412 544.183627
1308.864174 544.617963
1416.911639 545.081947
1530.507252 545.436550
1649.984898 545.872804
1776.012545 546.326828
1116.478094 628.995137
1212.057851 631.344988
1312.150323 633.784437
1417.037826 636.316720
1527.298779 639.037050
1643.072220 641.859269
1764.908627 644.829010
1124.474195 709.737752
1217.698363 713.881102
1315.110927 718.120104
1417.121107 722.570014
1524.106796 727.318511
1636.496234 732.219435
1754.433430 737.413549
1132.136178 786.330006
1222.988389 791.936073
1317.902971 797.820675
1417.258283 804.066813
1521.200248 810.579320
1630.240412 817.337975
1744.658740 824.540109
1140.907131 87.919733
1249.587806 80.167132
1362.216034 72.349984
1479.282027 64.174567
1600.277064 55.652201
1726.382418 46.844513
1857.461736 37.044683
1141.613443 195.172560
1249.344404 189.542122
1360.966390 183.642677
1476.799206 177.592314
1596.815302 171.265545
1721.545553 164.751450
1850.921245 157.948633
1142.256676 300.814760
1249.086939 296.975984
1359.801064 293.085446
1474.484551 288.995151
1593.367568 284.906331
1716.835716 280.462048
1845.262434 276.039062
1142.903796 404.480539
1248.833761 402.489926
1358.508369 400.559215
1472.171247 398.532546
1589.972061 396.360421
1712.249350 394.159034
1839.128527 391.844099
1143.654133 506.412722
1248.670443 506.255609
1357.360583 506.116721
1469.947380 505.961548
1586.665447 505.894852
1707.786549 505.704785
1833.418810 505.559463
1144.258150 606.728597
1248.367952 608.325915
1356.157005 609.914289
1467.682711 611.642180
1583.300224 613.491715
1703.300489 615.293199
1827.770509 617.251705
1144.909536 705.302534
1248.128905 708.491049
1354.941168 711.853800
1465.576159 715.425192
1580.101334 719.097740
1698.857146 722.780456
1822.143203 726.791630
