504.932294 401.772227
584.543965 397.700095
669.388408 393.551253
760.205043 389.061839
857.324553 384.299965
961.758474 379.105006
1074.153288 373.510852
527.086737 496.823354
605.743187 495.956537
689.382894 495.064823
778.750973 494.111908
874.246098 492.928462
976.763073 491.799055
1086.877820 490.633212
548.445988 588.155633
626.040097 590.031552
708.574007 592.108584
796.500659 594.270477
890.480125 596.668908
991.056100 599.089186
1098.962322 601.842258
568.888276 675.692247
645.531571 680.209208
726.889434 685.071601
813.522014 690.302791
905.953594 695.706717
1004.723286 701.529621
1110.436375 707.797400
588.595893 759.878886
664.296866 766.831641
744.598488 774.202886
829.908522 782.000079
920.785947 790.345474
1017.771634 799.219384
1121.406533 808.766753
607.514456 840.934947
682.260709 850.090595
761.463310 859.785119
845.482130 870.006495
934.935507 880.951594
1030.214854 892.633768
1131.865498 905.133844
625.736655 918.895873
699.548232 930.022175
777.607911 941.834713
860.507763 954.383701
948.488791 967.719762
1042.093069 981.903033
1141.899457 997.116553
631.896777 159.809769
706.394744 149.539873
785.245065 138.775231
868.957538 127.400127
957.873497 115.197753
1052.756126 102.243528
1153.784476 88.482598
614.013791 239.343127
689.328808 231.314069
769.118037 222.783730
853.906273 213.750422
944.275974 204.051834
1040.614706 193.852279
1143.397340 182.941347
595.472945 321.912689
671.687375 316.102324
752.470343 310.036872
838.429446 303.550390
930.048137 296.678521
1027.877829 289.265976
1132.542170 281.510104
576.317532 407.389204
653.351418 404.055013
735.163771 400.675663
822.252515 397.015571
915.232006 393.064447
1014.681980 388.932337
1121.163162 384.414710
556.491879 496.179704
634.358637 495.531118
717.088633 495.023111
805.520354 494.280237
899.778252 493.602468
1000.883604 492.801308
1109.179745 492.131617
535.819652 588.320769
614.435793 590.570051
698.422088 593.117565
787.889207 595.683010
883.672706 598.599533
986.379203 601.555774
1096.675442 604.810787
514.352444 683.996008
593.979904 689.381433
678.961209 695.167995
769.724118 701.452846
866.824074 708.094731
971.321710 715.198798
1083.575532 722.901338
916.491201 307.077366
1026.929538 314.625497
1130.161714 321.687048
1227.021294 328.427844
1318.018321 334.777310
1403.775575 340.590079
1484.585819 346.243654
906.944619 427.140904
1015.848125 430.631721
1117.766607 434.033642
1213.460176 437.163493
1303.419802 440.153745
1388.281229 442.935099
1468.301186 445.573969
897.847553 543.069603
1005.083534 542.866069
1105.720397 542.640673
1200.241247 542.524389
1289.256637 542.414426
1373.256186 542.134416
1452.553947 542.087393
888.912785 655.111015
994.762269 651.322283
1093.992713 647.822214
1187.447212 644.575277
1275.479200 641.518218
1358.592576 638.541746
1437.222969 635.858397
880.372008 763.304946
984.702616 756.275939
1082.692179 749.705259
1174.932591 743.600435
1262.151144 737.708108
1344.376039 732.247733
1422.280806 726.964008
872.145299 868.075823
975.020692 858.003025
1071.689776 848.547945
1162.958621 839.656882
1249.148270 831.153561
1330.648480 823.201029
1407.847887 815.694532
864.111265 969.412618
965.452309 956.463909
1061.086240 944.214421
1151.269752 932.817523
1236.565996 921.891125
1317.224720 911.562656
1393.745685 901.913770
857.627176 86.761327
956.756505 100.024124
1050.191297 112.408501
1138.576505 124.297778
1222.154121 135.529645
1301.482708 146.116373
1376.754337 156.196612
868.103629 180.519791
969.059485 191.220707
1064.225442 201.335058
1153.960398 210.897392
1238.787319 220.000519
1319.052732 228.580856
1395.178893 236.627952
879.054545 278.542217
981.870021 286.506193
1078.669824 294.013999
1169.899327 301.190327
1255.944854 307.959032
1337.297877 314.197967
1414.454520 320.278815
890.563953 381.147180
995.386618 386.050040
1093.825454 390.730702
1186.432877 395.133760
1273.748144 399.378733
1356.264530 403.319824
1434.375619 407.095029
902.603547 488.541454
1009.355832 490.120798
1109.459282 491.767221
1203.597137 493.339549
1292.359937 494.667758
1376.004986 496.064305
1455.048411 497.315517
915.322757 601.148162
1024.033188 599.180669
1126.021145 597.452430
1221.673285 595.781196
1311.718635 594.167983
1396.619034 592.645449
1476.701450 591.280579
928.516838 719.322873
1039.318098 713.463624
1143.268713 707.864415
1240.564515 702.827172
1331.971142 697.914616
1417.973277 693.331601
1499.081227 689.094730
686.175334 68.538550
794.594907 71.883013
901.598688 75.116881
1007.350571 78.433348
1111.776646 81.638317
1214.987366 84.834553
1316.906807 88.045757
683.397515 167.250139
793.497765 170.025107
902.173235 172.695182
1009.634988 175.421541
1115.655942 178.081017
1220.356606 180.775106
1323.686534 183.411476
680.530119 269.205130
792.350920 271.313642
902.743891 273.412676
1011.904457 275.509660
1119.573310 277.599985
1225.797052 279.626583
1330.710959 281.741261
677.582581 374.391738
791.263395 375.799957
903.422620 377.273507
1014.208283 378.704954
1123.543909 380.166351
1231.406300 381.643562
1337.906950 383.072931
674.582206 483.081621
790.103687 483.758008
903.992678 484.576707
1016.578687 485.306388
1127.674865 486.049586
1237.204081 486.852270
1345.250718 487.626886
671.497072 595.350793
788.793648 595.354554
904.746055 595.405568
1019.065564 595.410018
1131.895423 595.462600
1243.240332 595.499811
1353.005972 595.588320
668.251143 711.470062
787.537265 710.620676
905.428792 709.826794
1021.686868 709.129216
1136.302671 708.406953
1249.323353 707.693021
1360.860877 707.032080
588.019922 378.123958
698.173929 376.720465
810.591306 375.375013
925.691912 373.929406
1043.307403 372.495181
1163.525169 371.031445
1286.309279 369.484506
597.045860 488.704466
705.385236 488.528003
815.944990 488.419355
928.950270 488.231568
1044.385121 487.935012
1162.403922 487.763466
1282.854335 487.590662
605.887319 595.564176
712.405317 596.442673
821.071637 597.346456
932.091985 598.295335
1045.535591 599.219330
1161.372238 600.176698
1279.614743 601.246065
614.375207 698.650003
719.209663 700.537874
825.993177 702.532849
935.138402 704.573136
1046.578285 706.555800
1160.305700 708.630857
1276.411631 710.782166
622.658612 798.312240
725.774200 801.158009
830.868188 804.109922
938.100536 807.070126
1047.588073 810.135386
1159.306709 813.311149
1273.277780 816.505095
630.624032 894.803841
732.085686 898.539566
835.477297 902.348102
940.939307 906.237977
1048.540387 910.240310
1158.381259 914.366563
1270.362930 918.568583
638.355914 988.089203
738.180256 992.628532
839.952221 997.228911
943.736211 1002.078543
1049.476694 1006.960112
1157.410055 1011.916052
1267.500478 1017.077573
295.650419 375.512411
427.578610 380.831574
550.883884 385.704369
666.490453 390.431136
775.102009 394.887395
877.336896 398.917841
973.795869 402.794170
297.632374 492.300763
426.296754 493.660838
546.688581 495.009622
659.729486 496.209660
766.073372 497.383027
866.366833 498.384448
961.008903 499.420453
299.741741 603.250294
425.058156 601.105021
542.672575 599.011071
653.303273 597.130430
757.499677 595.351099
855.863828 593.554506
948.816498 591.951693
301.568344 708.850480
424.005104 703.428653
538.825256 698.314863
647.102501 693.594825
749.250997 689.116107
845.733780 684.779470
937.084074 680.806337
303.441207 809.289162
422.857612 801.066258
535.261836 793.193149
641.152498 785.870707
741.416453 778.865810
836.042597 772.355647
925.779203 766.054710
305.189304 905.313452
421.919248 894.396360
531.763322 884.043160
635.627307 874.307632
733.819004 864.996937
826.843206 856.263889
915.062936 848.007689
306.878298 996.886705
420.799024 983.553314
528.476902 970.845655
630.177864 958.966974
726.563596 947.646983
817.862185 936.904526
904.656952 926.787908
305.767234 154.898722
427.283458 166.899947
541.411174 178.040249
648.995089 188.720013
750.511593 198.782209
846.501223 208.213911
937.383408 217.180460
305.011697 264.722932
427.448184 273.370974
542.397185 281.499511
650.649002 289.159476
752.777959 296.428403
849.278060 303.251492
940.608531 309.718248
304.316517 376.152401
427.539240 381.408926
543.309074 386.313042
652.315201 391.042409
755.042083 395.421907
852.082176 399.487250
943.932670 403.412956
303.497074 489.386952
427.742527 491.046292
544.268447 492.634331
653.945270 494.186229
757.312335 495.687366
854.896271 496.983186
947.246498 498.314637
302.768690 604.175512
427.864457 602.242847
545.166707 600.479833
655.542369 598.859523
759.607240 597.239723
857.740440 595.819122
950.543333 594.367781
302.067078 720.817446
428.022064 715.201505
546.173430 709.915301
657.335978 704.984410
761.954898 700.254463
860.700829 695.866027
954.006602 691.692582
301.357403 839.190153
428.170897 829.792004
547.271351 820.773233
659.056347 812.511735
764.415333 804.599523
863.595112 797.191123
957.403483 790.233930
312.261873 93.926741
426.905275 107.006420
534.939196 119.187356
637.151716 130.919224
733.861822 141.980036
825.610461 152.398608
912.671368 162.321258
310.784980 187.523374
427.854310 198.031109
538.167215 207.960396
642.281254 217.341722
740.750792 226.250341
833.993826 234.669084
922.409526 242.635707
309.182889 285.273432
428.795684 293.100962
541.384053 300.433101
647.676560 307.402670
747.907170 313.988725
842.745867 320.108295
932.656889 326.035639
307.425271 387.632306
429.895552 392.403049
544.872923 396.885688
653.171555 401.143763
755.313441 405.253574
851.837971 409.052337
943.279998 412.678985
305.670167 494.788930
430.902577 496.276324
548.329988 497.731841
658.870948 499.114002
763.032691 500.362349
861.285099 501.609625
954.171476 502.723613
303.929406 607.123354
431.983382 605.026554
552.167394 603.139595
664.957337 601.345362
771.095578 599.566593
871.235128 597.974097
965.698710 596.439538
301.991367 724.997743
433.120572 718.993323
556.109508 713.233101
671.295470 708.055657
779.532642 703.070828
881.390702 698.396769
977.534718 694.006191
91.134809 24.197920
229.284501 33.918511
360.705123 41.728693
489.289689 50.386316
613.283203 58.249061
733.529906 65.923495
849.792525 73.216777
97.648914 153.247061
233.078403 159.800927
364.012411 166.180492
490.793686 172.280259
613.641883 178.179372
732.702991 183.905798
848.050012 189.523742
103.653774 279.248572
237.421803 283.671931
367.001695 287.943483
492.594559 292.089940
614.246466 296.100560
732.146690 299.900641
846.439347 303.687781
109.197417 402.715954
241.800296 405.058322
369.984349 407.342997
494.285356 409.552223
614.772031 411.724818
731.525467 413.754118
844.840784 415.828548
114.848422 523.621303
245.959226 524.082035
372.943769 524.496365
495.927945 524.881715
615.308543 525.189467
730.950499 525.609335
843.186848 525.916954
120.422890 642.295393
250.118240 640.838984
375.823815 639.445170
497.639401 638.066966
615.826490 636.628305
730.468948 635.315756
841.677673 634.066203
125.911300 758.569375
254.209035 755.269449
378.696235 752.027803
499.300526 749.037751
616.358225 745.952011
729.909887 743.021574
840.118002 740.298267
135.967569 207.942830
284.019775 216.902354
424.108156 225.322296
557.130513 233.371213
683.360370 241.066661
803.321213 248.216748
917.565198 255.075582
150.876828 337.132002
293.287453 342.381621
428.266515 347.440468
556.460333 352.068523
678.407347 356.533238
794.581271 360.725421
905.285247 364.772651
165.030774 457.109726
301.882894 459.141137
432.019654 460.989737
555.845897 462.771633
673.839245 464.491717
786.409418 466.034845
893.811638 467.530962
178.012162 568.723538
310.005193 567.887245
435.455196 567.063411
555.265434 566.324084
669.547185 565.600164
778.659993 564.780821
883.036311 564.177328
190.188224 672.635276
317.504744 669.467072
438.888014 666.250940
554.621681 663.302166
665.536172 660.407354
771.359692 657.722682
872.828246 655.077616
201.655251 769.985596
324.618447 764.606781
441.911593 759.418832
554.205042 754.481579
661.664861 749.654017
764.647765 745.163077
863.320478 740.866564
212.453783 861.106368
331.166098 853.824481
444.892366 846.820757
553.731093 840.234247
658.122175 833.789429
758.154713 827.624381
854.265995 821.821264
116.688006 278.310514
241.145113 280.563176
363.652255 282.713356
484.607334 284.989096
603.904589 287.124851
721.640228 289.230163
837.676309 291.352670
110.225070 394.962815
235.779644 396.371496
359.386818 397.810135
481.343039 399.262053
601.690245 400.617391
720.319321 401.986596
837.225107 403.345357
103.777702 513.602148
230.281845 514.200996
354.998694 514.836395
478.095408 515.449311
599.362044 515.987690
718.899703 516.479876
836.787838 517.101710
97.105115 634.264644
224.927567 633.961182
350.691846 633.688094
474.703988 633.451562
596.953485 633.161410
717.478904 632.881992
836.353607 632.698820
90.396350 756.877538
219.279785 755.684444
346.138231 754.609174
471.228310 753.461463
594.512145 752.273693
716.057999 751.208465
835.787750 750.177403
83.746094 881.720755
213.637782 879.534238
341.615222 877.551251
467.737050 875.529937
592.098585 873.462072
714.667965 871.482541
835.414671 869.551930
76.736478 1008.565870
207.881345 1005.396625
337.063761 1002.394826
464.277449 999.603540
589.578682 996.621852
713.169828 993.727957
834.922578 990.918849
242.092551 168.951938
363.578411 177.602571
479.529205 185.702081
590.456002 193.669471
696.657504 201.191403
798.528053 208.402103
896.196945 215.302080
232.477945 262.465366
357.884977 269.100863
477.569111 275.465149
591.845539 281.557572
701.180017 287.428263
805.765156 292.974639
905.938837 298.273936
222.111637 362.072928
351.811305 366.574963
475.359551 370.828488
593.363969 374.929838
705.869546 378.838138
813.414520 382.487405
916.366002 386.110829
211.011032 468.652958
345.472143 470.570542
473.204617 472.422170
594.824348 474.140348
710.792526 475.929548
821.506221 477.519983
927.361813 479.121923
199.199654 582.748980
338.468051 581.709968
470.598663 580.898927
596.396254 580.051561
716.089451 579.203096
830.113788 578.495791
938.907442 577.799358
186.595910 705.165004
330.995313 700.842718
468.160433 696.903821
598.124416 693.072828
721.766347 689.403020
839.323837 686.016179
951.379734 682.739245
172.891013 836.900252
323.075832 828.858631
465.433452 821.143444
600.020218 813.954801
727.772494 807.051433
849.068468 800.596661
964.480493 794.462181
996.986326 411.998056
1089.979010 408.364122
1188.866635 404.730548
1294.567993 400.689054
1407.397171 396.494750
1528.345951 391.869642
1658.244424 386.898421
1008.671727 504.478988
1100.131858 503.897228
1197.201739 503.306209
1300.782057 502.617184
1411.205663 501.835625
1529.450465 501.066081
1656.212462 500.280973
1019.932661 593.536239
1109.831881 595.526570
1205.249356 597.696585
1306.704245 600.011531
1414.975857 602.555314
1530.545833 605.136953
1654.375927 608.062295
1030.744654 678.919536
1119.152388 683.397541
1212.874863 688.258565
1312.501153 693.397621
1418.553887 698.758062
1531.600752 704.632256
1652.486600 710.834693
1041.215490 761.131522
1128.191013 767.945036
1220.296275 775.184055
1318.036866 782.777331
1421.947538 790.974034
1532.631877 799.681048
1650.740349 808.998719
1051.202227 840.313532
1136.752883 849.262187
1227.302919 858.693481
1323.246396 868.658890
1425.149439 879.341984
1533.522668 890.679984
1648.997915 902.772004
1060.876539 916.570484
1145.057237 927.353699
1234.046445 938.836816
1328.340783 951.050459
1428.193727 964.004072
1534.328991 977.681891
1647.352482 992.362819
1039.326354 235.754698
1127.765925 227.389452
1221.475016 218.635816
1321.161611 209.334157
1427.121775 199.413295
1540.246844 188.873030
1661.117539 177.559336
1035.541982 325.173350
1124.373839 319.515462
1218.522087 313.452611
1318.676214 307.087970
1425.267296 300.207841
1539.046441 292.979828
1660.649233 285.283892
1031.719118 415.801956
1120.939738 412.685786
1215.581720 409.479490
1316.212673 406.034151
1423.442735 402.450249
1537.814854 398.485859
1660.277771 394.462560
1027.844656 507.277498
1117.478694 506.885419
1212.573244 506.621275
1313.710934 506.310396
1421.512839 505.884114
1536.605651 505.543643
1659.839459 505.090554
1024.009403 599.851679
1114.035124 602.256726
1209.523130 604.939619
1311.236106 607.670469
1419.572123 610.675591
1535.400847 613.820516
1659.402215 617.312120
1020.048054 693.503595
1110.384995 698.814137
1206.455160 704.481479
1308.564616 710.396616
1417.602955 716.871457
1534.146181 723.747748
1658.942254 731.157695
1016.073581 788.198974
1106.822124 796.321046
1203.329014 805.073270
1306.077641 814.435741
1415.629704 824.380896
1532.907517 835.059716
1658.501759 846.560537
1069.196731 182.735816
1154.267166 173.405831
1244.162010 163.642919
1339.505321 153.324053
1440.534111 142.349999
1548.071885 130.691355
1662.521923 118.270469
1059.281002 260.887780
1145.545103 253.747239
1236.851836 246.090860
1333.723322 238.076111
1436.629776 229.444537
1546.115374 220.384736
1662.803404 210.757381
1048.972026 341.933967
1136.526775 336.920152
1229.288624 331.696283
1327.771629 326.090018
1432.516689 320.189726
1544.053111 313.778946
1663.255651 307.164144
1038.329669 425.810289
1127.199987 423.129348
1221.450617 420.477355
1321.567901 417.559561
1428.194112 414.440233
1541.963369 411.247838
1663.618116 407.677576
1027.345087 512.804562
1117.552590 512.715430
1213.189372 512.774697
1315.176776 512.678865
1423.728597 512.704647
1539.850527 512.674181
1664.051832 512.774216
1015.903934 602.979098
1107.340459 605.707874
1204.760966 608.700633
1308.340562 611.742898
1419.050228 615.168585
1537.500398 618.706812
1664.419526 622.582872
1004.034493 696.566636
1096.971462 702.256835
1195.884363 708.369381
1301.445952 714.920281
1414.159793 721.882309
1535.120547 729.378018
1664.891020 737.453722
1148.421317 257.629563
1239.271776 252.078502
1334.079373 246.317149
1433.357807 240.368187
1537.125897 234.106894
1646.143686 227.534693
1760.439863 220.622628
1140.735293 334.009838
1233.667173 330.103414
1330.820676 325.966225
1432.648021 321.727593
1539.313730 317.212632
1651.277257 312.566885
1768.906397 307.646682
1132.585622 414.367987
1227.799831 412.135770
1327.430451 409.898662
1431.943847 407.523471
1541.546219 405.095485
1656.727353 402.414636
1778.037748 399.788346
1124.117679 498.868992
1221.634339 498.548801
1323.852851 498.388397
1431.140993 498.107587
1543.830209 497.891492
1662.520743 497.722887
1787.570553 497.403765
1115.178845 587.891045
1215.164979 589.699390
1319.930754 591.851674
1430.355270 593.924795
1546.291312 596.242635
1668.798607 598.608493
1797.760848 601.195684
1105.748160 681.775605
1208.134625 686.078568
1315.970755 690.704052
1429.336692 695.433874
1548.884529 700.626934
1675.276866 706.000227
1808.680676 711.650332
1095.708678 780.951817
1200.857341 787.924062
1311.612766 795.313869
1428.521913 803.183493
1551.639232 811.500148
1682.131347 820.236146
1820.247885 829.526781
1151.682832 377.921408
1257.044220 375.571354
1366.027431 373.260738
1479.057023 370.860872
1596.126767 368.421524
1717.680455 365.808137
1843.816805 363.148457
1151.241767 479.515364
1256.441371 479.051728
1365.417898 478.508989
1478.292928 478.027312
1595.177993 477.480116
1716.598348 476.945235
1842.669323 476.493602
1150.763050 581.076138
1255.836025 582.329387
1364.757525 583.635047
1477.450205 584.971552
1594.291422 586.474771
1715.547708 587.831557
1841.601483 589.471105
1150.326154 682.337320
1255.353567 685.304919
1364.050794 688.479961
1476.655624 691.731017
1593.381513 695.088737
1714.446524 698.579179
1840.094144 702.160155
1149.934521 783.447249
1254.803115 788.164939
1363.357422 793.120350
1475.854594 798.239076
1592.431575 803.611070
1713.440369 809.095945
1838.880333 814.864585
1149.475317 884.372162
1254.219405 890.875870
1362.723319 897.610732
1474.990214 904.639425
1591.396290 911.945478
1712.285798 919.450912
1837.598341 927.253726
1149.053677 985.024179
1253.626858 993.239461
1361.978613 1001.806274
1474.246179 1010.764675
1590.370253 1019.716933
1711.081883 1029.312077
1836.621927 1039.653936
1079.437747 257.432687
1185.890721 250.252442
1297.982656 242.873562
1416.501282 234.971006
1541.536516 226.713319
1673.824259 217.876767
1814.161434 208.505740
1089.417159 358.419488
1192.996315 354.192968
1301.799026 349.693498
1416.571253 344.915508
1537.474583 339.835791
1665.286690 334.549882
1800.472273 328.961361
1098.965183 453.889847
1199.698875 452.028420
1305.493319 450.069651
1416.675218 447.986277
1533.826936 445.933871
1657.343768 443.617628
1787.829188 441.264788
1107.894262 543.883604
1205.998064 544.215512
1308.810715 544.654021
1416.865855 545.112474
1530.440202 545.473223
1649.906832 545.924674
1775.900486 546.367973
1116.462961 629.018647
1212.019125 631.365612
1312.103367 633.812702
1417.010682 636.337133
1527.239777 639.074098
1642.998334 641.915552
1764.823192 644.873244
1124.459957 709.774680
1217.661274 713.915031
1315.073145 718.145806
1417.099635 722.590895
1524.062472 727.349507
1636.428997 732.262188
1754.367080 737.454303
1132.122069 786.380887
1222.953711 791.981957
1317.875186 797.864018
1417.231877 804.117212
1521.162014 810.642279
1630.194678 817.394998
1744.604924 824.587742
1140.836293 88.087215
1249.472323 80.367494
1362.054527 72.485284
1479.118261 64.299078
1600.105885 55.755289
1726.221546 46.927935
1857.341904 37.043226
1141.559985 195.265829
1249.262125 189.651140
1360.859026 183.723249
1476.686303 177.671625
1596.681966 171.338861
1721.403658 164.808469
1850.760079 157.998640
1142.204520 300.856990
1249.015961 297.036359
1359.725062 293.132432
1474.391309 289.036298
1593.258077 284.957586
1716.707500 280.508435
1845.084095 276.089656
1142.871485 404.500666
1248.781027 402.533892
1358.452965 400.587593
1472.098802 398.561483
1589.869313 396.407212
1712.133162 394.208076
1838.962549 391.885759
1143.624842 506.437445
1248.619590 506.295840
1357.313756 506.149004
1469.887360 505.990213
1586.589227 505.936961
1707.690505 505.756322
1833.279475 505.594195
1144.241499 606.748793
1248.318625 608.353613
1356.120657 609.943046
1467.638462 611.670674
1583.229667 613.541552
1703.227578 615.349025
1827.664112 617.284918
1144.892736 705.338261
1248.087000 708.521174
1354.909114 711.875931
1465.550249 715.450733
1580.040912 719.134553
1698.794694 722.826708
1822.069589 726.831846
