504.922917 401.802042
584.536843 397.731229
669.382908 393.584568
760.197547 389.095984
857.316499 384.334440
961.747863 379.143155
1074.134217 373.551292
527.077968 496.850553
605.738071 495.984080
689.378142 495.093160
778.744939 494.140003
874.238645 492.956895
976.752845 491.827805
1086.859046 490.661393
548.438371 588.180162
626.035943 590.054650
708.569551 592.131461
796.495267 594.293347
890.472690 596.691307
991.047172 599.107665
1098.944870 601.858836
568.883051 675.712266
645.527932 680.228241
726.885463 685.089973
813.517143 690.320687
905.946641 695.722225
1004.716327 701.538274
1110.419796 707.803675
588.590951 759.895985
664.292365 766.847372
744.593622 774.219052
829.902650 782.014193
920.777581 790.356854
1017.766986 799.223907
1121.396356 808.766660
607.505372 840.951239
682.251101 850.107146
761.454807 859.802608
845.473009 870.022070
934.923408 880.965345
1030.205024 892.644934
1131.852872 905.136474
625.731238 918.914150
699.543413 930.040295
777.602726 941.850983
860.500392 954.396573
948.477154 967.728835
1042.080015 981.907278
1141.884999 997.111292
631.889449 159.849441
706.386181 149.578519
785.235700 138.813378
868.945371 127.441536
957.854118 115.247061
1052.728728 102.290842
1153.754331 88.523434
614.006637 239.376307
689.322852 231.351077
769.111272 222.822931
853.899111 213.792612
944.266172 204.099932
1040.595790 193.908133
1143.366876 182.992253
595.466234 321.945758
671.681617 316.137327
752.463576 310.072785
838.421976 303.588197
930.038918 296.718706
1027.863329 289.314825
1132.516164 281.557196
576.310767 407.421402
653.346260 404.086811
735.156402 400.708870
822.245224 397.047939
915.222668 393.100518
1014.667883 388.972255
1121.139740 384.452936
556.484535 496.208284
634.353658 495.559573
717.083224 495.050708
805.514084 494.308428
899.770370 493.631065
1000.871936 492.830742
1109.159406 492.159009
535.811186 588.345183
614.431211 590.593894
698.418574 593.140692
787.883930 595.706561
883.665094 598.622276
986.370074 601.574465
1096.658096 604.827161
514.342948 684.015647
593.974271 689.402305
678.957646 695.187059
769.719932 701.471125
866.818333 708.111175
971.314922 715.209090
1083.562404 722.906301
916.482900 307.116851
1026.914638 314.672176
1130.136458 321.729343
1226.984060 328.469148
1317.967062 334.816486
1403.709905 340.628298
1484.507559 346.279447
906.936491 427.174092
1015.834473 430.667376
1117.743973 434.066474
1213.425589 437.193147
1303.371817 440.180655
1388.218913 442.960653
1468.224908 445.598339
897.840554 543.095472
1005.073466 542.890023
1105.701758 542.662935
1200.210212 542.542994
1289.212925 542.430040
1373.196914 542.147866
1452.481440 542.100860
888.906576 655.129498
994.754684 651.336259
1093.976140 647.834082
1187.418469 644.584966
1275.438252 641.524327
1358.538043 638.544581
1437.154004 635.859207
880.364564 763.318836
984.696070 756.282970
1082.680272 749.708250
1174.908502 743.600931
1262.113624 737.704661
1344.325684 732.240730
1422.215229 726.954762
872.135417 868.090850
975.011485 858.014047
1071.683423 848.553257
1162.945323 839.653827
1249.126253 831.145832
1330.614335 823.188445
1407.797124 815.677264
864.104511 969.426763
965.441585 956.472847
1061.074705 944.222668
1151.254106 932.819962
1236.549603 921.890329
1317.202178 911.555124
1393.706872 901.893426
857.613590 86.805644
956.736586 100.074850
1050.164460 112.457034
1138.544411 124.342004
1222.113855 135.579805
1301.426558 146.175897
1376.686493 156.258537
868.094750 180.561843
969.046837 191.273158
1064.204709 201.392503
1153.927875 210.950230
1238.741883 220.057063
1318.995058 228.636876
1395.109400 236.681669
879.046939 278.581167
981.858909 286.551214
1078.649910 294.061649
1169.870088 301.234626
1255.902794 308.002304
1337.243556 314.238826
1414.386942 320.319972
890.555074 381.182198
995.373745 386.089552
1093.804350 390.769342
1186.400969 395.168708
1273.703137 399.410520
1356.206650 403.350084
1434.303781 407.124306
902.595577 488.570476
1009.343875 490.150599
1109.438286 491.794085
1203.564186 493.363664
1292.314280 494.689902
1375.944932 496.083390
1454.975280 497.332665
915.315224 601.169614
1024.023240 599.198745
1125.999606 597.468136
1221.638728 595.793352
1311.671427 594.178005
1396.557008 592.651390
1476.624678 591.284877
928.510961 719.335523
1039.309028 713.470689
1143.246917 707.869418
1240.528077 702.827429
1331.922248 697.912907
1417.908631 693.327053
1499.001594 689.086279
686.163695 68.576438
794.582661 71.925833
901.582245 75.165297
1007.322499 78.489828
1111.748003 81.679788
1214.952695 84.880957
1316.857165 88.100170
683.389354 167.288809
793.489136 170.065620
902.162388 172.739603
1009.617025 175.475978
1115.627760 178.132242
1220.314404 180.830028
1323.626154 183.470431
680.523618 269.240538
792.343793 271.351179
902.736125 273.453644
1011.891399 275.558261
1119.548757 277.648416
1225.758441 279.673908
1330.656061 281.787835
677.576360 374.426262
791.256104 375.834579
903.414077 377.309817
1014.193599 378.746053
1123.519922 380.205467
1231.368461 381.679098
1337.853289 383.106137
674.577188 483.110726
790.097932 483.786665
903.985049 484.605818
1016.566603 485.336577
1127.651469 486.077138
1237.166336 486.875329
1345.197072 487.647597
671.492823 595.373928
788.788700 595.376823
904.738672 595.427359
1019.055503 595.429048
1131.873373 595.478743
1243.203074 595.512195
1352.951752 595.597499
668.248133 711.488792
787.533612 710.637619
905.423058 709.841104
1021.678762 709.137089
1136.281833 708.412266
1249.286126 707.692819
1360.806583 707.026738
588.012662 378.156765
698.167735 376.754923
810.584277 375.409614
925.682152 373.967104
1043.290515 372.535356
1163.495305 371.068224
1286.262097 369.520439
597.039793 488.732902
705.380106 488.555744
815.939171 488.447106
928.942010 488.260796
1044.369904 487.962805
1162.377055 487.788400
1282.809607 487.613179
605.883063 595.587168
712.401124 596.465227
821.065340 597.369224
932.084660 598.316645
1045.523302 599.236989
1161.346039 600.190691
1279.571508 601.255551
614.371605 698.668985
719.206205 700.555872
825.988601 702.549938
935.131627 704.586092
1046.568229 706.563008
1160.280942 708.634704
1276.370919 710.780630
622.652665 798.329126
725.768429 801.173973
830.859993 804.124469
938.092226 807.081227
1047.582965 810.138261
1159.292541 813.308942
1273.250522 816.496998
630.616992 894.822167
732.079064 898.557088
835.469019 902.362972
940.928342 906.249837
1048.530720 910.249892
1158.366821 914.367558
1270.344203 918.565549
638.349991 988.116289
738.175541 992.651510
839.946369 997.245193
943.728519 1002.091166
1049.464354 1006.963916
1157.394828 1011.909700
1267.489854 1017.072840
295.635104 375.535070
427.566709 380.858122
550.875829 385.736656
666.484317 390.464098
775.094673 394.920388
877.328791 398.950930
973.784301 402.831560
297.615501 492.320258
426.283726 493.683153
546.680483 495.036931
659.724960 496.237849
766.067405 497.410627
866.358881 498.411732
960.999383 499.448335
299.723198 603.267861
425.043630 601.124111
542.663810 599.034991
653.299401 597.153746
757.495372 595.374401
855.857061 593.577160
948.808729 591.973152
301.547819 708.865046
423.990329 703.444642
538.817563 698.334506
647.099360 693.613748
749.247064 689.135013
845.728421 684.797329
937.077110 680.821049
303.420991 809.301813
422.841679 801.079971
535.250960 793.209098
641.147159 785.886938
741.411119 778.881325
836.036597 772.370194
925.772339 766.065452
305.166132 905.329880
421.901427 894.412408
531.750284 884.060640
635.618930 874.324789
733.810881 865.013935
826.833217 856.279783
915.052504 848.022085
306.854663 996.919927
420.782810 983.581816
528.466462 970.872448
630.172798 958.990579
726.559286 947.665367
817.855005 936.919044
904.647832 926.801222
305.753333 154.925940
427.271649 166.930108
541.401965 178.073238
648.987461 188.758122
750.504957 198.822125
846.494271 208.255160
937.374848 217.225893
304.996155 264.746449
427.435148 273.396940
542.388253 281.530092
650.643157 289.193612
752.771203 296.464734
849.270352 303.288327
940.598450 309.758843
304.300666 376.176743
427.527305 381.436472
543.301201 386.344535
652.308702 391.075107
755.034882 395.454564
852.073788 399.520525
943.922699 403.449021
303.479920 489.406658
427.728861 491.068864
544.260688 492.661611
653.940075 494.214699
757.306613 495.714959
854.889480 497.010630
947.238038 498.343805
302.749434 604.192332
427.848978 602.262166
545.159185 600.503367
655.538046 598.883254
759.602340 597.262604
857.733896 595.841211
950.535291 594.389173
302.048058 720.832313
428.007071 715.218303
546.166324 709.935460
657.332893 705.003221
761.950797 700.272072
860.694355 695.882582
953.999277 691.705831
301.335275 839.202190
428.155007 829.804716
547.259581 820.788829
659.049422 812.527973
764.408325 804.615305
863.586488 797.204945
957.396039 790.243587
312.247498 93.952438
426.892479 107.032997
534.927332 119.216569
637.142985 130.956415
733.851986 142.018291
825.600818 152.441421
912.660101 162.364230
310.769316 187.548463
427.841761 198.059771
538.157497 207.992066
642.274530 217.378691
740.743984 226.288071
833.986664 234.709374
922.401865 242.678012
309.167088 285.297080
428.783682 293.128593
541.374808 300.464217
647.670294 307.437717
747.900305 314.024248
842.738908 320.145201
932.647591 326.076019
307.410018 387.655189
429.883776 392.430206
544.864604 396.916595
653.166553 401.176781
755.306737 405.286607
851.831387 409.084340
943.270131 412.713871
305.652505 494.809252
430.888639 496.298922
548.322314 497.758765
658.866434 499.142167
763.027266 500.389858
861.278040 501.637570
954.162909 502.751826
303.910279 607.141016
431.969392 605.045281
552.160417 603.162049
664.953282 601.367572
771.090738 599.589155
871.228439 597.996373
965.690732 596.459960
301.971359 725.012682
433.106782 719.010146
556.103028 713.252632
671.292217 708.074561
779.528386 703.088087
881.384409 698.412835
977.528334 694.017283
91.104561 24.213865
229.263081 33.936082
360.683640 41.748794
489.268551 50.400980
613.266786 58.276189
733.518312 65.962323
849.779277 73.262789
97.603042 153.272859
233.058773 159.826581
363.999205 166.208875
490.782999 172.311047
613.633733 178.215554
732.695745 183.945103
848.042674 189.565645
103.608918 279.267656
237.402063 283.695052
366.987316 287.968416
492.584448 292.119384
614.239140 296.134211
732.140887 299.936352
846.431972 303.725041
109.156818 402.734349
241.781691 405.079901
369.970616 407.366340
494.276152 409.581741
614.765369 411.756967
731.519056 413.786803
844.833730 415.860066
114.811048 523.636662
245.939670 524.099901
372.928327 524.516270
495.917173 524.906579
615.302883 525.216095
730.944746 525.635527
843.180597 525.943766
120.387189 642.306474
250.097034 640.854051
375.806991 639.462299
497.628644 638.088073
615.821808 636.649877
730.464864 635.336958
841.671746 634.086672
125.876461 758.578399
254.188214 755.283112
378.679816 752.041881
499.289414 749.054535
616.354321 745.968885
729.906257 743.038407
840.112064 740.313472
135.929646 207.965907
284.002771 216.926873
424.095281 225.349899
557.120791 233.402988
683.353750 241.103302
803.314368 248.256037
917.556572 255.117777
150.844066 337.151932
293.271232 342.406726
428.254577 347.468319
556.452729 352.100663
678.400925 356.567547
794.573625 360.759930
905.277142 364.810287
165.001622 457.127685
301.866102 459.162063
432.007680 461.013386
555.838988 462.800451
673.834425 464.521229
786.403102 466.064475
893.803715 467.560253
177.985080 568.738704
309.987753 567.905405
435.441830 567.083451
555.258839 566.348994
669.543644 565.624802
778.654607 564.805033
883.029551 564.201471
190.160558 672.648748
317.486201 669.483224
438.873521 666.268719
554.614850 663.323392
665.532405 660.427531
771.354877 657.742478
872.822192 655.096270
201.628537 769.995968
324.599294 764.621111
441.897483 759.434646
554.197160 754.499286
661.661349 749.670906
764.643696 745.179670
863.314541 740.880843
212.424957 861.115975
331.145484 853.836785
444.875409 846.833831
553.719684 840.249624
658.113659 833.805940
758.145727 827.639947
854.256291 821.835432
116.646760 278.329374
241.124691 280.585476
363.638101 282.738595
484.596280 285.017815
603.897431 287.157182
721.633002 289.266106
837.668944 291.390601
110.185407 394.982249
235.760697 396.394419
359.372934 397.833912
481.332729 399.290615
601.683596 400.648681
720.313016 402.019524
837.218102 403.378593
103.738022 513.616606
230.260542 514.219797
354.982941 514.856868
478.083793 515.473726
599.355267 516.014401
718.893976 516.506616
836.780711 517.128285
97.064790 634.277249
224.904398 633.975459
350.675358 633.705260
474.691749 633.471461
596.948127 633.183071
717.475269 632.903238
836.347185 632.719577
90.354649 756.886256
219.256413 755.695986
346.120786 754.623492
471.215109 753.477976
594.505538 752.291032
716.053517 751.223962
835.781497 750.192504
83.686390 881.735402
213.605422 879.546244
341.594486 877.565505
467.722477 875.545667
592.089075 873.479878
714.660775 871.499664
835.406586 869.566960
76.636853 1008.620027
207.828157 1005.437985
337.041771 1002.427301
464.260082 999.633534
589.569552 996.650291
713.164539 993.752025
834.917168 990.935015
242.073318 168.977229
363.564180 177.630407
479.518518 185.733293
590.447947 193.704700
696.650875 201.230344
798.521645 208.443305
896.189868 215.345337
232.456716 262.487572
357.870520 269.125146
477.558178 275.493689
591.837595 281.590071
701.173082 287.464001
805.758163 293.012032
905.930503 298.312624
222.091283 362.094449
351.797970 366.599078
475.349705 370.858190
593.357340 374.962958
705.862830 378.872734
813.407452 382.521549
916.357453 386.146883
210.988292 468.671296
345.456820 470.591398
473.193587 472.447686
594.818419 474.169397
710.787258 475.958724
821.499701 477.548756
927.352972 479.151772
199.173572 582.764907
338.451314 581.727851
470.586447 580.919950
596.390934 580.076203
716.085318 579.226981
830.107395 578.519294
938.898736 577.822156
186.568388 705.177212
330.977120 700.857598
468.147590 696.921677
598.119032 693.092900
721.762814 689.421907
839.318922 686.033757
951.372031 682.753210
172.857589 836.909998
323.056773 828.870409
465.418315 821.158043
600.011867 813.970649
727.765519 807.067330
849.060758 800.611435
964.473890 794.471662
996.974237 412.036605
1089.959752 408.402205
1188.834765 404.764350
1294.520627 400.720250
1407.330342 396.526017
1528.253815 391.897368
1658.123574 386.921344
1008.659921 504.506645
1100.112081 503.922937
1197.169509 503.329925
1300.735496 502.636775
1411.140376 501.852920
1529.359691 501.078639
1656.094371 500.287487
1019.922674 593.554843
1109.812828 595.543659
1205.217572 597.709184
1306.658359 600.020972
1414.909932 602.561580
1530.455637 605.135649
1654.261974 608.053997
1030.736177 678.929472
1119.133537 683.405328
1212.843270 688.262441
1312.455591 693.396628
1418.488379 698.751919
1531.511804 704.618059
1652.375609 710.811772
1041.208837 761.134649
1128.176360 767.946642
1220.268983 775.181581
1317.997475 782.768802
1421.890560 790.957023
1532.553144 799.652998
1650.641224 808.963506
1051.197616 840.317325
1136.743086 849.259996
1227.286096 858.687078
1323.218686 868.645582
1425.104542 879.313977
1533.460312 890.636263
1648.916525 902.717256
1060.866742 916.581887
1145.043293 927.357430
1234.030691 938.838536
1328.321976 951.045748
1428.162577 963.981824
1534.289700 977.647179
1647.300421 992.316755
1039.309698 235.812672
1127.738167 227.442061
1221.432635 218.691548
1321.101563 209.391688
1427.045229 199.474205
1540.149578 188.934337
1660.996247 177.621194
1035.526119 325.219182
1124.349518 319.558004
1218.486084 313.495254
1318.624083 307.130571
1425.197525 300.252329
1538.953247 293.021686
1660.528018 285.324787
1031.703622 415.839048
1120.916095 412.720219
1215.546949 409.511911
1316.162494 406.065141
1423.374155 402.480005
1537.720135 398.511822
1660.156099 394.484201
1027.831496 507.304321
1117.457444 506.909592
1212.539228 506.643793
1313.662006 506.330526
1421.445112 505.902640
1536.513369 505.555310
1659.719770 505.096470
1023.999554 599.869126
1114.015523 602.273501
1209.490604 604.952048
1311.189000 607.678723
1419.505610 610.680344
1535.310923 613.818334
1659.284287 617.302361
1020.040304 693.512421
1110.367800 698.821117
1206.424253 704.484183
1308.518513 710.393379
1417.539251 716.862982
1534.059171 723.730784
1658.828665 731.131861
1016.068128 788.202548
1106.813900 796.320545
1203.309004 805.068799
1306.044584 814.426146
1415.578304 824.360114
1532.834255 835.024817
1658.406254 846.515803
1069.172601 182.789129
1154.234809 173.456565
1244.115752 163.698622
1339.443400 153.383810
1440.465992 142.412303
1547.986560 130.759738
1662.415293 118.343139
1059.262389 260.940832
1145.516820 253.797271
1236.808613 246.142834
1333.662862 238.128916
1436.553748 229.499744
1546.017726 220.440236
1662.682349 210.812005
1048.954870 341.978238
1136.501289 336.960973
1229.250382 331.737034
1327.720013 326.129229
1432.447140 320.229955
1543.957694 313.818313
1663.133107 307.202058
1038.314077 425.846853
1127.176334 423.162697
1221.414989 420.508941
1321.516503 417.589368
1428.125379 414.469205
1541.869058 411.271933
1663.495104 407.696601
1027.332625 512.830484
1117.531512 512.739502
1213.156207 512.796450
1315.128061 512.697697
1423.661862 512.721547
1539.758039 512.684823
1663.932170 512.778676
1015.894616 602.996969
1107.321264 605.724213
1204.729371 608.712448
1308.293823 611.750326
1418.984673 615.172633
1537.409568 618.703460
1664.303516 622.571521
1004.027229 696.575457
1096.955777 702.262995
1195.854802 708.371946
1301.401596 714.917464
1414.094484 721.872842
1535.034152 729.361745
1664.778570 737.426914
1148.393354 257.679227
1239.230007 252.129064
1334.019889 246.369670
1433.281618 240.421577
1537.031811 234.159864
1646.025887 227.585609
1760.291529 220.677455
1140.708921 334.050271
1233.629259 330.143973
1330.767520 326.005957
1432.577162 321.768108
1539.223125 317.251354
1651.157460 312.602453
1768.763012 307.685319
1132.561482 414.401888
1227.763477 412.168461
1327.378244 409.929135
1431.872718 407.553009
1541.453158 405.121208
1656.607318 402.436024
1777.895904 399.811593
1124.095748 498.894022
1221.599051 498.571351
1323.802054 498.408568
1431.071846 498.125448
1543.737112 497.904193
1662.402727 497.728431
1787.428537 497.412175
1115.159177 587.908801
1215.131367 589.713314
1319.882100 591.861552
1430.287752 593.930971
1546.199369 596.242287
1668.680759 598.600306
1797.618979 601.188491
1105.731089 681.784240
1208.103425 686.082888
1315.924072 690.703673
1429.269111 695.427574
1548.793131 700.612638
1675.160146 705.977352
1808.537251 711.627389
1095.699426 780.953462
1200.836466 787.921336
1311.576388 795.306007
1428.465062 803.164666
1551.558010 811.468360
1682.025960 820.193854
1820.117882 829.485832
1151.656225 377.958262
1257.002699 375.607448
1365.968064 373.295255
1478.976336 370.893913
1596.018471 368.449791
1717.546197 365.833662
1843.659324 363.181457
1151.215658 479.541596
1256.400601 479.075937
1365.360763 478.530082
1478.212881 478.045654
1595.071479 477.491546
1716.468642 476.953550
1842.514986 476.504618
1150.737778 581.091654
1255.796955 582.341596
1364.701591 583.644781
1477.372563 584.977493
1594.187230 586.471969
1715.421217 587.824837
1841.452765 589.468458
1150.303172 682.344206
1255.315265 685.307649
1363.995325 688.477291
1476.579367 691.722345
1593.281187 695.071755
1714.322937 698.557253
1839.951600 702.139796
1149.918292 783.447726
1254.773097 788.159927
1363.311379 793.108172
1475.787401 798.215792
1592.341385 803.578349
1713.327012 809.057938
1838.743511 814.824607
1149.462464 884.371211
1254.200375 890.871803
1362.691258 897.596449
1474.941677 904.606509
1591.329339 911.897189
1712.200448 919.395636
1837.500650 927.206194
1149.038910 985.020416
1253.614137 993.236497
1361.959013 1001.790112
1474.214393 1010.732400
1590.328647 1019.678057
1711.026173 1029.264671
1836.544964 1039.603947
1079.417192 257.484489
1185.857321 250.302415
1297.929271 242.927048
1416.428475 235.025407
1541.440746 226.768656
1673.702567 217.930943
1813.984029 208.575277
1089.395709 358.461172
1192.964179 354.231795
1301.750281 349.731609
1416.503098 344.954226
1537.380731 339.871548
1665.163568 334.581087
1800.322002 328.997740
1098.945191 453.921661
1199.666969 452.056950
1305.445337 450.097097
1416.607207 448.011586
1533.735509 445.953477
1657.224737 443.631268
1787.686394 441.280632
1107.874951 543.905096
1205.965929 544.233730
1308.763484 544.670180
1416.799036 545.125205
1530.350193 545.479778
1649.789947 545.924437
1775.762268 546.369007
1116.443847 629.032124
1211.986663 631.375448
1312.056645 633.818003
1416.945891 636.338619
1527.151557 639.068852
1642.886329 641.902023
1764.688187 644.858645
1124.441355 709.779850
1217.629381 713.915935
1315.026826 718.142626
1417.035695 722.582371
1523.977156 727.333503
1636.321434 732.237777
1754.235137 737.426171
1132.110034 786.382632
1222.929515 791.978512
1317.839357 797.855513
1417.177526 804.099804
1521.087196 810.613943
1630.101880 817.358343
1744.490427 824.546559
1140.806879 88.128493
1249.432230 80.415989
1362.008486 72.541232
1479.076634 64.368551
1600.045047 55.841168
1726.116473 47.049314
1857.209749 37.176254
1141.528763 195.317791
1249.214275 189.707781
1360.793943 183.783172
1476.604330 177.733100
1596.576406 171.401781
1721.267836 164.875646
1850.563319 158.092447
1142.177976 300.901856
1248.975287 297.079770
1359.666379 293.176589
1474.313176 289.081959
1593.152185 284.999905
1716.574214 280.547944
1844.910396 276.144255
1142.845358 404.534953
1248.740042 402.566958
1358.395512 400.617237
1472.020314 398.591302
1589.763930 396.431086
1712.000982 394.227978
1838.811935 391.914523
1143.600755 506.461935
1248.580805 506.318149
1357.257447 506.167038
1469.809463 506.005738
1586.485829 505.945258
1707.561602 505.760830
1833.130342 505.603026
1144.218197 606.763475
1248.280981 608.363087
1356.066040 609.948765
1467.562817 611.673622
1583.128500 613.535388
1703.104809 615.338553
1827.516990 617.277711
1144.870866 705.343176
1248.051170 708.520256
1354.856512 711.871027
1465.475532 715.441165
1579.944026 719.115281
1698.673530 722.801015
1821.925068 726.807963
