-30.99469717496039 -10.26133217435000 78.19175569152058
-23.83822150917672 -33.25061445861026 96.44146233691919
-9.83644147577033 -10.26244845038687 62.63587217270177
-15.02198015931125 -33.07761725072038 81.18263062297305
-8.25232012044250 -23.86770683769624 68.28867516663132
-11.37855181045678 -31.21808114215526 76.31610142954231
-25.31149147206596 -32.44523040955310 82.78497534240304
-19.88890963582371 -13.53926712972101 64.64565686525208
-22.62499533357431 -30.30561833178097 88.47567376594240
-18.55572398371255 -14.42647591310043 66.93874036338045
-47.90733200436883 -32.78964497389830 83.54664722875016
-40.54830679296015 -10.19210690900951 63.03633206412672
-42.50777957777734 -23.51306039993334 69.93904501599746
-44.77871099972252 -30.92308423484039 78.27084705140200
-35.88494508438342 -21.66597424258979 63.84480608202867
-46.37359000104774 -30.55090357895764 63.49810418530720
-41.20555264983527 -20.30239053250896 57.18404958114936
-37.28427680124414 -23.81745114955811 57.17530877655400
-47.76756154237374 -19.18434576523939 69.22894333443470
-44.20124332624297 -25.46653587564320 74.20964859939603
-3.35424704633239 -13.55336564653567 85.26174838546429
3.51490002278003 -30.34048438612745 98.37981795915192
-1.45330227105673 -9.83941111534202 80.25348862034963
1.04307797980198 -23.15303831490650 87.11781241022979
5.58979826726461 -32.14791544926176 98.54051066928464
5.32201494287374 -27.39444850358109 102.76113603422907
8.44587914675629 -24.57829595045139 96.63770877018160
5.92160996390215 -15.52126955680897 81.82649707281125
0.80561174672438 -21.50585178553509 77.41504591700681
7.19645125524253 -31.70732357657741 75.60160845561271
