-1.90660475152271 -1.77619910397905 -0.08959008583804 
2.02974200132477 2.19203733383630 -0.79346569865162 
-2.01675923808953 -2.14924992143641 -0.76121032469814 
1.92902478450514 1.81904006520478 -0.11383350644583 
2.00529654477712 2.01159820278790 0.41347455458590 
1.93039636380226 1.81790277506880 0.08869483565333 
2.15280863305282 2.19099014135224 -0.35625980851207 
-1.99535785298057 -2.03311887097936 -0.52491814365512 
2.01245191776082 2.07713783849116 -0.55330760853681 
-2.12799741497280 -2.15228111354178 -0.32667696393248 
1.95462464337015 1.88652658161676 -0.21815842357583 
-2.01770135315445 -2.15012366259994 -0.76032578130402 
2.06630960207653 2.07280215371374 0.31334572604211 
1.96686318411923 1.88489277944571 -0.01286168856379 
2.03685490434379 2.12881872015365 0.64992359933301 
2.16086798221813 2.18779368691572 0.32794034746080 
-2.01784390092410 -2.14946545873560 -0.76054233267910 
2.04665653592837 2.18285592836570 0.77196102693318 
2.13315305866632 2.13261315215443 -0.01358374528709 
1.92843410797263 1.81899465716213 -0.11377740752240 
-1.90418581814601 -1.77792707241197 0.11024397309759 
-1.99895416572105 -2.15778261391565 0.78027435936853 
-1.90684649045010 -1.77663624574855 -0.09033141205760 
-2.03098315829093 -2.03858113236460 0.33469897907844 
2.03012099429368 2.19323747787173 -0.79242529166945 
2.03213996234046 2.24700251323270 -0.91743890122894 
2.03010947308522 2.19401561461274 -0.79255695541194 
-2.08991238279612 -2.09802922311442 0.22895884049361 
-1.90772876486876 -1.77659498388224 -0.09060565784952 
-2.10433550538419 -2.09516192495613 0.01039859362948
