522.020464 457.021592
611.581566 454.495878
706.452206 452.161051
807.094125 449.750663
913.561744 447.543192
1026.209004 445.298231
1145.090785 443.241447
547.407101 550.405863
635.264814 550.671706
727.959056 551.029147
826.113140 551.502926
929.840134 552.063924
1039.356532 552.806520
1154.648008 553.725688
571.771242 638.999151
657.793099 641.514167
748.446446 644.254894
844.145812 647.192731
945.168239 650.406495
1051.562221 653.687899
1163.330022 657.116041
594.965994 722.823646
679.240088 727.431781
767.796079 732.325180
861.235502 737.512374
959.562922 742.786781
1062.864624 748.276005
1171.194431 754.027294
617.108306 802.119682
699.663457 808.630413
786.342524 815.256217
877.415940 822.255314
973.073419 829.486609
1073.365490 836.913541
1178.498167 844.644848
638.120565 877.190282
718.942031 885.332889
803.657938 893.551526
892.525984 902.191633
985.662966 911.003447
1083.201116 920.142474
1185.141164 929.530154
658.278899 948.393083
737.318199 957.791813
820.087722 967.358613
906.818879 977.403459
997.524257 987.690305
1092.323935 998.178091
1191.278174 1009.076479
668.743259 135.114761
747.944716 126.261423
830.857809 117.287558
917.639795 108.322084
1008.395514 99.191014
1103.326852 90.058874
1202.296209 81.012752
648.746435 206.378601
729.608904 198.886067
814.443651 191.224580
903.417977 183.615559
996.711897 175.895273
1094.308834 168.230378
1196.304464 160.649219
627.661988 281.914507
710.294557 275.911754
797.105809 269.888224
888.410299 263.801672
984.181840 257.778166
1084.581932 251.729785
1189.746476 245.907084
605.631117 361.801377
690.000796 357.594611
778.837801 353.452226
872.361651 349.224608
970.778787 345.090637
1074.192533 341.115846
1182.562287 337.171372
582.555063 446.557849
668.686337 444.391555
759.412796 442.409760
855.449981 440.315675
956.444382 438.416446
1062.938850 436.570588
1174.639880 434.978771
558.334455 536.231498
646.108709 536.464182
739.133497 536.935093
837.312101 537.380172
941.140890 538.099182
1050.687614 538.856392
1165.901578 539.779320
532.944109 631.093227
622.697705 634.023187
717.744490 637.166551
818.373996 640.600545
924.830741 644.236258
1037.551041 648.032153
1156.247377 651.960287
850.516676 440.401818
968.635602 442.670676
1080.741527 445.104608
1186.985180 447.636678
1287.543862 450.271416
1382.642590 452.779687
1472.523824 455.400468
839.494315 551.088579
954.110430 550.623363
1063.075064 550.379535
1166.546931 550.119819
1264.652242 550.013163
1357.697322 549.931662
1445.755525 549.988558
829.392476 654.712272
940.423672 651.901049
1046.309076 649.119474
1147.062619 646.513034
1242.823577 644.059376
1333.766667 641.635589
1420.083088 639.473196
819.960626 751.635662
927.650979 746.645331
1030.407982 741.842502
1128.531928 737.232654
1221.987028 732.714804
1310.865525 728.256626
1395.449791 724.129596
811.266535 842.092667
915.630852 835.423121
1015.543218 828.806032
1110.911852 822.420012
1202.155455 816.132083
1288.984941 810.090557
1371.865244 804.143711
803.041070 926.941957
904.386701 918.696740
1001.367756 910.573582
1094.343012 902.655002
1183.267718 894.816527
1268.267126 887.237802
1349.360476 879.884439
795.423981 1006.393227
893.662256 996.740060
988.093171 987.252489
1078.613324 978.088998
1165.393966 968.995996
1248.341510 960.086621
1327.758768 951.453873
804.126695 79.568635
902.244865 88.823270
996.413611 97.968942
1086.696096 107.284467
1173.198490 116.500576
1256.048239 125.600566
1335.221708 134.657775
811.253121 159.091844
912.325172 166.937022
1009.238908 174.827392
1101.963396 182.819300
1190.689517 190.765784
1275.457784 198.665420
1356.345266 206.447960
818.771422 244.181574
922.989698 250.514086
1022.721288 256.933172
1118.134177 263.454183
1209.034263 269.918255
1295.788352 276.266207
1378.478756 282.717826
826.882515 335.433830
934.421635 339.922016
1037.138111 344.605550
1135.056537 349.300498
1228.295347 354.091114
1317.083783 358.789434
1401.597293 363.552143
835.647032 433.322386
946.533681 435.690318
1052.208390 438.355233
1152.893630 441.040484
1248.537574 443.711975
1339.384183 446.495750
1425.570951 449.240444
845.190881 538.226346
959.421908 538.280402
1068.367037 538.586788
1171.723984 538.872418
1269.764369 539.203536
1362.794398 539.639725
1450.823725 540.170672
855.323439 650.690454
973.192866 648.039513
1085.348603 645.402852
1191.512108 643.047791
1292.042964 640.702184
1387.077359 638.577159
1476.936490 636.532050
896.347962 197.120809
1001.883945 207.971239
1100.735184 218.438953
1193.339300 228.731796
1280.128347 238.646307
1361.471060 248.106665
1437.707743 257.254788
895.716080 310.849111
1001.594173 318.084168
1100.764832 325.243297
1193.583704 332.202441
1280.541138 338.977000
1362.001385 345.438014
1438.327311 351.704448
895.109046 425.573531
1001.147160 429.233173
1100.505411 432.839645
1193.530418 436.483122
1280.581175 440.001506
1362.128706 443.297604
1438.560792 446.686783
894.459471 540.981934
1000.655094 540.922147
1100.074621 541.003837
1193.154745 541.161064
1280.273993 541.446071
1361.852610 541.681641
1438.372400 542.103085
893.863067 656.520765
1000.000766 652.807223
1099.376079 649.355581
1192.409844 646.128292
1279.663637 643.029038
1361.213824 640.283179
1437.693743 637.587775
893.349827 771.900188
999.302719 764.578117
1098.503917 757.645934
1191.533714 751.062297
1278.632123 744.645220
1360.305517 738.684623
1436.794984 733.131037
892.832058 886.704776
998.418717 875.777097
1097.550218 865.258042
1190.364406 855.452158
1277.424740 845.867522
1358.939910 836.870524
1435.423960 828.400134
858.111502 93.553340
955.981164 106.320501
1048.272258 118.608139
1135.339219 130.751754
1217.397921 142.436918
1294.859617 153.699813
1367.927522 164.677465
868.340488 184.317913
968.332768 194.711115
1062.542235 204.895331
1151.189714 214.839142
1234.634216 224.503896
1313.129800 233.812175
1387.067177 242.746183
879.022802 280.182182
981.232984 288.043303
1077.306212 295.738058
1167.627217 303.315881
1252.349398 310.643586
1331.960751 317.598923
1406.849281 324.479643
890.290649 381.518479
994.779334 386.404706
1092.722062 391.310661
1184.507197 396.079850
1270.566583 400.799426
1351.289113 405.317733
1427.069564 409.780016
902.191226 488.407348
1008.789945 490.013855
1108.541024 491.793670
1201.901275 493.574755
1289.341670 495.236811
1371.101407 497.056855
1447.689846 498.764409
914.781610 600.997661
1023.453816 599.023860
1125.098616 597.298453
1219.966035 595.654182
1308.587583 594.125113
1391.462689 592.762820
1468.929336 591.561710
927.904735 719.322112
1038.626976 713.364750
1142.125159 707.585262
1238.479688 702.365515
1328.357740 697.264844
1412.141285 692.570000
1490.407448 688.191533
620.815471 99.011608
718.375587 94.284281
818.148644 89.850610
920.053323 85.856731
1023.913775 82.219791
1129.556773 79.037263
1236.603580 76.378843
611.849573 190.078779
711.074513 186.232374
812.680592 182.614453
916.468543 179.436500
1022.368172 176.579365
1130.036567 174.118101
1239.175767 172.131600
602.745441 284.879649
703.625143 281.990124
806.979269 279.351713
912.752733 277.010861
1020.606141 275.036442
1130.329312 273.330640
1241.629502 272.120835
593.602177 383.293080
696.099078 381.471691
801.156903 379.954530
908.767309 378.599459
1018.630704 377.548317
1130.451951 376.831491
1243.820195 376.371919
584.412452 485.434164
688.488618 484.839102
795.199325 484.528100
904.733264 484.261803
1016.490088 484.251190
1130.348549 484.411686
1245.720372 484.831747
575.164274 591.136072
680.742808 591.933611
789.281214 592.916627
900.454623 593.920923
1014.165630 595.040328
1129.979677 596.161708
1247.387840 597.457202
565.901395 700.357722
673.157227 702.571900
783.237446 704.898519
896.161078 707.314920
1011.607789 709.594926
1129.297342 711.851703
1248.690715 714.087620
663.174542 376.831484
785.363688 377.375187
906.276513 378.305225
1025.608734 379.670482
1142.781121 381.340791
1257.457418 383.101761
1369.464879 385.241947
668.576532 487.677650
786.736186 487.711061
903.649016 488.005135
1019.052329 488.453363
1132.455073 489.016108
1243.632681 489.724383
1352.257714 490.703075
674.031914 591.555010
788.131082 591.095841
901.192794 590.684496
1012.820232 590.349195
1122.662567 590.127234
1230.376574 589.765664
1335.706264 589.670926
679.234625 688.654043
789.583711 687.749039
898.864739 686.775315
1006.914071 685.887737
1113.261779 684.839257
1217.642480 683.689026
1319.853821 682.697064
684.326482 779.390377
791.090699 778.113857
896.819373 776.630029
1001.272609 775.123008
1104.324318 773.472822
1205.437641 771.827781
1304.672161 769.996746
689.103065 864.434726
792.540177 862.705714
894.813317 860.829512
996.043829 858.815118
1095.775450 856.601014
1193.958046 854.333498
1290.302250 851.974357
693.750627 944.108142
793.800657 941.944385
892.990740 939.617032
991.042269 937.232086
1087.732976 934.589439
1182.970045 931.808471
1276.529287 928.982363
677.704091 148.526156
771.017745 144.743502
866.206101 141.210017
963.265986 138.133865
1061.979464 135.316009
1162.285374 132.878336
1263.706075 130.884415
663.914056 225.737702
759.926019 222.572481
858.071977 219.632166
958.207781 217.112890
1060.199823 214.889968
1163.694081 213.017953
1268.475374 211.538744
649.263726 308.154605
748.182920 305.702873
849.330041 303.556927
952.799907 301.682881
1058.090525 300.152383
1164.991283 298.867955
1273.359219 298.054481
633.905008 396.083827
735.792772 394.530870
840.173472 393.286131
946.878009 392.190535
1055.688992 391.431320
1166.274479 390.992652
1278.287453 390.773944
617.774525 490.028900
722.711747 489.549311
830.264910 489.405805
940.623598 489.277219
1053.011837 489.383063
1167.390333 489.701273
1283.220863 490.274461
600.820576 590.246677
708.828403 591.095428
820.025230 592.152950
933.786497 593.240143
1050.003033 594.437800
1168.347548 595.640202
1288.267788 596.992316
582.960026 697.211396
694.475068 699.516334
809.049900 701.919163
926.576626 704.395412
1046.637910 706.756924
1169.026359 709.106567
1293.094384 711.383961
696.049287 369.977649
816.240162 370.857773
935.054642 372.078282
1052.212453 373.638385
1167.223212 375.585915
1279.760926 377.629882
1389.660811 379.990725
697.846673 486.182105
816.077003 486.438426
932.987857 486.947239
1048.267759 487.594407
1161.448634 488.431559
1272.306262 489.334056
1380.545499 490.509526
699.976200 598.769966
816.003178 598.431000
930.932708 598.156556
1044.286601 597.926247
1155.608645 597.830810
1264.695492 597.661788
1371.258011 597.685826
702.152144 707.444367
816.123190 706.513743
928.888078 705.587591
1040.251227 704.608009
1149.676713 703.585587
1256.931906 702.444837
1361.855532 701.391735
704.464489 812.134355
816.323444 810.684703
927.017729 809.071426
1036.234676 807.394349
1143.776029 805.541350
1249.167692 803.621182
1352.353394 801.586097
706.732285 912.965955
816.527260 910.977558
925.060352 908.763179
1032.306254 906.416593
1137.836667 903.826327
1241.478154 901.092676
1342.955346 898.220479
709.071448 1009.791466
816.680100 1007.248986
923.256963 1004.450150
1028.464282 1001.555904
1132.072911 998.329775
1233.762291 994.882579
1333.490950 991.332583
271.016972 102.280892
372.257641 105.739789
472.075674 109.348295
570.351800 113.489533
666.958417 117.821263
761.772730 122.445963
854.448191 127.390956
256.624523 179.621364
361.106412 182.374938
464.152926 185.433328
565.567359 188.903443
665.284921 192.592626
762.896796 196.521486
858.327784 200.659261
241.649245 262.246865
349.494583 264.341304
455.876217 266.748558
560.711185 269.419922
663.477416 272.308743
764.081806 275.340164
862.429507 278.732252
226.030097 350.625673
337.534987 351.890947
447.465285 353.492336
555.593572 355.249207
661.660557 357.288929
765.450574 359.469337
866.823066 361.896504
209.862702 445.220477
325.089757 445.580945
438.587574 446.311051
550.422222 447.128604
659.903325 448.099403
766.965492 449.254366
871.473040 450.576639
193.139668 546.400086
312.126258 545.836200
429.721789 545.544091
545.131433 545.276916
658.274446 545.117915
768.792531 545.054217
876.566838 545.140084
175.762443 654.622792
298.966522 653.064678
420.561958 651.450947
539.905425 650.018311
656.773371 648.532953
770.792825 647.186452
881.857024 645.863454
233.308808 446.510891
360.771382 447.466970
483.904565 448.627605
602.716891 450.015070
716.827139 451.522352
826.322547 453.056256
931.299092 454.769937
242.607259 554.519416
365.967406 553.461831
485.182130 552.660520
600.259348 551.898646
710.938250 551.245237
817.345091 550.691932
919.456351 550.321533
252.045594 655.826798
371.210565 652.992334
486.634822 650.228252
598.200501 647.609336
705.663734 645.147645
808.966957 642.704501
908.283981 640.488661
261.158791 750.773267
376.558041 746.310787
488.240458 741.926405
596.424140 737.710278
700.800455 733.575057
801.142505 729.537464
897.743216 725.653899
270.196208 839.617176
381.788738 833.874440
490.130633 828.048500
594.906847 822.408070
696.298819 816.788320
793.818692 811.343470
887.805215 805.945939
278.977081 923.091075
387.052351 916.100617
491.927126 909.078351
593.722607 902.173247
692.048913 895.221321
787.020698 888.428196
878.498399 881.804523
287.550001 1001.294221
392.185408 993.209715
493.920865 985.117124
592.649434 977.149529
688.215459 969.129922
780.500394 961.177908
869.630951 953.442943
258.112760 216.315302
376.649133 221.585523
491.460550 227.006504
602.472988 232.786607
709.517789 238.606695
812.508196 244.481471
911.442751 250.541348
255.867094 326.747849
374.779203 330.030107
489.959991 333.569223
601.256605 337.212540
708.563235 341.046531
811.765067 344.851910
910.912774 348.917863
254.351388 438.040414
373.426073 439.328303
488.800357 440.791264
600.376920 442.443837
707.725341 444.189120
811.068641 445.947845
910.404612 447.960587
253.343260 549.864491
372.643025 549.109996
488.054393 548.517687
599.664897 548.065314
707.087736 547.798370
810.477036 547.502836
909.894601 547.476101
253.069388 661.782009
372.238461 659.021897
487.604051 656.374720
599.163716 653.904100
706.675103 651.499706
809.959235 649.258416
909.306810 647.091038
253.368989 773.682018
372.300202 768.914101
487.563680 764.240058
599.038365 759.686126
706.433360 755.128861
809.673415 750.827241
908.866760 746.578480
254.233827 885.085086
372.847320 878.320502
487.963860 871.534385
599.144429 864.996220
706.340199 858.375378
809.334541 851.929626
908.318503 845.652863
287.582066 114.094475
395.690418 120.740642
500.645562 127.468429
602.372620 134.555517
700.801993 141.721818
795.811012 149.009812
887.361775 156.353481
279.514208 202.416819
390.484977 207.656142
498.180488 213.142517
602.409956 218.842924
703.222205 224.634909
800.341702 230.499457
893.888834 236.457144
271.380059 295.640603
385.292472 299.410396
495.736830 303.416544
602.696052 307.592723
705.824558 311.837221
805.169540 316.090442
900.747885 320.613315
263.322892 394.023425
380.314631 396.101545
493.558978 398.430045
603.040683 400.843046
708.597489 403.453819
810.237522 406.097693
907.978801 408.928216
255.418340 497.760290
375.376514 497.997675
491.444831 498.509903
603.687332 499.071186
711.687349 499.752666
815.582197 500.598569
915.432962 501.515686
247.692956 606.988622
370.577359 605.228893
489.732775 603.685186
604.617403 602.214240
715.158446 600.826671
821.406083 599.594554
923.346844 598.510015
240.027606 721.865082
366.134629 717.954360
488.239473 713.990163
605.904913 710.327578
719.022521 706.668378
827.406481 703.241056
931.410841 699.859523
329.929368 227.097700
455.457097 235.218250
574.443854 243.200544
687.113146 251.243192
793.695242 259.196222
894.289724 266.911451
989.282253 274.581153
328.776513 345.607515
452.679956 350.287449
570.202711 355.103940
681.466288 359.852325
786.753885 364.591199
886.368712 369.232012
980.443196 373.932879
328.417946 461.099833
450.379914 462.589792
566.288394 464.141856
676.153292 465.837392
780.147284 467.581404
878.658345 469.281114
971.738108 471.157990
328.524785 573.276057
448.676959 571.648620
562.796925 570.231890
671.189615 569.015256
773.851336 567.938058
871.127931 566.886779
963.220567 566.146411
329.191745 681.859112
447.333135 677.442365
559.785694 673.194614
666.543861 669.271434
767.871837 665.478046
863.823433 661.985902
954.826734 658.598783
330.289292 787.039710
446.458090 779.965274
557.052049 773.097766
662.331948 766.582000
762.202003 760.235241
856.911268 754.258082
946.762117 748.497821
331.783968 888.500592
445.838866 878.939257
554.747148 869.572680
658.308852 860.718105
756.767808 852.002242
850.101828 843.677798
938.815798 835.739407
123.079271 48.474660
249.669056 52.679560
374.529623 57.070032
497.506656 62.264472
617.981125 67.895270
735.728165 73.997437
850.385109 80.559996
124.226868 169.761014
250.437160 172.572121
374.801243 175.872257
497.075803 179.601604
617.057409 183.756550
734.280381 188.243590
848.413515 193.148919
126.583096 290.083670
251.892764 291.754987
375.526560 293.795092
497.224531 296.185080
616.476634 298.906287
732.976121 301.778086
846.478694 305.027049
129.545001 409.269796
254.147800 409.773537
376.875519 410.578197
497.688958 411.634550
616.150295 412.927100
731.823324 414.325890
844.616529 416.032366
133.404990 526.928188
256.973108 526.405543
378.782643 525.995287
498.602048 525.742801
616.143624 525.599764
730.864328 525.666000
842.805636 525.798286
137.929189 642.895877
260.395865 641.261236
381.146787 639.690878
499.930372 638.195557
616.451701 636.655898
730.282692 635.258607
841.207604 633.964390
143.163984 756.677997
264.395156 753.979718
384.003546 751.181654
501.646814 748.535080
617.053826 745.690986
729.775863 742.924424
839.631921 740.275204
158.230818 220.968134
297.371780 226.369875
431.589716 232.043586
560.970073 238.085653
685.112061 244.378520
803.844325 250.664139
917.283728 257.159964
169.475253 345.077131
304.005932 347.932535
433.924318 351.147867
559.101478 354.454479
679.398562 357.970043
794.711884 361.513725
905.013841 365.306378
181.022897 461.550207
310.849898 462.140826
436.514039 462.892604
557.760256 463.861272
674.325890 464.983446
786.240981 466.130006
893.460906 467.461944
192.329898 570.636935
317.884157 569.150673
439.278886 567.826804
556.739701 566.725105
669.793446 565.710759
778.355194 564.698111
882.602624 564.036284
203.500456 672.610762
324.853655 669.468413
442.426225 666.258727
555.986074 663.283003
665.742530 660.362863
771.024535 657.666445
872.371976 655.043993
214.485056 768.245558
331.820201 763.473267
445.485559 758.713485
555.655467 754.097563
661.979593 749.480372
764.389329 745.125208
862.847880 740.899285
225.225394 857.706104
338.586569 851.528825
448.723795 845.323670
555.444366 839.337228
658.642045 833.318314
758.044138 827.414809
853.821205 821.735323
237.386743 148.825400
376.346303 159.441502
507.797558 170.021439
632.008711 180.662451
749.093203 191.140830
859.164513 201.359518
962.784470 211.408140
238.427861 277.734806
374.367485 284.364103
502.997074 291.189269
624.611720 297.996057
739.435110 304.678619
847.614301 311.213065
949.520573 317.824402
240.487304 401.135472
372.999218 404.184890
498.796446 407.293409
617.910781 410.579315
730.352561 413.840367
836.561666 417.047645
936.718744 420.354974
243.005966 518.959423
372.372342 518.617579
495.149516 518.453625
611.685317 518.482987
721.813343 518.627121
825.989368 518.707272
924.437370 519.157047
246.057826 631.079887
372.180247 627.756723
492.160273 624.524293
605.957829 621.648435
713.938972 618.860167
815.936589 616.355734
912.584251 614.019563
249.574016 737.877399
372.539931 731.767356
489.521870 725.848545
600.908823 720.259172
706.532942 714.815827
806.562880 709.798158
901.372075 704.957776
253.441869 839.263345
373.132637 830.637623
487.433002 822.191010
596.176439 814.263014
699.591530 806.488053
797.529552 799.075368
890.497572 792.014439
138.686452 288.901736
255.438463 288.685533
372.360978 288.738408
489.490100 289.323805
606.363350 290.158686
722.625014 291.339000
837.801914 292.900710
130.576804 401.746865
248.532885 401.398323
366.740618 401.314181
485.100477 401.587361
603.297182 402.033758
720.689802 402.707082
837.049894 403.651326
123.148215 517.248647
242.141549 516.803288
361.497530 516.578787
481.144109 516.482374
600.397559 516.507868
718.877842 516.603283
836.380375 516.999824
116.222065 635.066203
236.450571 634.518906
356.852286 634.052986
477.452044 633.625769
597.776637 633.204141
717.340857 632.815157
835.842525 632.598800
110.132620 754.846648
231.171783 754.246711
352.569586 753.632068
474.149700 752.830506
595.421017 751.951344
715.981525 751.061469
835.303456 750.163952
104.607380 876.434795
226.443012 875.713219
348.807379 874.893435
471.207073 873.822101
593.377569 872.462448
714.797153 870.922267
834.988157 869.221263
100.218383 999.021702
222.346822 998.619075
345.725982 997.278881
468.832028 996.055830
591.619021 994.212101
713.678691 992.028583
834.539522 989.609238
258.717577 181.073956
374.136970 186.851919
485.944016 192.701877
594.133551 198.985756
698.618383 205.274780
799.346254 211.661497
896.187742 218.149623
247.637391 271.309790
367.031648 275.549787
482.766742 280.052128
594.565260 284.797782
702.445316 289.670095
806.162484 294.546956
905.800272 299.550750
236.122480 368.144382
359.827469 370.778576
479.545907 373.633863
595.303976 376.687444
706.524163 379.822822
813.429876 382.976375
916.065580 386.415507
224.316050 472.327447
352.654455 472.982732
476.618998 473.897806
596.131294 474.928214
710.993395 476.197694
821.297679 477.476663
927.002413 479.002491
212.293492 584.294893
345.251701 582.703211
473.567281 581.455757
597.340092 580.280365
716.016922 579.199013
829.712238 578.358154
938.498106 577.648868
200.138759 704.526225
337.847607 700.475852
471.032746 696.699975
598.956271 692.963397
721.621877 689.342573
838.854055 685.984738
950.875200 682.691157
187.698390 833.632193
330.707111 826.821202
468.681098 819.971622
601.048843 813.376166
727.762760 806.816112
848.608782 800.537083
963.813079 794.365604
996.439829 412.186572
1088.975546 408.824716
1186.946692 405.635350
1290.865099 402.294721
1400.686405 399.125660
1516.746918 395.880310
1639.241788 392.715886
1008.199133 504.360281
1099.313237 503.869744
1195.597277 503.513627
1297.551469 503.206777
1405.216225 502.979858
1518.874048 502.931925
1638.701328 503.064825
1019.500586 593.397232
1109.090397 595.393122
1203.729282 597.569501
1303.664861 599.961505
1409.190979 602.627768
1520.406304 605.375314
1637.552282 608.463710
1030.261243 678.839132
1118.287332 683.202811
1211.202128 687.897908
1309.276940 692.825269
1412.643312 697.946274
1521.439584 703.425279
1635.819958 709.150960
1040.579973 761.010949
1127.080581 767.617556
1218.295452 774.490610
1314.402728 781.606206
1415.575245 789.168748
1521.960931 797.033352
1633.652856 805.246408
1050.331278 839.965100
1135.316756 848.556779
1224.806787 857.460231
1318.985762 866.708070
1418.031439 876.365912
1522.047339 886.376002
1631.106887 896.816171
1059.748493 915.762115
1143.174246 926.080204
1230.911759 936.834836
1323.240018 948.050817
1420.139311 959.632801
1521.799715 971.569756
1628.306843 984.016170
1067.353993 186.852740
1151.158249 178.446723
1239.206957 169.905864
1331.790565 161.317472
1428.882014 152.558644
1530.811870 143.771358
1637.548400 134.931466
1057.980602 263.136344
1143.236985 256.637174
1232.993256 249.940593
1327.431280 243.297722
1426.761225 236.497359
1530.964955 229.742784
1640.278944 223.006283
1048.065924 342.874567
1134.872656 338.328882
1226.326312 333.786119
1322.748039 329.191554
1424.149451 324.671014
1530.721989 320.033669
1642.705417 315.647155
1037.707390 425.994229
1126.024907 423.590111
1219.204673 421.377262
1317.473010 419.128814
1421.037591 416.963338
1530.055750 414.970137
1644.682243 412.964856
1026.858468 512.699344
1116.671765 512.722930
1211.442514 512.967731
1311.755497 513.232644
1417.396380 513.760380
1528.894571 514.418632
1646.138875 515.338981
1015.456767 602.852822
1106.583247 605.575005
1203.233032 608.557275
1305.262905 611.645057
1413.141960 615.124381
1527.057276 618.746016
1647.014053 622.699223
1003.530478 696.549675
1096.165898 702.101706
1194.330076 707.995588
1298.340131 714.260042
1408.283400 720.850201
1524.629029 727.815488
1647.271310 735.133078
1035.528537 464.820559
1136.513752 463.399860
1242.000272 462.248873
1352.262959 461.154245
1466.933811 460.278588
1586.082150 459.492635
1709.774775 458.870166
1046.474156 556.317369
1144.912252 557.144301
1247.508853 558.100125
1354.559819 559.194101
1465.825593 560.334001
1581.372812 561.700354
1701.098390 563.282476
1056.830099 643.082417
1152.633419 645.732719
1252.510370 648.501777
1356.425827 651.442646
1464.441780 654.617923
1576.440051 657.807892
1692.363273 661.258540
1066.452840 725.055052
1159.781669 729.380957
1256.890197 733.883530
1357.917358 738.583717
1462.763677 743.333215
1571.341792 748.229036
1683.570128 753.280515
1075.547285 802.574630
1166.455745 808.451036
1260.983277 814.415740
1359.126867 820.521945
1460.922433 826.845164
1566.166412 833.252674
1674.918229 839.750299
1084.007748 875.996879
1172.615855 883.204351
1264.581805 890.482007
1359.976298 897.909487
1458.789040 905.506189
1560.961297 913.212890
1666.388825 921.048999
1092.053901 945.511620
1178.321746 953.789701
1267.832350 962.223758
1360.648252 970.874096
1456.654003 979.622581
1555.796427 988.426414
1658.105310 997.430893
1057.270800 266.617899
1152.709379 261.208095
1252.120984 255.958182
1355.653819 250.850911
1463.151213 245.845277
1574.628245 241.029297
1689.970594 236.397897
1057.409488 361.350168
1153.018865 358.110072
1252.631745 354.912985
1356.402314 351.899391
1464.170079 348.968299
1575.926551 346.242741
1691.546003 343.743031
1057.394553 456.825770
1153.143678 455.589232
1252.882023 454.536030
1356.786574 453.565724
1464.730016 452.841899
1576.615140 452.153065
1692.507115 451.771393
1057.275916 552.500969
1153.052204 553.345492
1252.818049 554.455500
1356.726779 555.687693
1464.729737 557.025002
1576.687297 558.568478
1692.554339 560.221410
1057.105404 648.276003
1152.774514 651.270542
1252.486481 654.462362
1356.362128 657.777805
1464.243634 661.328847
1576.235243 664.986063
1691.959762 668.844974
1056.690263 743.913234
1152.177042 749.092457
1251.807298 754.406759
1355.485401 759.842276
1463.261525 765.548338
1575.093179 771.318811
1690.716112 777.299468
1056.253392 839.168225
1151.536079 846.365757
1250.899513 853.772844
1354.413819 861.473005
1461.921212 869.251305
1573.412220 877.154189
1688.759548 885.301025
1100.173745 158.964948
1186.566872 152.310729
1276.137203 145.738371
1368.908073 139.306623
1464.793948 132.974446
1563.915738 126.800090
1666.074032 120.781418
1092.209431 229.162810
1180.808800 223.747574
1272.825907 218.340396
1368.233328 213.140637
1467.035419 208.021766
1569.039485 203.105436
1674.359129 198.342817
1083.650507 303.607988
1174.608632 299.485874
1269.169136 295.524949
1367.355756 291.661152
1468.996622 287.972096
1574.210696 284.319432
1682.898578 281.018946
1074.563658 382.331829
1167.923891 379.715350
1265.093044 377.354808
1366.053932 375.023817
1470.796202 372.872064
1579.276605 370.912861
1691.454268 369.084070
1064.876493 465.768713
1160.696589 464.878469
1260.384400 464.269796
1364.450569 463.691380
1472.319216 463.328572
1584.238534 463.089751
1699.976455 463.137298
1054.508650 554.045078
1152.702447 555.174154
1255.390890 556.551355
1362.246263 557.976495
1473.479626 559.664433
1588.930715 561.462741
1708.463514 563.470588
1043.339308 647.456678
1144.199778 650.770728
1249.666881 654.279823
1359.762080 658.083960
1474.270538 662.018390
1593.417741 666.164417
1716.826961 670.450124
1084.763231 237.598740
1165.752926 230.833684
1250.651290 224.006086
1339.696073 217.159365
1432.947706 210.194166
1530.614984 203.224175
1632.634667 196.267534
1073.177547 307.748033
1155.915888 302.622074
1242.785843 297.406490
1334.070054 292.260262
1429.845464 287.023891
1530.136964 281.821022
1635.157258 276.661475
1060.841334 381.721837
1145.434256 378.345619
1234.344455 375.036477
1327.955967 371.660732
1426.195065 368.439397
1529.268148 365.140247
1637.411335 362.074090
1047.869458 459.523548
1134.283529 458.117160
1225.306529 456.901769
1321.124923 455.671842
1422.015549 454.584243
1528.017593 453.671977
1639.294883 452.789584
1034.152297 541.479458
1122.430036 542.309476
1215.439793 543.377357
1313.784372 544.540192
1417.234133 545.891440
1526.270115 547.418983
1640.762989 549.235285
1019.635779 627.583698
1109.613004 630.967941
1204.968845 634.613327
1305.539919 638.416524
1411.793668 642.603079
1523.874250 646.960727
1641.777325 651.659434
1004.261914 718.084973
1096.191715 724.200411
1193.570590 730.701073
1296.692112 737.583412
1405.613468 744.794978
1520.843987 752.415053
1642.201213 760.377615
1146.113620 260.442117
1235.417685 255.819973
1327.955757 251.305392
1423.815185 246.995892
1522.817400 242.765588
1625.193305 238.679553
1730.615951 234.758896
1139.039813 335.487095
1230.638984 332.247407
1325.735536 329.091230
1424.336671 326.167302
1526.356147 323.287590
1631.736647 320.610066
1740.422416 318.087679
1131.355707 414.912440
1225.427628 413.169369
1323.156370 411.635176
1424.645743 410.208218
1529.640884 408.949096
1638.230673 407.726225
1750.434608 406.877545
1123.212963 498.920634
1219.731658 498.850195
1320.192278 499.105780
1424.526070 499.394620
1532.663484 499.896712
1644.697811 500.608443
1760.436598 501.382507
1114.416996 587.778864
1213.506363 589.637743
1316.621781 591.866594
1424.106809 594.113110
1535.458832 596.622536
1651.081463 599.255660
1770.385456 602.119750
1104.952109 681.609194
1206.493355 685.758765
1312.672515 690.153889
1423.067582 694.643240
1537.911430 699.425820
1657.143280 704.314244
1780.381755 709.366825
1094.751006 780.668960
1198.993745 787.264067
1308.007250 794.067719
1421.805032 801.194202
1539.987797 808.475605
1662.855046 815.908873
1790.157262 823.537869
1149.992945 378.937684
1253.845922 377.278082
1360.375747 375.932233
1469.438558 374.807740
1580.782232 373.895714
1694.240103 373.176028
1809.572305 372.722570
1149.971611 479.756206
1253.870514 479.638459
1360.576685 479.676899
1469.744210 479.952338
1581.163711 480.326409
1694.783098 480.891519
1810.195833 481.657348
1149.686794 580.990571
1253.595156 582.328660
1360.322128 583.809190
1469.491520 585.380683
1580.964740 587.168328
1694.567406 588.885911
1810.098198 590.907768
1149.207872 682.119582
1253.060499 684.882567
1359.627721 687.855666
1468.734677 690.870553
1580.174417 693.891173
1693.649135 696.967284
1809.031899 700.102189
1148.562594 782.976418
1252.185241 787.267391
1358.556089 791.622315
1467.526233 796.000051
1578.748339 800.428602
1692.110414 804.799396
1807.274898 809.156107
1147.663814 883.378104
1251.021202 889.203101
1357.128655 894.988293
1465.772194 900.766370
1576.707128 906.496091
1689.846019 912.135366
1804.804598 917.708413
1146.670700 983.039975
1249.590094 990.295963
1355.344413 997.474399
1463.687185 1004.719714
1574.239315 1011.712271
1686.851082 1018.376448
1801.570734 1025.612732
1077.801553 259.866378
1182.850299 253.589641
1292.638351 247.534424
1407.343857 241.548178
1526.638828 235.781337
1650.499265 230.121229
1778.984907 224.667539
1088.213614 359.355431
1190.671920 355.707757
1297.543299 352.130497
1409.000170 348.667237
1524.819168 345.292515
1645.048135 342.129061
1769.532010 339.196270
1098.037716 454.069856
1197.826393 452.573384
1301.899351 451.161238
1410.165942 449.890445
1522.626031 448.865546
1639.221195 447.841506
1759.883362 447.076283
1107.118674 543.801915
1204.376799 544.259734
1305.570797 544.944890
1410.870484 545.762049
1520.103245 546.616523
1633.182226 547.634231
1750.071883 548.797708
1115.659171 628.861071
1210.399040 631.159121
1308.943420 633.563047
1411.215993 636.090355
1517.311907 638.808877
1626.995719 641.637939
1740.255113 644.557736
1123.501850 709.558775
1215.855525 713.479992
1311.707685 717.431153
1411.165225 721.555506
1514.172018 725.851829
1620.721120 730.204302
1730.533364 734.733681
1130.948643 785.985736
1220.839214 791.213488
1314.158402 796.586611
1410.945452 802.203649
1510.996667 807.892569
1614.341356 813.638030
1720.900002 819.581175
1186.863648 82.809517
1296.027098 80.200820
1406.206539 78.185546
1517.243857 76.716649
1628.716398 75.687056
1740.450700 75.052358
1852.188069 75.124727
1187.198214 189.580149
1295.914387 187.820385
1405.641976 186.434817
1516.148598 185.532294
1627.073912 184.992679
1738.291771 184.851070
1849.431551 185.088274
1187.299067 295.938594
1295.387075 294.881261
1404.560977 294.174352
1514.455719 293.789517
1624.785864 293.787272
1735.326035 293.893285
1845.922408 294.460599
1187.078031 401.392083
1294.523649 401.009045
1402.964031 400.941453
1512.176367 401.149235
1621.831979 401.498455
1731.685883 402.070685
1841.516216 402.862956
1186.635959 505.687158
1293.277231 506.039336
1400.945373 506.591894
1509.335942 507.277336
1618.294697 508.130644
1727.391593 509.085984
1836.388883 510.139254
1185.857305 608.646507
1291.664873 609.743973
1398.457482 610.907980
1506.011328 612.110895
1614.060745 613.382144
1722.418983 614.657842
1830.646865 616.061343
1184.874110 709.941951
1289.681327 711.636268
1395.629098 713.341807
1502.276135 715.174155
1609.419353 716.878695
1716.723226 718.482753
1824.154814 720.217330
