-1.90386357544927 -1.77724163156845 0.11075048640868 
-1.96924911756785 -1.97630733072525 0.43172832395734 
-1.99934220555815 -2.15732356941255 0.78098489375885 
2.03737553981770 2.12933546957010 0.64925750342463 
2.00533724327113 2.01166062845236 0.41329953140608 
1.93041400296115 1.81796513569882 0.08856282709266 
-1.97418196475017 -1.91116619806101 0.11573757509495 
-1.99540055122550 -2.03313483995840 -0.52477410248440 
2.08458153741082 2.07577552591469 -0.12251244242755 
2.03766696425744 2.12923137980101 0.64952835795241 
-1.99431161696717 -2.09910399699512 0.66237763006104 
-2.05811569625032 -2.03580597119547 -0.09643834052182 
2.01243969046049 2.07715307407937 -0.55336484209521 
1.95882634591331 1.88446863713979 0.19313434052662 
1.95464185345204 1.88653321045775 -0.21823731565669 
2.04625115961246 2.18327291054509 0.77168298787920 
2.02275338661221 2.07135043051246 0.53003638393904 
1.98290474834749 1.94921480027418 0.30112429974785 
1.92982655956717 1.81799802625564 0.08869615354443 
-2.00908036891598 -2.09349052155219 -0.63941060162972 
-2.15780107753424 -2.20595685549898 -0.44522945604869 
2.03685816229063 2.12883076808875 0.64985401441652 
2.16087130485117 2.18776422588453 0.32776083490778 
-2.01789994487092 -2.14951996896977 -0.76049919682432 
2.13314634004093 2.13257698068394 -0.01372528440277 
1.95465405339778 1.88653181563107 -0.21858861810521 
1.92845301096319 1.81901083096951 -0.11385031490357 
-1.90420914273019 -1.77790292779996 0.11041106004280 
-1.98347509404156 -2.03962688202445 0.54521008571874 
-1.99892824701444 -2.15778753470264 0.78027059696477 
-1.93384524349619 -1.84392644427454 -0.19297119474649 
-2.09050116762088 -2.09823561567883 0.23028347663135 
2.02299024175506 2.13613788372412 -0.67003260116937 
-2.05854425132760 -2.03641048329589 -0.09818670797027 
2.03212653583467 2.24703895357275 -0.91748808503794 
2.03011662961985 2.19406453357851 -0.79254325891539 
-2.08998039501900 -2.09814017515852 0.22909585071422 
-1.90775019360614 -1.77658985151146 -0.09038885080386 
-1.94370548837443 -1.84505791657793 0.00928668457692 
-2.05617938194092 -2.03687157884100 0.11770242523629
