-32.77877819823715 -13.96862797531117 83.15248982722068
-30.03005374810049 -23.80493916520817 88.56338894286476
-25.84609760614838 -31.33175765126120 96.24957551991547
-6.67491643197697 -17.32282990866496 64.06426509526821
-8.24860595533130 -23.86532871349482 68.27348376571157
-11.37390435503420 -31.21535952266726 76.30003583422675
-32.06418344926068 -20.84081929194819 79.39597755284814
-19.88518263271789 -13.53718928874008 64.62946577612135
-20.74335331005614 -32.36619351602376 77.51886382721473
-8.79331353176317 -20.61325882160863 62.46671253845128
-27.88100581035687 -26.31551555699759 91.32344591200359
-25.20321760131327 -14.43395097947620 72.24312393891687
-22.61996043836070 -30.30286256191900 88.45852274359660
-10.73035980956139 -26.11958035754453 71.16106146712801
-47.90295728982623 -32.78606501727722 83.52941422840314
-36.61314218915049 -13.69974957409356 62.98518643390712
-37.96660290739506 -20.35382857432222 66.24700317161881
-39.75995188300168 -26.46722915899586 71.04623640837434
-41.91754005661537 -30.89973153167973 76.56290562578913
-43.37858373345575 -14.78727086872278 64.04886587874073
-43.90875504151713 -21.65984898933061 66.75436796827475
-35.88072712505885 -21.66338826418798 63.82653944415223
-46.37053866357817 -30.54835916132317 63.48489244006603
-41.20149715334508 -20.30017404322398 57.16784971509158
-47.76395646320636 -19.18118101330155 69.21418835851767
-46.41138097250841 -25.51357068917525 76.25608180854144
-44.19739440933361 -25.46346126261074 74.19412272705998
-3.34852790614269 -13.54991008480260 85.24618082878000
0.67132655761373 -25.95352105501867 92.93353369857287
3.52092530686639 -30.33792075953684 98.36172124852411
1.23494793385193 -9.78454228768157 76.73355812147099
3.17190862264063 -23.03349779030568 83.74718435586736
6.41090037848020 -32.38775030935022 95.66527953596947
4.55919441746532 -16.73520425775464 76.41752750635955
5.32874714749649 -27.39168134494629 102.74286965183317
8.45226209751756 -24.57600009208578 96.61985432687365
5.92748064709858 -15.51829914031234 81.80986833403961
0.81178205723691 -21.50358232717129 77.40337354871956
1.26853481156782 -25.13562747797961 78.61029851304522
4.78994377706114 -31.71658155765855 78.63649872250305
