504.986929 401.767903
584.593442 397.685516
669.421387 393.532335
760.218142 389.045914
857.323142 384.288939
961.743872 379.095604
1074.139150 373.489993
527.150916 496.797907
605.788430 495.931910
689.415087 495.041669
778.760336 494.097005
874.245828 492.922609
976.754074 491.799413
1086.867053 490.613167
548.508811 588.126699
626.086918 590.002436
708.607766 592.084565
796.510224 594.256407
890.480311 596.666736
991.049587 599.090032
1098.952906 601.823236
568.954601 675.654034
645.583970 680.173123
726.918867 685.043907
813.527849 690.289977
905.958357 695.700322
1004.722354 701.518181
1110.435445 707.768645
588.659783 759.825008
664.339562 766.786922
744.619439 774.160603
829.904445 781.972074
920.782924 790.325290
1017.775268 799.198503
1121.416162 808.723962
607.555919 840.867490
682.280337 850.034571
761.471329 859.731702
845.457242 869.974145
934.911346 880.933011
1030.212679 892.625899
1131.881495 905.105068
625.777789 918.804822
699.558744 929.933106
777.601491 941.745976
860.479069 954.330222
948.466606 967.672072
1042.085951 981.852088
1141.899213 997.058005
555.480856 256.794423
633.008525 248.591526
715.414506 240.015084
803.275078 230.870815
897.037140 221.069171
997.578149 210.598271
1105.320377 199.338289
555.702456 351.925454
633.182400 346.775976
715.501888 341.270401
803.273352 335.494108
896.998445 329.189951
997.390490 322.529564
1105.017221 315.412144
555.942192 447.138769
633.346712 444.830248
715.619292 442.481200
803.303995 439.914918
896.981403 437.220235
997.211158 434.245758
1104.730908 431.188195
556.164782 542.039790
633.511033 542.629891
715.694855 543.416785
803.331838 544.228587
896.915494 544.977992
997.030136 545.867875
1104.385705 546.743722
556.446657 636.839312
633.714923 640.349257
715.848402 644.190672
803.428691 648.209945
896.838620 652.575110
996.883070 657.132125
1104.066877 662.138079
556.658731 731.482533
633.797530 737.908762
716.008253 744.806253
803.362196 752.145273
896.757140 760.004868
996.715043 768.305995
1103.725019 777.280995
556.908019 825.965505
634.042060 835.236296
716.086970 845.176964
803.486926 855.814545
896.701424 867.119592
996.563742 879.195251
1103.442386 892.218850
631.917198 159.796748
706.405452 149.518595
785.226962 138.739602
868.924624 127.349427
957.849158 115.132038
1052.747871 102.149208
1153.796261 88.378579
614.068020 239.323517
689.369916 231.297943
769.133251 222.761753
853.902446 213.726877
944.253629 204.029596
1040.566688 193.814892
1143.379749 182.884661
595.521094 321.899459
671.720421 316.086609
752.491182 310.020688
838.434448 303.536495
930.044610 296.667070
1027.850745 289.247611
1132.534052 281.470471
576.368317 407.373395
653.388624 404.032696
735.183497 400.656796
822.253424 397.002523
915.226638 393.054763
1014.662609 388.922338
1121.154741 384.386071
556.552530 496.155489
634.399202 495.507106
717.113653 495.001995
805.524836 494.268203
899.778380 493.597987
1000.873089 492.799080
1109.170540 492.109390
535.886785 588.292614
614.485360 590.541052
698.458298 593.093345
787.900985 595.669287
883.672048 598.597359
986.374196 601.555847
1096.666156 604.790927
514.428941 683.955950
594.044087 689.339429
679.002361 695.134247
769.740538 701.428488
866.823975 708.086228
971.324551 715.188590
1083.572021 722.874564
916.487155 307.064687
1026.904329 314.609337
1130.154594 321.653111
1227.031794 328.381031
1318.050430 334.724105
1403.815551 340.529566
1484.628725 346.182242
906.941616 427.133043
1015.832264 430.622484
1117.759336 434.005060
1213.467739 437.120995
1303.441265 440.102585
1388.310197 442.874516
1468.336396 445.499403
897.847474 543.068010
1005.074266 542.867133
1105.709654 542.621726
1200.244250 542.493166
1289.274686 542.368574
1373.278962 542.066003
1452.581654 542.006443
888.915668 655.106381
994.759415 651.317472
1093.985722 647.798920
1187.451141 644.546916
1275.491227 641.473601
1358.611839 638.478969
1437.239219 635.780357
880.367943 763.288143
984.706972 756.258393
1082.689679 749.676303
1174.941713 743.558389
1262.163471 737.647260
1344.395071 732.172654
1422.293146 726.876637
872.116967 868.049255
975.012146 857.985870
1071.691296 848.526463
1162.978909 839.601500
1249.166095 831.068170
1330.671090 823.095242
1407.873483 815.564946
864.086801 969.355818
965.438082 956.424016
1061.086355 944.188462
1151.283383 932.791992
1236.577390 921.835109
1317.226636 911.491789
1393.739140 901.808379
896.447369 193.652553
1002.919332 204.647782
1102.781638 214.886009
1196.701085 224.679591
1285.182585 233.903716
1368.726850 242.483284
1447.625388 250.656980
895.907901 309.642677
1002.338196 316.930241
1102.169704 323.809089
1196.039479 330.287876
1284.464664 336.417075
1367.923372 342.164232
1446.762952 347.610031
895.444831 425.463234
1001.707058 429.100670
1101.494042 432.493295
1195.319818 435.796357
1283.711754 438.875138
1367.116586 441.633906
1445.967438 444.431081
894.905112 541.132888
1001.175598 541.073158
1100.837528 541.071013
1194.620207 541.096919
1282.954631 541.149602
1366.302294 541.107065
1445.156579 541.188079
894.382390 656.570910
1000.525105 652.860215
1100.109837 649.477052
1193.798527 646.323745
1282.200379 643.253902
1365.498990 640.465117
1444.235091 637.717918
893.923863 771.887432
999.962660 764.611262
1099.440529 757.860858
1193.133965 751.472355
1281.378725 745.327820
1364.763174 739.601311
1443.497360 734.263897
893.394878 886.992135
999.256687 876.140235
1098.824196 865.863783
1192.424831 856.375068
1280.667389 847.222785
1363.916398 838.660994
1442.656376 830.686348
857.590587 86.696044
956.733907 99.947212
1050.184766 112.319066
1138.583399 124.212558
1222.183479 135.435147
1301.536216 146.021587
1376.816514 156.125865
868.084525 180.489144
969.018238 191.196002
1064.183758 201.299331
1153.942218 210.845675
1238.798357 219.937632
1319.085393 228.512856
1395.221125 236.563484
879.058394 278.526968
981.849917 286.491611
1078.653101 293.988314
1169.897666 301.146541
1255.963943 307.909272
1337.336154 314.141975
1414.500138 320.214330
890.561059 381.137274
995.369014 386.041655
1093.814314 390.707444
1186.434757 395.096373
1273.763728 399.330448
1356.293981 403.268395
1434.412228 407.026361
902.602672 488.537589
1009.342697 490.118159
1109.449581 491.744512
1203.602423 493.303868
1292.380318 494.615622
1376.029777 495.999553
1455.079662 497.236576
915.324240 601.147267
1024.023157 599.175853
1126.013252 597.430803
1221.678873 595.751570
1311.735917 594.116470
1396.639357 592.575131
1476.721165 591.192759
928.520506 719.312299
1039.313564 713.443539
1143.272300 707.832277
1240.575796 702.778962
1331.989891 697.848458
1417.986576 693.251990
1499.086871 688.995738
493.971650 279.051128
584.136744 272.773514
679.009966 266.346262
779.178942 259.521793
884.825372 252.261250
996.758370 244.589412
1115.302588 236.438436
508.000727 382.975485
597.134484 379.596615
690.803600 376.028019
789.546769 372.294806
893.685718 368.197020
1003.891547 363.947909
1120.438881 359.468488
521.737394 483.956201
609.720914 483.085227
702.220141 482.222159
799.589773 481.246350
902.315746 480.251898
1010.755750 479.101770
1125.406420 478.010904
534.964052 581.734524
621.899687 583.304025
713.213097 585.014670
809.316445 586.775503
910.579188 588.536433
1017.381363 590.437880
1130.150918 592.422666
547.841485 676.579311
633.762965 680.469545
723.972238 684.532331
818.734891 688.735115
918.582027 693.260104
1023.781020 697.917412
1134.730802 702.858480
560.299948 768.690556
645.208174 774.686970
734.342264 781.060421
827.846197 787.661403
926.305510 794.628843
1029.951521 801.866970
1139.148946 809.593836
572.472368 858.115690
656.373237 866.053368
744.353844 874.500014
836.765789 883.403671
933.802797 892.668489
1035.926450 902.387428
1143.480867 912.695774
662.183011 375.507928
785.265323 376.668066
906.563238 377.876335
1026.356770 379.122562
1144.355687 380.360936
1260.676347 381.435049
1375.333529 382.590066
668.141578 487.244845
786.957598 487.669270
904.017335 488.124223
1019.614438 488.510688
1133.506454 488.848376
1245.959861 489.196666
1356.757119 489.653281
673.885069 591.471167
788.496621 591.163774
901.638893 590.810614
1013.274396 590.470928
1123.503340 590.232252
1232.245057 589.783032
1339.469542 589.514241
679.132089 688.679144
789.977937 687.756784
899.348854 686.777286
1007.414303 685.915821
1114.090438 684.974300
1219.358943 683.976649
1323.262246 683.106000
684.132542 779.543239
791.402445 778.117002
897.308656 776.607808
1001.875097 775.164397
1105.292187 773.713193
1207.286943 772.345243
1308.048599 770.890274
688.784109 864.904317
792.772285 862.950681
895.331043 861.004108
996.799314 859.079178
1096.960892 857.126399
1196.019213 855.269660
1293.829234 853.446284
693.180009 945.105933
793.878248 942.659357
893.510431 940.239320
991.933154 937.991532
1089.156021 935.645732
1185.359662 933.318858
1280.394869 931.190381
686.149742 68.500301
794.558445 71.826438
901.573771 75.034225
1007.337190 78.333357
1111.782691 81.532507
1215.018961 84.721095
1316.968974 87.932600
683.418369 167.233204
793.489596 169.996694
902.150482 172.665563
1009.586809 175.380523
1115.633283 178.029238
1220.367532 180.702943
1323.726593 183.334317
680.569609 269.189524
792.365763 271.295347
902.745059 273.398886
1011.876708 275.491852
1119.562879 277.562801
1225.809342 279.573910
1330.748876 281.681307
677.614531 374.374882
791.271451 375.785902
903.417620 377.263526
1014.190198 378.691568
1123.535964 380.137410
1231.414047 381.599908
1337.934617 383.021572
674.616622 483.059068
790.112386 483.745034
903.992059 484.572859
1016.567212 485.300852
1127.667126 486.024756
1237.214706 486.808623
1345.275909 487.567262
671.537017 595.324226
788.805964 595.340872
904.745792 595.404637
1019.056452 595.406644
1131.887996 595.440303
1243.247555 595.465568
1353.025715 595.526896
668.297313 711.432568
787.549422 710.599510
905.432054 709.818010
1021.685773 709.112935
1136.304965 708.375213
1249.335000 707.641885
1360.879107 706.959929
871.401734 233.394548
985.905622 243.610789
1092.861219 253.115623
1193.034118 262.129882
1287.076202 270.630884
1375.479830 278.459152
1458.739903 285.949112
862.444590 357.659299
975.284778 363.542160
1080.798010 369.138252
1179.737974 374.289101
1272.628096 379.236573
1360.097185 383.789033
1442.512702 388.152868
853.914366 477.559267
965.002213 479.442006
1069.080940 481.163114
1166.760961 482.898350
1258.633673 484.523302
1345.185111 485.894990
1426.843174 487.341235
845.554998 593.280613
955.141925 591.367299
1057.768776 589.602175
1154.260283 588.020845
1245.057618 586.537448
1330.668815 585.026864
1411.566773 583.722550
837.548886 704.981515
945.501146 699.610278
1046.819082 694.547880
1142.022059 689.916000
1231.913761 685.448893
1316.575868 681.303730
1396.718030 677.296376
829.886997 813.037155
936.288072 804.457277
1036.154262 796.360402
1130.334771 788.766890
1219.122435 781.498571
1303.043425 774.732484
1382.392965 768.337384
822.442128 917.473939
927.219819 905.803731
1025.935655 894.795855
1118.913563 884.569801
1206.765502 874.711751
1289.729978 865.466033
1368.379122 856.816203
588.112262 221.200597
665.153798 212.154318
746.875617 202.633541
833.938632 192.531639
926.778262 181.651040
1026.159604 170.118342
1132.440139 157.742062
575.101806 309.809134
652.678771 303.459305
735.088817 296.643120
822.909372 289.477122
916.705158 281.700980
1017.095555 273.507406
1124.631558 264.739802
561.740978 400.791926
639.906922 397.086068
723.024080 393.237993
811.632881 389.079833
906.360410 384.698068
1007.770401 379.876329
1116.643914 374.919602
548.048898 493.974085
626.798461 493.131426
710.599808 492.360575
800.010357 491.517965
895.674353 490.526988
998.207699 489.561460
1108.343759 488.424669
534.072096 589.552840
613.379653 591.706152
697.819533 594.166775
788.151004 596.680865
884.659089 599.479112
988.362279 602.327098
1099.747159 605.546330
519.640685 687.576019
599.441999 692.917330
684.796458 698.784873
775.750723 704.937060
873.301632 711.677691
978.140562 718.721930
1090.853483 726.366018
504.896485 788.109801
585.372608 796.833123
671.306493 806.209888
763.263597 816.279156
861.659146 827.054473
967.743198 838.579704
1081.753268 851.084188
588.068551 378.111974
698.201123 376.703342
810.596442 375.361463
925.683508 373.919206
1043.289008 372.478958
1163.522565 370.995683
1286.328600 369.435730
597.093405 488.681647
705.413992 488.506012
815.947872 488.407847
928.948009 488.230600
1044.370666 487.925090
1162.402216 487.731710
1282.872120 487.542216
605.939246 595.535868
712.438527 596.419200
821.076496 597.337130
932.092853 598.296947
1045.523806 599.211253
1161.369185 600.151460
1279.626857 601.203276
614.436214 698.609243
719.239921 700.507103
825.996672 702.520409
935.142566 704.565389
1046.572898 706.536849
1160.311327 708.596013
1276.425710 710.724427
622.707009 798.255334
725.795635 801.110382
830.861961 804.078478
938.098692 807.047674
1047.586908 810.112710
1159.320381 813.257631
1273.294936 816.415865
630.658318 894.721219
732.093262 898.468109
835.453308 902.302806
940.914504 906.216366
1048.542512 910.228128
1158.398570 914.333555
1270.366244 918.507382
638.384806 988.001010
738.183824 992.541272
839.943341 997.150940
943.726621 1002.008709
1049.469251 1006.887710
1157.409900 1011.848579
1267.494804 1016.995372
674.971036 142.537741
769.589000 139.362498
865.830578 136.094005
964.002771 132.902300
1064.009905 129.551232
1166.067196 126.140775
1269.916192 122.737933
661.709817 221.835171
758.832772 219.329603
857.783865 216.728913
958.750130 214.168611
1061.771880 211.519519
1166.708093 208.857291
1273.631743 206.182909
647.577005 305.809865
747.458639 304.002338
849.242871 302.218885
953.211386 300.387529
1059.256820 298.560878
1167.348243 296.604858
1277.645671 294.819853
632.635975 394.813663
735.462302 393.819359
840.282870 392.928828
947.276633 391.911471
1056.545795 390.949653
1168.047149 390.025745
1281.829693 389.059631
616.833395 489.417557
722.660470 489.345230
830.552821 489.476061
941.017452 489.428206
1053.653863 489.422092
1168.778281 489.480924
1286.242349 489.591440
600.004739 590.041603
708.908458 591.087987
820.450988 592.276851
934.242163 593.386560
1050.572171 594.582608
1169.593713 595.757835
1291.114440 597.009126
581.995273 697.299487
694.477240 699.563622
809.466496 701.953911
927.104006 704.407747
1047.277979 706.850810
1170.410402 709.385219
1296.190177 711.992973
859.558406 157.193388
964.726514 169.076238
1063.513275 180.168371
1156.570200 190.752462
1244.341729 200.718324
1327.371477 210.084162
1405.918870 219.029249
866.889645 263.891672
973.368930 272.555103
1073.417699 280.740016
1167.469292 288.423406
1256.123992 295.731714
1339.828028 302.652053
1418.985179 309.138516
874.475043 373.901491
982.287416 379.228531
1083.498642 384.213910
1178.634457 388.984848
1268.180993 393.476084
1352.640673 397.591356
1432.526053 401.654927
882.266931 487.496747
991.592839 489.171465
1093.934047 490.803415
1190.087349 492.349537
1280.540787 493.873481
1365.803552 495.201903
1446.337428 496.587082
890.343893 604.672032
1001.006832 602.495604
1104.560253 600.643050
1201.779538 598.884964
1293.258301 597.111109
1379.332698 595.590562
1460.460190 594.035297
898.747127 725.680781
1010.816207 719.559378
1115.672668 713.903614
1213.965470 708.582672
1306.321950 703.437099
1393.291312 698.692767
1475.184608 694.243738
907.306575 850.763312
1020.796191 840.365213
1127.093284 830.506503
1226.506479 821.521319
1319.822612 812.857281
1407.506964 804.770227
1490.143144 797.246698
252.937801 86.657383
359.772878 92.921919
463.667464 98.893208
564.940825 104.891935
663.712528 110.635323
760.080334 116.242101
853.928258 121.769940
239.892553 167.349597
349.930389 172.641583
456.969152 177.807009
561.222365 182.902360
662.800133 187.795781
761.695327 192.625683
858.009218 197.258016
226.056008 252.933109
339.462302 257.212229
449.788235 261.410073
557.270035 265.468091
661.711692 269.425300
763.355777 273.203761
862.385379 277.008403
211.240870 343.884579
328.458277 346.941693
442.287676 349.986036
552.934278 352.843652
660.503153 355.751961
765.137872 358.543641
866.979015 361.298500
195.557148 440.722591
316.661850 442.394216
434.096792 444.189282
548.342541 445.827584
659.251431 447.411675
767.022019 449.018765
871.772358 450.561285
178.852195 543.962767
303.992995 544.148411
425.644581 544.476612
543.485826 544.685562
657.952460 544.893552
769.097080 545.082333
876.991555 545.296133
160.942888 654.242098
290.618220 652.790827
416.549235 651.281113
538.402901 649.910363
656.559117 648.512274
771.166605 647.220547
882.370417 645.934984
295.743338 375.492243
427.641483 380.819097
550.937066 385.696214
666.524565 390.412588
775.112581 394.872467
877.334966 398.907028
973.779778 402.788928
297.739598 492.263428
426.378904 493.621682
546.748917 494.984783
659.765263 496.185504
766.086845 497.367212
866.365693 498.379194
961.004046 499.422469
299.861942 603.199058
425.143054 601.064510
542.737369 598.980385
653.346713 597.101927
757.521544 595.333204
855.862684 593.550143
948.815990 591.954229
301.685914 708.788128
424.092569 703.377369
538.900000 698.270843
647.154540 693.558380
749.273468 689.092931
845.736219 684.772501
937.090549 680.799661
303.558793 809.203424
422.949243 800.986763
535.328572 793.120762
641.198128 785.819524
741.435953 778.822256
836.038853 772.331925
925.782287 766.036095
305.293431 905.182414
422.005145 894.295025
531.818374 883.956416
635.659780 874.237410
733.831131 864.939704
826.828565 856.225557
915.044092 847.985405
306.994605 996.710718
420.881802 983.424204
528.538220 970.740898
630.215404 958.869619
726.568950 947.551931
817.843857 936.839495
904.619709 926.762857
298.336087 254.892113
426.165564 264.117246
545.873542 272.650780
658.322842 280.799776
764.289116 288.524537
864.104879 295.644007
958.436365 302.452444
298.813804 373.802791
425.602880 379.091323
544.415375 384.088871
656.007666 388.769011
761.084217 393.219603
860.221746 397.359706
953.906020 401.299676
299.488136 490.577195
424.978660 492.185690
542.848542 493.585523
653.646980 494.988952
757.961825 496.311829
856.399994 497.462297
949.477044 498.654148
300.052208 605.282727
424.550831 603.185070
541.289283 601.210757
651.255367 599.409813
754.837595 597.739495
852.573177 596.032962
945.079718 594.595643
300.717662 717.847819
424.033904 712.317862
539.815219 707.054626
648.821799 702.185771
751.755443 697.541959
848.789402 693.249971
940.668120 689.062855
301.298356 828.609890
423.548161 819.697743
538.368474 811.293155
646.601295 803.408281
748.721634 795.855457
845.194038 788.863321
936.484320 782.193123
301.964433 937.334844
422.969741 925.199700
536.998991 913.661931
644.351786 902.930233
745.754803 892.687694
841.493930 883.035055
932.271329 873.960714
305.822366 154.882387
427.312737 166.887943
541.438516 178.024563
649.025643 188.707989
750.528624 198.762012
846.496499 208.188666
937.367939 217.160847
305.082445 264.702079
427.495634 273.356029
542.458899 281.482147
650.691121 289.143382
752.800169 296.412237
849.281745 303.236860
940.600884 309.706079
304.406213 376.133442
427.600938 381.395657
543.361108 386.305056
652.352280 391.022915
755.057554 395.404949
852.080824 399.476745
943.922290 403.406515
303.601699 489.350662
427.823280 491.007711
544.327668 492.610257
653.982605 494.162229
757.327759 495.669571
854.895425 496.977677
947.243898 498.315704
302.886554 604.125196
427.947957 602.202786
545.230957 600.449868
655.585295 598.831187
759.627768 597.221575
857.739710 595.814652
950.542257 594.369974
302.184923 720.753270
428.109284 715.146064
546.246718 709.867797
657.385848 704.946318
761.973571 700.229958
860.701237 695.857650
954.012268 691.686240
301.470594 839.096197
428.260178 829.707327
547.326396 820.697631
659.090486 812.457420
764.426484 804.553585
863.581895 797.168316
957.407697 790.211317
312.301982 93.911846
426.916113 106.987878
534.934515 119.162465
637.153298 130.897496
733.863981 141.952528
825.586060 152.366805
912.641696 162.290857
310.842050 187.502629
427.890293 198.018873
538.208658 207.942085
642.325445 217.328495
740.776243 226.231274
833.996813 234.647334
922.407640 242.620258
309.258106 285.252598
428.845383 293.089549
541.444146 300.420177
647.716354 307.387676
747.929043 313.973385
842.748644 320.095542
932.650528 326.024666
307.516606 387.611648
429.958521 392.387787
544.926037 396.877496
653.209599 401.124347
755.327667 405.236584
851.837572 409.041644
943.270813 412.673691
305.775423 494.751561
430.983453 496.236675
548.389059 497.706040
658.907066 499.090806
763.047920 500.346182
861.284176 501.605718
954.167953 502.725780
304.047777 607.073891
432.067663 604.988023
552.230891 603.109270
665.000130 601.317951
771.112675 599.549348
871.234051 597.970942
965.696549 596.442530
302.108713 724.931681
433.208747 718.936934
556.180449 713.184273
671.340421 708.018670
779.546736 703.049265
881.391676 698.389564
977.536670 693.998330
175.898717 350.313572
306.764129 353.360482
433.360967 356.333290
556.144429 359.239208
675.093563 362.084734
790.366393 364.741806
902.232460 367.344342
193.658835 462.988392
319.878919 464.233404
442.059476 465.502187
560.531973 466.609228
675.446582 467.690981
787.056205 468.729156
895.356248 469.790591
210.508594 568.180691
332.071556 567.780829
450.077584 567.367984
564.633782 566.945625
675.870540 566.599840
783.949416 566.143389
888.946091 565.807808
226.050965 666.474280
343.588520 664.606766
457.543859 662.788896
568.440149 661.088587
676.241509 659.388444
780.970566 657.680286
882.879013 656.135278
240.736289 758.396473
354.328687 755.402162
464.724324 752.336360
572.000488 749.445132
676.616849 746.565970
778.173507 743.907789
877.153780 741.198241
254.481026 844.872882
364.454714 840.758953
471.329150 836.669685
575.491486 832.729399
676.895603 828.821705
775.658924 825.072415
871.864615 821.459702
267.470021 926.130715
373.926718 921.018703
477.668347 915.991816
578.710492 911.175416
677.219322 906.388892
773.154464 901.728068
866.787637 897.293421
186.893964 226.892729
314.669585 231.922435
438.332851 236.802640
558.478243 241.654055
674.934793 246.272536
787.957459 250.669074
897.600557 255.035122
195.759763 345.862063
321.215443 349.031131
442.701314 352.145014
560.609979 355.098030
674.987952 357.966009
786.082738 360.688850
893.948090 363.376586
204.517234 460.690739
327.472329 462.087230
446.773571 463.390158
562.654991 464.658678
675.088025 465.880717
784.314513 466.989775
890.421830 468.107525
212.870661 571.443880
333.668405 571.139769
450.758414 570.819134
564.600080 570.504129
675.137394 570.201643
782.549062 569.811766
886.994232 569.512133
221.081347 678.276007
339.616836 676.434379
454.689059 674.595455
566.449604 672.797791
675.271861 671.019424
780.852599 669.339712
883.646693 667.661726
228.960428 781.574933
345.366723 778.250530
458.397579 775.001006
568.375763 771.817389
675.326853 768.660445
779.371184 765.640699
880.528608 762.746157
236.645198 881.325987
350.924748 876.643124
462.123396 871.977011
570.209687 867.580835
675.424581 863.201812
777.747584 858.923170
877.426701 854.850703
318.287747 218.309532
448.874771 228.938373
570.985496 238.726155
685.473276 248.065389
793.113113 256.871206
894.403577 264.985601
989.996419 272.730438
319.201622 340.315606
447.628334 346.729528
567.792735 352.802556
680.539156 358.425967
786.579240 363.760754
886.594166 368.702402
980.946580 373.443852
320.282931 458.164753
446.352432 460.729392
564.581999 463.047309
675.691980 465.315883
780.290099 467.444491
878.995922 469.312828
972.191436 471.206066
321.188005 572.030559
445.224175 570.894593
561.485708 569.819160
671.008792 568.886606
774.166592 567.988579
871.535618 567.019749
963.650770 566.279974
322.119920 681.938246
444.028102 677.459917
558.555740 673.196562
666.368604 669.292053
768.216466 665.502987
864.286697 662.007008
955.274510 658.610210
323.044001 788.401338
442.964790 780.758473
555.675335 773.501390
662.044959 766.737363
762.453631 760.244841
857.378145 754.215726
947.277089 748.457469
323.903973 891.356264
441.798120 880.731163
552.980261 870.604681
657.770333 861.255600
756.868333 852.251454
850.509771 843.792526
939.422765 835.837901
91.349153 24.402301
229.331556 33.941744
360.715838 41.729784
489.270516 50.384560
613.250149 58.217094
733.500410 65.873692
849.758606 73.145676
97.770776 153.332680
233.136600 159.794751
364.052252 166.165668
490.820109 172.266769
613.668424 178.162519
732.719675 183.885155
848.037615 189.495056
103.770233 279.265402
237.510495 283.656553
367.059016 287.928465
492.651054 292.077811
614.295497 296.084480
732.173783 299.883125
846.443688 303.671875
109.324517 402.704704
241.902803 405.037070
370.064174 407.321678
494.343222 409.540834
614.816030 411.705817
731.545681 413.735958
844.840922 415.816503
114.991450 523.602429
246.083696 524.043568
373.038399 524.454648
496.001558 524.847595
615.353024 525.165122
730.975124 525.588840
843.186943 525.910404
120.580850 642.256700
250.254893 640.781636
375.917415 639.401219
497.711515 638.032801
615.880779 636.595549
730.498311 635.292244
841.680009 634.058295
126.102760 758.495116
254.346634 755.193220
378.792932 751.963284
499.379191 748.973004
616.415845 745.903325
729.935439 742.985216
840.117437 740.280914
136.047534 207.978055
284.085419 216.883490
424.148649 225.306902
557.178418 233.353032
683.397205 241.051586
803.330682 248.196429
917.560839 255.059617
150.975308 337.118427
293.376825 342.363844
428.324853 347.432585
556.515331 352.060506
678.438455 356.516987
794.589061 360.712036
905.280500 364.762399
165.138561 457.088185
301.983308 459.110314
432.094425 460.957646
555.901117 462.750249
673.872777 464.469699
786.416577 466.020617
893.811835 467.524037
178.151883 568.686482
310.119028 567.841055
435.542130 567.022112
555.328080 566.294460
669.585444 565.574335
778.674386 564.765391
883.034962 564.175449
190.340646 672.578377
317.618289 669.412405
438.970499 666.211677
554.690442 663.266035
665.582660 660.376511
771.375378 657.705940
872.830219 655.073015
201.811216 769.902569
324.729507 764.535930
442.002502 759.348143
554.273670 754.420290
661.709590 749.611688
764.664741 745.131819
863.317450 740.854478
212.570393 861.009234
331.274861 853.729646
444.974671 846.737156
553.781242 840.156724
658.152628 833.730933
758.165292 827.575320
854.250514 821.794062
116.789125 278.317877
241.232330 280.543589
363.708263 282.698615
484.663287 284.976184
603.958049 287.106352
721.669733 289.212978
837.681926 291.336430
110.346707 394.952856
235.883841 396.351505
359.467644 397.789693
481.400146 399.250452
601.736469 400.600671
720.342161 401.968503
837.225300 403.334096
103.924682 513.585830
230.409552 514.165708
355.096268 514.796661
478.170844 515.413391
599.408991 515.963989
718.925878 516.458654
836.787831 517.094236
97.275357 634.226639
225.072304 633.904204
350.794628 633.641659
474.781358 633.415850
597.010353 633.128802
717.511752 632.857460
836.356817 632.690199
90.582862 756.816385
219.429144 755.606741
346.243556 754.541286
471.311293 753.395254
594.572027 752.220112
716.087287 751.168969
835.788161 750.156541
83.972910 881.602501
213.744848 879.426115
341.712711 877.443385
467.810499 875.436045
592.141539 873.382917
714.682536 871.417804
835.397319 869.512007
76.942868 1008.406910
207.993676 1005.241488
337.171077 1002.232982
464.350066 999.492435
589.619917 996.533858
713.178320 993.642651
834.909262 990.845163
212.796855 175.044647
330.375654 180.602279
444.522758 185.894743
555.512713 191.233438
663.446325 196.324799
768.463094 201.267591
870.570149 206.126171
197.093539 266.697914
318.627441 271.006363
436.576317 275.204728
551.076374 279.368064
662.397120 283.376609
770.485713 287.268467
875.533201 291.067316
180.286418 364.418933
306.066249 367.402547
427.966295 370.346444
546.381478 373.192383
661.178188 375.933018
772.609334 378.533766
880.849218 381.214900
162.329667 468.959898
292.762841 470.320203
418.957420 471.787328
541.262100 473.026418
659.805760 474.420118
774.826527 475.724934
886.484627 476.995716
143.143600 580.985251
278.374704 580.481523
409.084226 580.261726
535.793707 579.887527
658.395250 579.527136
777.198910 579.253334
892.365104 578.995643
122.611213 701.232236
262.870421 698.716879
398.805842 696.469784
529.957771 694.179669
656.972870 691.935056
779.843087 689.861667
898.775521 687.842055
100.390293 830.661475
246.366941 825.904899
387.661647 821.164063
523.813300 816.743952
655.368913 812.360199
782.555935 808.203798
905.555497 804.149499
242.151429 168.939636
363.621413 177.586497
479.559363 185.692463
590.492561 193.652989
696.689295 201.178565
798.532566 208.379169
896.192324 215.280449
232.558315 262.447768
357.938850 269.084147
477.624869 275.449975
591.901628 281.539153
701.213603 287.412150
805.775750 292.957480
905.940100 298.260833
222.212683 362.054509
351.890104 366.559049
475.417518 370.823725
593.412150 374.917683
705.894878 378.821421
813.418318 382.474343
916.359159 386.101918
211.121386 468.626725
345.566302 470.535932
473.274087 472.391283
594.872351 474.118799
710.819248 475.908566
821.508109 477.510149
927.360375 479.118607
199.339227 582.705901
338.574716 581.663813
470.678716 580.861838
596.448739 580.025219
716.120769 579.181208
830.116713 578.487534
938.905948 577.801252
186.754309 705.099159
331.102693 700.784194
468.241038 696.855102
598.186009 693.031559
721.795611 689.374607
839.327072 686.005871
951.382792 682.733304
173.054309 836.799801
323.184942 828.769055
465.511580 821.062486
600.066482 813.889934
727.793065 807.003154
849.059466 800.569848
964.481568 794.441671
996.968822 411.990960
1089.968379 408.340087
1188.869708 404.692939
1294.587810 400.639700
1407.432769 396.434383
1528.364894 391.807957
1658.232534 386.837348
1008.657862 504.478634
1100.120069 503.877450
1197.205775 503.271453
1300.802141 502.565696
1411.234576 501.764285
1529.461447 500.984832
1656.189518 500.197733
1019.921445 593.534876
1109.822026 595.506556
1205.252364 597.669557
1306.720347 599.962696
1414.995887 602.480978
1530.544404 605.044682
1654.343851 607.957106
1030.735851 678.905917
1119.150611 683.369601
1212.884208 688.219141
1312.518536 693.335933
1418.566147 698.676230
1531.592772 704.527942
1652.443977 710.709276
1041.210404 761.107560
1128.194000 767.907594
1220.310144 775.121135
1318.058104 782.688920
1421.969586 790.849959
1532.631018 799.535627
1650.693399 808.848018
1051.201345 840.296338
1136.771693 849.216695
1227.324962 858.614355
1323.265395 868.561341
1425.161840 879.201909
1533.510624 890.517296
1648.948466 902.616139
1060.881953 916.563392
1145.073761 927.329739
1234.050942 938.788625
1328.322173 950.987175
1428.173187 963.903370
1534.319106 977.580771
1647.337998 992.281401
1039.279036 235.732351
1127.746877 227.347395
1221.480895 218.573480
1321.194650 209.262600
1427.166089 199.358123
1540.268940 188.845879
1661.108234 177.531597
1035.517026 325.157765
1124.364756 319.482559
1218.530613 313.404804
1318.710736 307.031786
1425.317040 300.144341
1539.073951 292.938539
1660.640090 285.251945
1031.702036 415.788751
1120.932176 412.656615
1215.589118 409.436239
1316.235787 405.984305
1423.479520 402.386045
1537.829221 398.424551
1660.265219 394.400306
1027.830448 507.272629
1117.468576 506.863912
1212.579134 506.583070
1313.733544 506.256514
1421.541580 505.811847
1536.613440 505.461746
1659.813522 505.007373
1023.997265 599.848568
1114.026014 602.235764
1209.527641 604.911123
1311.253773 607.619093
1419.592017 610.599615
1535.397925 613.726707
1659.366738 617.206126
1020.042259 693.491514
1110.382823 698.785017
1206.465704 704.439561
1308.581394 710.333382
1417.616699 716.785280
1534.139047 723.636962
1658.892852 731.026505
1016.074703 788.177789
1106.826479 796.282407
1203.346716 805.007187
1306.097686 814.338794
1415.656582 824.244956
1532.905547 834.900697
1658.447619 846.403346
1069.150603 182.697728
1154.253397 173.345385
1244.185603 163.562761
1339.561882 153.245110
1440.592966 142.299704
1548.099942 130.660624
1662.524718 118.231816
1059.252176 260.863681
1145.536848 253.701497
1236.867733 246.032299
1333.758015 238.011658
1436.675762 229.383717
1546.136076 220.359904
1662.789620 210.735776
1048.951771 341.918812
1136.518939 336.888255
1229.298193 331.651025
1327.805853 326.036249
1432.565271 320.125935
1544.078995 313.734647
1663.248053 307.126815
1038.313060 425.795461
1127.194062 423.099480
1221.460176 420.433017
1321.592112 417.508439
1428.230877 414.374943
1541.973526 411.183568
1663.603098 407.612682
1027.331681 512.800262
1117.542441 512.694382
1213.195927 512.737707
1315.198875 512.626125
1423.757582 512.629370
1539.857033 512.590953
1664.024350 512.689456
1015.894224 602.977433
1107.330592 605.687238
1204.763797 608.672072
1308.356769 611.691848
1419.069797 615.093848
1537.493685 618.612854
1664.384031 622.474171
1004.032390 696.555059
1096.968230 702.228957
1195.893036 708.328957
1301.460902 714.857829
1414.173991 721.794943
1535.113763 729.265823
1664.842875 737.321482
1085.561965 462.998356
1193.425232 461.826177
1305.229064 460.778520
1421.388955 459.602186
1541.737712 458.509562
1666.831500 457.255571
1796.913209 455.966662
1090.917416 557.901142
1195.628044 558.559699
1303.963850 559.247750
1416.342312 559.912150
1532.646440 560.568095
1653.469180 561.326654
1778.763956 562.155328
1096.074441 647.393601
1197.665177 649.477489
1302.793835 651.645009
1411.551585 653.858335
1524.195936 656.292767
1640.954723 658.651722
1761.995701 661.253982
1100.852834 731.664083
1199.638416 735.066352
1301.618332 738.645977
1407.153641 742.344891
1516.267643 746.106935
1629.127722 750.060431
1746.181595 754.092659
1105.470443 811.238900
1201.510563 815.852742
1300.625307 820.600833
1402.986266 825.487539
1508.826411 830.628312
1618.174863 835.916999
1731.326838 841.350218
1109.742190 886.608875
1203.222763 892.278489
1299.564490 898.068357
1399.017667 904.063714
1501.666193 910.314027
1607.779995 916.791599
1717.321828 923.474093
1113.875492 957.960671
1204.822574 964.488652
1298.565759 971.234213
1395.287790 978.329278
1494.991915 985.565017
1597.965914 992.979612
1704.324654 1000.763967
1100.795819 257.195220
1202.794799 252.794670
1308.249529 248.392262
1417.489108 243.818633
1530.517466 239.143761
1647.738529 234.241804
1769.290718 229.152973
1100.394900 356.512236
1202.294426 353.948143
1307.698389 351.226425
1416.871697 348.454338
1529.738401 345.573233
1646.780469 342.659101
1768.168711 339.656654
1100.018062 455.862990
1201.815588 454.874207
1307.180083 453.900046
1416.187574 452.920272
1528.963441 451.989914
1645.886857 450.863480
1767.171995 449.888740
1099.653523 554.941393
1201.371612 555.625571
1306.589541 556.451747
1415.472037 557.277640
1528.173854 558.098301
1644.964666 559.012004
1766.103106 559.911424
1099.383127 653.830511
1200.965454 656.203931
1306.019586 658.733509
1414.785452 661.304465
1527.407840 664.036009
1644.139720 666.856286
1765.023979 669.744641
1098.987408 752.604610
1200.472388 756.711717
1305.463377 760.940247
1414.067500 765.286202
1526.573212 769.862040
1643.203563 774.591147
1763.998498 779.458533
1098.687110 851.183552
1200.032138 856.851894
1304.908578 862.770424
1413.465557 869.020607
1525.755237 875.434716
1642.222022 882.059118
1762.992749 889.004866
1124.992069 140.283286
1216.716331 134.698896
1311.155374 129.021488
1408.660156 123.266363
1509.058772 117.258470
1612.879434 111.086537
1720.121397 104.654825
1120.643884 213.804440
1214.630300 209.293714
1311.580069 204.583657
1411.678973 199.839589
1514.977436 194.917198
1621.668897 189.894919
1732.010672 184.670602
1115.932067 291.311227
1212.407434 287.872121
1311.949760 284.406373
1414.855778 280.781020
1521.107931 277.134745
1631.004901 273.238499
1744.825755 269.383650
1111.039454 372.966646
1210.096546 370.744283
1312.450818 368.616090
1418.224027 366.288172
1527.606406 363.977544
1640.875031 361.648852
1758.216706 359.097072
1105.895668 459.239270
1207.648396 458.414728
1312.788209 457.746738
1421.790675 456.915614
1534.507379 456.142252
1651.393054 455.306450
1772.456863 454.518591
1100.488727 550.426043
1204.919668 551.250066
1313.378188 552.206956
1425.488135 553.030103
1541.784117 554.064709
1662.512881 555.038503
1787.732128 556.068381
1094.628918 647.043222
1202.211630 649.579930
1313.803078 652.270318
1429.587970 655.119474
1549.558040 658.091158
1674.344065 661.153318
1804.033816 664.341137
1141.383602 346.106413
1250.974043 344.458771
1362.724026 342.813983
1476.877365 341.199986
1593.219857 339.535895
1712.014798 337.777970
1833.375749 335.951645
1140.703879 451.211919
1248.479619 450.754898
1358.354589 450.194239
1470.533988 449.645167
1584.719227 449.047999
1701.426161 448.444900
1820.443061 447.860263
1140.097146 553.030561
1246.042650 553.484165
1354.112902 553.994416
1464.282867 554.401445
1576.529988 554.962149
1691.130985 555.313222
1808.051391 555.857502
1139.457988 651.446889
1243.743595 652.804701
1349.952275 654.272258
1458.308405 655.731186
1568.630563 657.193155
1681.162517 658.645310
1795.991044 660.063810
1138.934334 746.787529
1241.519439 749.018821
1345.963270 751.332288
1452.466735 753.613556
1560.971566 756.056322
1671.576469 758.439706
1784.330014 760.806705
1138.386985 839.174234
1239.379606 842.243446
1342.116089 845.408272
1446.833713 848.519477
1553.521666 851.822504
1662.326833 855.045727
1773.072744 858.357705
1137.927959 928.650850
1237.218646 932.391313
1338.380780 936.293216
1441.416412 940.411375
1546.267070 944.455237
1653.237973 948.500239
1762.217381 952.747828
1086.448789 234.657480
1168.588252 227.095832
1255.178108 219.222592
1346.757255 210.931038
1443.594520 202.117339
1546.317932 192.835556
1655.305498 182.950755
1074.367623 306.191205
1158.029495 300.503176
1246.328253 294.468683
1339.908643 288.161303
1438.991469 281.400537
1544.124385 274.341244
1655.915915 266.832629
1061.681678 381.127422
1146.969995 377.340199
1237.118947 373.446931
1332.714624 369.226694
1434.085044 364.858550
1541.781198 360.145891
1656.638122 355.296669
1048.440689 459.473220
1135.391449 457.826073
1227.462895 456.240548
1325.064322 454.468754
1428.880221 452.596624
1539.386354 450.742814
1657.257038 448.616407
1034.616238 541.609305
1123.287608 542.328528
1217.161478 543.270452
1317.146134 544.163151
1423.426019 545.126787
1536.885081 546.166546
1657.958416 547.387263
1020.088812 627.681572
1110.377302 631.089849
1206.515532 634.792083
1308.613569 638.615971
1417.634810 642.837132
1534.092664 647.246989
1658.692655 652.046129
1004.778344 718.089413
1096.999844 724.337924
1195.173632 731.075316
1299.839862 738.294552
1411.490241 745.942701
1531.255453 754.206546
1659.576362 763.093244
1148.414259 257.583249
1239.288206 252.020566
1334.114668 246.255100
1433.404404 240.304766
1537.150658 234.077735
1646.131999 227.516510
1760.401300 220.622397
1140.727032 333.976833
1233.677581 330.058126
1330.855200 325.913082
1432.697239 321.665045
1539.341420 317.166583
1651.272286 312.527546
1768.892033 307.613986
1132.580855 414.337412
1227.809391 412.091581
1327.455647 409.848504
1431.979307 407.458171
1541.558330 405.032649
1656.715805 402.351139
1778.006838 399.731552
1124.108383 498.846197
1221.642278 498.507911
1323.876929 498.332272
1431.170401 498.032639
1543.838297 497.810680
1662.495148 497.640007
1787.519174 497.315001
1115.168982 587.870167
1215.168916 589.670068
1319.948261 591.798309
1430.375717 593.847984
1546.286272 596.149051
1668.762760 598.502894
1797.694475 601.076792
1105.745378 681.748599
1208.143732 686.040117
1315.988045 690.642732
1429.349487 695.350150
1548.871163 700.520746
1675.227192 705.873540
1808.597953 711.509076
1095.708921 780.917835
1200.871532 787.862719
1311.632213 795.221993
1428.545630 803.053101
1551.631692 811.352348
1682.070445 820.078649
1820.211541 829.357144
1151.678731 377.888781
1257.057246 375.525791
1366.058626 373.207856
1479.090553 370.797649
1596.127713 368.366931
1717.662159 365.753727
1843.773589 363.103524
1151.237095 479.486172
1256.455968 479.005222
1365.444677 478.447218
1478.318418 477.948313
1595.172069 477.400588
1716.561079 476.867383
1842.607742 476.407617
1150.757258 581.052450
1255.845152 582.292854
1364.778266 583.569730
1477.465776 584.885843
1594.274882 586.378464
1715.498099 587.723600
1841.547128 589.352486
1150.328916 682.307756
1255.365461 685.257429
1364.068372 688.410479
1476.660742 691.637124
1593.356903 694.978289
1714.384054 698.449217
1840.021117 702.021716
1149.943203 783.401095
1254.818199 788.088837
1363.382106 793.017517
1475.868695 798.097496
1592.407569 803.466241
1713.370425 808.935507
1838.845882 814.700172
1149.494382 884.330135
1254.232689 890.804021
1362.721504 897.516658
1474.982851 904.500020
1591.370261 911.800358
1712.232529 919.288043
1837.641729 927.089982
1149.055547 984.975060
1253.617487 993.172158
1361.963274 1001.713752
1474.245989 1010.671703
1590.379058 1019.651275
1711.110201 1029.259788
1836.767421 1039.630796
1079.411948 257.403183
1185.890493 250.201123
1298.011637 242.811017
1416.546032 234.908409
1541.560438 226.684197
1673.808958 217.854783
1814.085075 208.525138
1089.404763 358.396531
1192.998033 354.153569
1301.824068 349.644104
1416.613590 344.853432
1537.498892 339.783428
1665.277514 334.501632
1800.444354 328.927953
1098.956343 453.864097
1199.705053 451.988845
1305.515648 450.016803
1416.708050 447.920359
1533.841017 445.860774
1657.326445 443.544659
1787.786931 441.194788
1107.883266 543.864947
1206.001568 544.185078
1308.830801 544.601400
1416.891734 545.037522
1530.446659 545.384661
1649.882189 545.831387
1775.843061 546.264794
1116.457121 628.996062
1212.024367 631.335658
1312.119457 633.760945
1417.028878 636.264424
1527.236015 638.980110
1642.965077 641.805999
1764.751878 644.746673
1124.461114 709.745246
1217.672157 713.868386
1315.090272 718.079393
1417.113335 722.505134
1524.058754 727.239389
1636.390879 732.136157
1754.283513 737.311281
1132.127312 786.339033
1222.969292 791.913541
1317.896393 797.769218
1417.256951 803.986682
1521.166862 810.487872
1630.156044 817.243980
1744.525010 824.411214
1082.937937 200.650814
1188.625064 192.117720
1299.806826 183.386968
1417.315669 174.052904
1541.120173 164.308700
1672.115814 153.855352
1810.915113 142.888408
1090.360604 304.803921
1193.824438 299.324110
1302.533456 293.462848
1417.175275 287.276197
1537.845297 280.731955
1665.437696 273.911381
1800.347506 266.737996
1097.557056 404.594452
1198.807722 401.592507
1305.185162 398.409260
1417.051243 395.047791
1534.872423 391.662522
1659.117937 387.937983
1790.430673 384.129206
1104.372702 499.935556
1203.592274 499.261836
1307.629541 498.651152
1417.013172 498.019333
1532.009846 497.245836
1653.084331 496.518070
1780.875667 495.645751
1111.025412 591.240888
1208.216717 592.802049
1310.088688 594.435713
1416.969959 596.065905
1529.278278 597.896773
1647.467946 599.796577
1771.877517 601.783617
1117.288184 678.874409
1212.579600 682.424292
1312.305658 686.101202
1416.859921 689.927112
1526.615043 694.035516
1641.994113 698.322465
1763.272589 702.859302
1123.343876 762.909508
1216.722346 768.184887
1314.425219 773.750539
1416.837974 779.667485
1524.107457 785.857667
1636.713720 792.290405
1755.135640 799.182822
1140.848582 87.985630
1249.513764 80.251690
1362.116791 72.388563
1479.173204 64.245758
1600.134446 55.726856
1726.202138 46.914363
1857.156735 37.135489
1141.541532 195.213128
1249.281969 189.578815
1360.909154 183.652156
1476.729175 177.626473
1596.690098 171.313315
1721.383552 164.785259
1850.611281 158.055637
1142.198540 300.818543
1249.035221 296.983405
1359.765882 293.072634
1474.439101 288.977661
1593.265575 284.926087
1716.688768 280.477783
1845.018461 276.097220
1142.866894 404.470515
1248.792292 402.488501
1358.482091 400.534924
1472.130024 398.495699
1589.869543 396.345770
1712.108871 394.147460
1838.919254 391.830286
1143.617655 506.411654
1248.632056 506.251707
1357.337862 506.086286
1469.908975 505.910543
1586.582024 505.852510
1707.648683 505.671839
1833.219545 505.499018
1144.235425 606.725441
1248.326821 608.318152
1356.139583 609.879978
1467.652223 611.586313
1583.210908 613.443833
1703.179226 615.235506
1827.599350 617.160993
1144.897104 705.306400
1248.100350 708.469415
1354.926936 711.803802
1465.557285 715.354016
1580.018020 719.021173
1698.731613 722.692349
1821.988287 726.686837
