504.971294 401.781380
584.581319 397.716360
669.430315 393.575497
760.246616 389.095809
857.369633 384.344897
961.790592 379.169144
1074.145315 373.585520
527.122291 496.828487
605.782844 495.968663
689.424345 495.084407
778.791418 494.140247
874.288768 492.965571
976.792873 491.851014
1086.873578 490.684456
548.480841 588.156638
626.081055 590.037716
708.613286 592.121071
796.540764 594.291042
890.519352 596.695613
991.085457 599.125290
1098.962808 601.869448
568.925045 675.689248
645.572317 680.208378
726.927654 685.077123
813.560961 690.313638
905.989810 695.721453
1004.753213 701.545268
1110.441779 707.800838
588.633243 759.868790
664.336042 766.824026
744.635019 774.202231
829.946145 782.001095
920.819033 790.348496
1017.805095 799.215460
1121.426308 808.740326
607.551352 840.925745
682.297671 850.083280
761.498086 859.780790
845.518439 869.999353
934.969968 880.937933
1030.259427 892.611152
1131.901859 905.089541
625.787966 918.873286
699.603142 929.995988
777.659351 941.802267
860.555845 954.342772
948.536986 967.667046
1042.143152 981.837289
1141.941797 997.036044
631.960501 159.805758
706.457699 149.543737
785.311598 138.785522
869.024651 127.420137
957.919931 115.237721
1052.767565 102.302901
1153.768350 88.562245
614.078437 239.340996
689.395586 231.326695
769.185012 222.809704
853.977217 213.790843
944.333104 204.109735
1040.618722 193.941199
1143.365520 183.034700
595.516752 321.923879
671.734821 316.125338
752.520594 310.069148
838.482609 303.595298
930.096299 296.737932
1027.886580 289.351708
1132.515787 281.596018
576.355081 407.404720
653.392407 404.075837
735.205166 400.706081
822.296569 397.055032
915.273262 393.117272
1014.696465 389.004453
1121.142417 384.485903
556.528457 496.188900
634.400569 495.545567
717.128222 495.045010
805.563043 494.311528
899.819250 493.642853
1000.906397 492.855935
1109.170289 492.180209
535.855102 588.320145
614.477022 590.575798
698.462244 593.130237
787.929480 595.704002
883.712399 598.625839
986.407932 601.591961
1096.677046 604.837408
514.383088 683.982829
594.019498 689.377792
679.000255 695.169403
769.761743 701.459705
866.862249 708.105408
971.353930 715.213172
1083.589145 722.903022
916.538233 307.134817
1026.938751 314.708307
1130.136914 321.766288
1226.969598 328.499392
1317.937612 334.842508
1403.660493 340.653250
1484.431162 346.294895
906.985635 427.190032
1015.863545 430.697740
1117.749654 434.094791
1213.417142 437.213821
1303.349901 440.193767
1388.180756 442.968866
1468.164306 445.599180
897.888369 543.104267
1005.108107 542.912157
1105.715486 542.679108
1200.209945 542.551284
1289.200250 542.430402
1373.169847 542.142233
1452.435132 542.088629
888.950896 655.130382
994.791902 651.349221
1093.998190 647.839422
1187.426876 644.583152
1275.434194 641.513007
1358.520722 638.527268
1437.119973 635.834323
880.407423 763.308940
984.734658 756.281992
1082.709044 749.700569
1174.924121 743.587554
1262.116820 737.683742
1344.317993 732.213638
1422.192422 726.919293
872.180581 868.068124
975.053765 857.996211
1071.725795 848.526826
1162.976271 839.617826
1249.138250 831.104607
1330.612838 823.139552
1407.780275 815.620462
864.158144 969.367673
965.501612 956.412885
1061.135343 944.166260
1151.305499 932.764810
1236.580377 921.831039
1317.216041 911.493382
1393.703417 901.822736
857.700705 86.771744
956.804430 100.060206
1050.202864 112.469692
1138.558371 124.377815
1222.109106 135.626025
1301.398119 146.224119
1376.632269 156.309213
868.174100 180.555010
969.104238 191.287160
1064.217621 201.429574
1153.923283 210.992806
1238.721628 220.099204
1318.959283 228.675604
1395.053779 236.720611
879.112918 278.592766
981.902544 286.579463
1078.659061 294.099451
1169.865329 301.270983
1255.883489 308.033091
1337.210438 314.266731
1414.330877 320.347844
890.607279 381.196664
995.408567 386.120304
1093.812132 390.803507
1186.394202 395.196823
1273.682743 399.430348
1356.173341 403.365179
1434.249158 407.136262
902.644367 488.582611
1009.376519 490.176511
1109.448569 491.815935
1203.561192 493.377672
1292.297957 494.696495
1375.914553 496.085145
1454.924305 497.328512
915.360159 601.177064
1024.055713 599.215359
1126.013326 597.477643
1221.639351 595.793953
1311.659391 594.170061
1396.527702 592.637340
1476.578696 591.262431
928.552035 719.334825
1039.341300 713.472601
1143.264546 707.865323
1240.532745 702.814279
1331.914251 697.891156
1417.883819 693.296589
1498.962616 689.047220
686.247318 68.530083
794.670894 71.884382
901.665718 75.136004
1007.376358 78.486724
1111.767212 81.709591
1214.953370 84.928921
1316.826478 88.157200
683.462329 167.253836
793.566370 170.046184
902.239968 172.737103
1009.657848 175.494674
1115.632296 178.171933
1220.299468 180.875867
1323.587182 183.516348
680.588002 269.220659
792.411027 271.347229
902.800494 273.467520
1011.923331 275.592002
1119.550862 277.686984
1225.743278 279.708913
1330.622548 281.819188
677.625108 374.417609
791.307101 375.838552
903.465778 377.326940
1014.222379 378.777737
1123.522055 380.238411
1231.353825 381.704322
1337.821243 383.125691
674.623589 483.100750
790.145777 483.788243
904.033095 484.619424
1016.596391 485.362697
1127.658364 486.098558
1237.157305 486.886257
1345.171209 487.651740
671.537464 595.360456
788.834515 595.374427
904.784336 595.434405
1019.088449 595.445408
1131.885788 595.488055
1243.200443 595.509369
1352.932676 595.585806
668.291032 711.468926
787.576186 710.628262
905.466245 709.839955
1021.713896 709.141982
1136.300024 708.407584
1249.289784 707.676964
1360.793404 707.001100
588.058954 378.141197
698.215921 376.749130
810.636534 375.415197
925.731182 373.986935
1043.310251 372.569856
1163.491039 371.100446
1286.238431 369.543933
597.084860 488.717292
705.426671 488.549232
815.987209 488.451033
928.987812 488.277637
1044.394124 487.989179
1162.378896 487.808127
1282.793537 487.621466
605.927711 595.569481
712.445028 596.455856
821.112383 597.368891
932.127782 598.327149
1045.551596 599.252433
1161.355209 600.196763
1279.564156 601.249303
614.415976 698.645803
719.248312 700.540888
826.032117 702.542988
935.172955 704.588629
1046.599445 706.566589
1160.297124 708.628896
1276.372089 710.762709
622.697129 798.304339
725.810093 801.155102
830.904298 804.110492
938.132813 807.072562
1047.618403 810.122948
1159.318031 813.279040
1273.257757 816.455842
630.670684 894.787109
732.129412 898.522851
835.519755 902.328671
940.978834 906.213003
1048.588570 910.207857
1158.413347 914.316751
1270.368084 918.505646
638.414151 988.052461
738.234354 992.583002
840.001554 997.177258
943.786737 1002.017139
1049.528862 1006.885098
1157.453012 1011.828824
1267.529316 1016.990887
295.685892 375.471899
427.621382 380.816941
550.921919 385.718279
666.531502 390.454170
775.145434 394.921780
877.380754 398.963322
973.824453 402.859701
297.656947 492.262253
426.331684 493.641877
546.725450 495.016024
659.770039 496.226200
766.112975 497.409199
866.410044 498.420009
961.042740 499.469469
299.756413 603.213493
425.084199 601.083136
542.707625 599.009023
653.344464 597.138617
757.538792 595.369534
855.905273 593.579598
948.851811 591.985951
301.573575 708.815161
424.022440 703.405157
538.858290 698.303777
647.143059 693.593127
749.289118 689.123494
845.773537 684.792897
937.119346 680.825192
303.441308 809.254988
422.868418 801.043031
535.286948 793.180454
641.190182 785.863855
741.451733 778.863667
836.080448 772.357568
925.814133 766.058587
305.187898 905.282620
421.928531 894.372249
531.784580 884.027663
635.667517 874.297096
733.856099 864.989500
826.878019 856.260394
915.093560 848.006845
306.883433 996.861730
420.817248 983.527303
528.507173 970.819836
630.235898 958.937399
726.619698 947.615211
817.911886 936.873716
904.699030 926.757892
305.831399 154.843328
427.355475 166.866871
541.488420 178.027674
649.060046 188.722305
750.578807 198.803099
846.571746 208.251689
937.441873 217.237255
305.057267 264.674531
427.505185 273.343390
542.453784 281.496507
650.701958 289.172250
752.830429 296.458667
849.333153 303.296592
940.650971 309.779781
304.351860 376.114526
427.582911 381.393726
543.346690 386.325937
652.356280 391.064313
755.084082 395.454429
852.126326 399.529039
943.969431 403.470995
303.522671 489.350129
427.777929 491.028468
544.304574 492.642004
653.986418 494.202232
757.352354 495.713417
854.939863 497.017569
947.282440 498.361819
302.783850 604.139142
427.889584 602.222020
545.201197 600.478143
655.583985 598.867700
759.645617 597.257499
857.781292 595.843906
950.577695 594.402126
302.072067 720.782566
428.038117 715.177895
546.207194 709.904661
657.377736 704.982028
761.992230 700.261073
860.739654 695.877664
954.040352 691.711562
301.357201 839.157470
428.182953 829.769038
547.296948 820.761090
659.093386 812.505853
764.448944 804.598674
863.629894 797.192251
957.435491 790.237537
312.330569 93.858358
426.983144 106.958598
535.022246 119.160508
637.223819 130.912429
733.928531 141.987331
825.680880 152.419366
912.736607 162.359882
310.844207 187.470305
427.922920 197.999928
538.239316 207.948083
642.346385 217.344495
740.816209 226.270415
834.063296 234.707539
922.470240 242.692801
309.228150 285.228199
428.850339 293.078710
541.435181 300.435698
647.725906 307.419739
747.955768 314.019562
842.797340 320.154294
932.698552 326.097872
307.460055 387.594431
429.938887 392.387985
544.910903 396.899630
653.213700 401.166474
755.355751 405.285989
851.883046 409.094023
943.316316 412.735892
305.694868 494.752302
430.937796 496.258889
548.366587 497.738628
658.912096 499.130359
763.072893 500.388528
861.328247 501.644977
954.206077 502.771574
303.943649 607.088282
432.010448 605.006102
552.203399 603.137250
664.998813 601.353772
771.134793 599.584965
871.275605 597.999388
965.731606 596.475697
301.996042 724.962046
433.138279 718.970379
556.144091 713.223257
671.336359 708.054582
779.570297 703.078224
881.428159 698.409471
977.566812 694.025240
91.034895 24.048351
229.300007 33.825634
360.765918 41.641798
489.353670 50.320956
613.358062 58.219214
733.599478 65.920983
849.867517 73.225559
97.638398 153.195560
233.125354 159.738277
364.079408 166.135740
490.868938 172.258277
613.711214 178.175776
732.768774 183.920733
848.120493 189.557659
103.629980 279.185094
237.455341 283.618882
367.052002 287.907443
492.650064 292.080829
614.297768 296.110478
732.198917 299.927617
846.494523 303.732971
109.175658 402.660636
241.825056 405.013249
370.023606 407.314338
494.324882 409.553829
614.811406 411.743061
731.566948 413.784397
844.885448 415.868564
114.821576 523.566578
245.974675 524.038789
372.972285 524.468775
495.962131 524.876780
615.348297 525.200482
730.990603 525.630138
843.229133 525.947747
120.394659 642.240583
250.122388 640.796689
375.842062 639.418319
497.668965 638.055633
615.865978 636.630461
730.507424 635.326161
841.718073 634.085111
125.878078 758.511046
254.204833 755.229135
378.705310 751.999572
499.323093 749.020857
616.396867 745.944319
729.947732 743.021596
840.155476 740.304467
135.968932 207.886030
284.070866 216.847795
424.171442 225.291244
557.196279 233.364068
683.421284 241.079017
803.383656 248.250897
917.621764 255.132707
150.875322 337.076176
293.323845 342.341201
428.313592 347.424935
556.501749 352.081328
678.449936 356.557985
794.625944 360.764406
905.327528 364.827454
165.030324 457.058176
301.911763 459.103501
432.057887 460.973491
555.883857 462.782375
673.880036 464.511996
786.450509 466.065670
893.854088 467.571489
178.009389 568.673704
310.024523 567.852396
435.485054 567.044982
555.302450 566.326186
669.588687 565.612530
778.699477 564.802718
883.077156 564.207126
190.179501 672.588103
317.514726 669.433488
438.909813 666.229555
554.657449 663.296521
665.577338 660.410464
771.398005 657.734665
872.867210 655.095567
201.642446 769.938565
324.621564 764.573604
441.925951 759.396581
554.235932 754.469640
661.704388 749.647948
764.685016 745.165186
863.358444 740.872768
212.439786 861.062505
331.169427 853.793903
444.904282 846.799512
553.758242 840.222886
658.159153 833.783342
758.188570 827.622330
854.300646 821.821606
116.669971 278.247500
241.178860 280.507885
363.702740 282.676488
484.663420 284.976994
603.957780 287.130687
721.693689 289.255252
837.733060 291.396200
110.202594 394.908756
235.803576 396.327312
359.426143 397.779876
481.383265 399.260750
601.729324 400.634081
720.360521 402.015976
837.270111 403.386096
103.746104 513.545117
230.294939 514.156282
355.026626 514.807235
478.129645 515.440910
599.400619 515.998261
718.939886 516.500725
836.830110 517.132762
97.063790 634.207546
224.929204 633.916129
350.708966 633.658502
474.730827 633.436671
596.991940 633.163332
717.518918 632.892366
836.393813 632.717306
90.346403 756.815756
219.270679 755.639315
346.143907 754.578337
471.246871 753.441701
594.548038 752.264876
716.096267 751.206223
835.824873 750.182146
83.669144 881.650806
213.617022 879.489028
341.617222 877.521611
467.751697 875.508862
592.133745 873.448291
714.708142 871.471517
835.452923 869.542453
76.600491 1008.536631
207.831465 1005.368981
337.071037 1002.368768
464.293903 999.572769
589.625420 996.585722
713.224697 993.682350
834.969524 990.868646
242.143601 168.892009
363.642670 177.559817
479.603337 185.680862
590.526579 193.664402
696.723870 201.203394
798.597471 208.431812
896.265260 215.351734
232.509637 262.407572
357.935742 269.061538
477.627868 275.449387
591.899931 281.560950
701.233047 287.449023
805.820319 293.011992
905.989357 298.329152
222.134472 362.024381
351.852298 366.543658
475.402526 370.826547
593.403092 374.947687
705.910764 378.867154
813.459182 382.527057
916.407807 386.165042
211.023232 468.604991
345.503292 470.538963
473.241951 472.414259
594.862643 474.153396
710.833609 475.953135
821.549248 477.553528
927.399888 479.168698
199.200395 582.701887
338.488691 581.677625
470.629588 580.885253
596.434924 580.057815
716.129571 579.218580
830.155304 578.520314
938.942846 577.834109
186.585077 705.116486
331.004049 700.809868
468.183211 696.884609
598.163165 693.068802
721.805148 689.407625
839.363183 686.028740
951.413482 682.759386
172.865627 836.846414
323.077736 828.825869
465.447616 821.123362
600.054090 813.945786
727.809420 807.048283
849.103899 800.597967
964.512428 794.464090
997.008788 412.067400
1089.967904 408.433313
1188.828111 404.790886
1294.497424 400.739185
1407.283109 396.540417
1528.168274 391.898040
1657.996428 386.910023
1008.694376 504.533227
1100.124423 503.942899
1197.167952 503.344199
1300.718199 502.641604
1411.101169 501.850755
1529.290383 501.058642
1655.990560 500.249265
1019.956428 593.572781
1109.827901 595.554239
1205.220257 597.711866
1306.647362 600.012563
1414.878569 602.543405
1530.400433 605.098963
1654.177442 607.994400
1030.770134 678.938004
1119.152889 683.406170
1212.850878 688.253142
1312.449788 693.376848
1418.463635 698.720990
1531.470311 704.568441
1652.309718 710.735562
1041.242789 761.128715
1128.199489 767.931667
1220.280744 775.156070
1317.995708 782.732344
1421.871678 790.905884
1532.522893 799.586614
1650.589578 808.876832
1051.237720 840.296786
1136.779253 849.225490
1227.307228 858.642091
1323.225163 868.590675
1425.095744 879.245693
1533.444129 890.555779
1648.880936 902.621733
1060.928553 916.538738
1145.095463 927.302789
1234.066713 938.776850
1328.345614 950.974810
1428.178271 963.897279
1534.294682 977.548013
1647.284997 992.200165
1039.328341 235.850800
1127.736705 227.483630
1221.415506 218.734463
1321.063748 209.433649
1426.964750 199.518202
1540.022064 188.973756
1660.823080 177.658535
1035.545692 325.256527
1124.350483 319.596417
1218.472130 313.528152
1318.594981 307.158832
1425.136753 300.281173
1538.847835 293.042438
1660.381266 285.338113
1031.728229 415.870796
1120.919950 412.750911
1215.535986 409.535705
1316.136139 406.081545
1423.322451 402.492246
1537.631102 398.510700
1660.030510 394.471202
1027.861051 507.329784
1117.466752 506.930207
1212.535674 506.655585
1313.643806 506.332879
1421.403203 505.898038
1536.441257 505.533396
1659.616265 505.057813
1024.032559 599.887271
1114.030375 602.283244
1209.492841 604.952818
1311.177808 607.668958
1419.473159 610.660803
1535.255417 613.779865
1659.201021 617.241573
1020.075895 693.520617
1110.389101 698.818880
1206.433828 704.473971
1308.514973 710.372534
1417.517124 716.829447
1534.020110 723.677933
1658.765411 731.052097
1016.104631 788.196444
1106.842165 796.299014
1203.326042 805.038670
1306.047476 814.382456
1415.563136 824.302035
1532.808105 834.951835
1658.359134 846.426410
1069.183991 182.828682
1154.232512 173.501197
1244.096416 163.745437
1339.402733 153.433674
1440.363704 142.465858
1547.833660 130.812826
1662.207176 118.398539
1059.276208 260.980269
1145.515083 253.837435
1236.790818 246.182183
1333.625546 238.167242
1436.476014 229.538691
1545.895993 220.474066
1662.518525 210.843681
1048.970602 342.015716
1136.500221 336.998104
1229.235266 331.767531
1327.688696 326.156517
1432.385411 320.255444
1543.853948 313.833436
1662.988869 307.209420
1038.336878 425.877809
1127.179653 423.191241
1221.404460 420.530951
1321.490347 417.604080
1428.073002 414.479083
1541.780663 411.267118
1663.370885 407.679575
1027.362052 512.856223
1117.541390 512.758989
1213.152466 512.807404
1315.109673 512.699046
1423.620109 512.716127
1539.687919 512.661086
1663.828823 512.737409
1015.929570 603.015611
1107.338043 605.733813
1204.733217 608.713051
1308.283973 611.740460
1418.952741 615.152542
1537.354274 618.663596
1664.219618 622.509215
1004.063972 696.583850
1096.979358 702.262541
1195.866458 708.362163
1301.399252 714.896768
1414.073805 721.838486
1534.997074 729.307402
1664.715300 737.345949
1148.390834 257.719089
1239.211183 252.166424
1333.983943 246.405624
1433.208703 240.458433
1536.916747 234.191460
1645.873007 227.614317
1760.078069 220.710324
1140.707330 334.086825
1233.612662 330.175033
1330.736004 326.033223
1432.515518 321.793429
1539.122656 317.266775
1651.019804 312.609958
1768.570934 307.689062
1132.563701 414.433047
1227.750657 412.190358
1327.351198 409.944205
1431.819269 407.563428
1541.364561 405.116997
1656.484556 402.420992
1777.715899 399.785642
1124.104006 498.914860
1221.593679 498.582631
1323.781129 498.411311
1431.027420 498.121139
1543.662666 497.881359
1662.295636 497.691152
1787.262594 497.355255
1115.173629 587.919899
1215.132540 589.714328
1319.868576 591.852954
1430.251722 593.913357
1546.138164 596.203525
1668.589780 598.540854
1797.467997 601.102231
1105.753127 681.784918
1208.111698 686.073699
1315.917708 690.683874
1429.242865 695.396874
1548.747644 700.559897
1675.087424 705.899124
1808.406778 711.512264
1095.727663 780.936868
1200.851830 787.894843
1311.576483 795.266409
1428.447980 803.110713
1551.526330 811.396759
1681.969860 820.104521
1819.996739 829.365204
1151.653386 377.990808
1256.983923 375.630990
1365.929002 373.315553
1478.902747 370.906124
1595.905098 368.448153
1717.392968 365.822132
1843.419035 363.152631
1151.218981 479.563457
1256.388274 479.086975
1365.330759 478.535480
1478.153062 478.038969
1594.979469 477.465422
1716.339564 476.913661
1842.305931 476.443063
1150.747948 581.100823
1255.790352 582.340342
1364.677928 583.634517
1477.325886 584.952769
1594.115091 586.425037
1715.312597 587.759987
1841.274272 589.375374
1150.319109 682.342237
1255.317385 685.293160
1363.981258 688.453568
1476.544488 691.685196
1593.227693 695.009466
1714.236576 698.472013
1839.800585 702.016063
1149.940527 783.426153
1254.781692 788.127561
1363.303136 793.064148
1475.763532 798.156377
1592.301407 803.501319
1713.258851 808.961800
1838.607933 814.695540
1149.504043 884.328127
1254.222265 890.818700
1362.693541 897.530248
1474.935935 904.529167
1591.307941 911.806495
1712.149238 919.284035
1837.375453 927.058666
1149.093806 984.948837
1253.652798 993.158839
1361.982681 1001.697696
1474.221347 1010.623736
1590.324823 1019.561925
1710.991526 1029.126547
1836.419214 1039.411961
1079.426130 257.523911
1185.847921 250.342460
1297.899430 242.964320
1416.360263 235.063544
1541.322443 226.800525
1673.535690 217.959631
1813.706399 208.605127
1089.403554 358.497034
1192.954854 354.264224
1301.724362 349.756224
1416.448135 344.976103
1537.282503 339.882771
1665.024890 334.581780
1800.106331 328.991513
1098.955000 453.948315
1199.662017 452.077246
1305.423829 450.108052
1416.561907 448.016937
1533.655636 445.942502
1657.107264 443.605681
1787.508015 441.241232
1107.887994 543.921073
1205.965056 544.241442
1308.748281 544.668648
1416.762066 545.115497
1530.285669 545.451855
1649.695535 545.877887
1775.614699 546.302030
1116.460474 629.038896
1211.990790 631.372183
1312.046891 633.804471
1416.915540 636.316220
1527.101034 639.029156
1642.811659 641.837996
1764.564906 644.770119
1124.461573 709.777132
1217.637428 713.902703
1315.021663 718.119022
1417.014057 722.548258
1523.940670 727.282754
1636.264776 732.161574
1754.138650 737.323050
1132.134041 786.361174
1222.941565 791.948656
1317.837865 797.814572
1417.159859 804.044323
1521.060368 810.545454
1630.054330 817.274670
1744.412616 824.445333
1140.821149 88.165130
1249.423440 80.469773
1361.944105 72.617123
1478.898304 64.485381
1599.789052 55.970336
1725.716854 47.228241
1856.589996 37.290555
1141.528058 195.360154
1249.193311 189.751851
1360.745163 183.829977
1476.495217 177.778954
1596.423689 171.442222
1721.054426 164.916608
1850.188532 158.143355
1142.177179 300.939361
1248.957541 297.112334
1359.626422 293.207949
1474.230424 289.108448
1593.027654 285.016898
1716.401744 280.560791
1844.639488 276.144794
1142.845909 404.565738
1248.723885 402.587841
1358.359564 400.632944
1471.952894 398.598711
1589.659054 396.424349
1711.856885 394.209517
1838.592687 391.880181
1143.606713 506.480655
1248.571258 506.325771
1357.230060 506.167250
1469.754779 505.995905
1586.400596 505.914778
1707.441711 505.715401
1832.941769 505.537070
1144.230455 606.771608
1248.278337 608.358720
1356.047498 609.935464
1467.520049 611.648286
1583.062734 613.486917
1703.007636 615.270346
1827.353439 617.179019
1144.888804 705.338948
1248.054922 708.504932
1354.845755 711.844585
1465.445572 715.402452
1579.895243 719.052668
1698.597954 722.714832
1821.789678 726.683511
