-1.90397243641198 -1.77727540600179 0.11091110847027 
-1.99936353552813 -2.15740714499751 0.78107455102202 
2.03749319220734 2.12942457728911 0.64879086508518 
1.93044320690044 1.81807568271480 0.08822270707133 
2.08451279223700 2.07575857746037 -0.12280230207429 
-2.05829775656698 -2.03593890650682 -0.09610230377867 
2.04602270325894 2.18308858290719 0.77195806600050 
2.16042530346024 2.18711070241329 0.32809108673772 
2.13264245920855 2.13187807922780 -0.01383927209553 
-1.99888147205003 -2.15786230811762 0.78027118803565 
-2.08984709542206 -2.09819378934500 0.23043684854373 
-2.05603783876825 -2.03694422389310 0.11875028555375
