-32.76671954500927 -13.96712117171057 83.11078872426287
-25.83347487041012 -31.33087436967473 96.21076532331001
-6.66604683418444 -17.32406527283509 64.03034990446258
-11.36188395595320 -31.21461427873534 76.26672550318254
-20.73102404335064 -32.36529429969207 77.48505734311239
-25.19165904932601 -14.43388060644090 72.20778312670029
-36.59401022529999 -13.69843985357557 62.91993537813870
-46.35778264353971 -30.54521440707056 63.43197813055066
-47.75440191182881 -19.17822605808603 69.16675381365101
3.53647170417963 -30.33792283366226 98.31885384875646
5.94702615884806 -15.51742758417157 81.79005244422058
4.80897343784592 -31.71840638692470 78.61769673091207
