505.109191 401.754492
584.688358 397.709290
669.504273 393.584810
760.284620 389.096260
857.360977 384.343198
961.732381 379.179171
1074.072484 373.597679
527.240235 496.796861
605.860988 495.950565
689.473428 495.076246
778.807059 494.125790
874.262855 492.955799
976.719908 491.867528
1086.810979 490.702824
548.566943 588.123746
626.135880 590.014527
708.641504 592.104859
796.537437 594.277420
890.482752 596.694311
991.002369 599.159929
1098.917445 601.897862
568.980802 675.657112
645.602937 680.193793
726.941019 685.073186
813.539869 690.316579
905.936679 695.741768
1004.664842 701.607351
1110.405329 707.854732
588.659848 759.847499
664.345529 766.815223
744.633552 774.203563
829.909604 782.012442
920.751812 790.389525
1017.723578 799.320607
1121.393291 808.836523
607.548991 840.899798
682.280885 850.076370
761.469212 859.783122
845.456768 870.010749
934.888287 880.985080
1030.171675 892.723633
1131.850697 905.215288
625.758306 918.858263
699.559591 930.003934
777.602729 941.827139
860.484945 954.390506
948.441111 967.756844
1042.052221 981.982410
1141.883246 997.221736
632.060359 159.975770
706.522617 149.696615
785.320801 138.916886
868.992175 127.524398
957.857677 115.312916
1052.698232 102.347187
1153.742624 88.559853
614.159782 239.465807
689.445623 231.450615
769.199763 222.911239
853.957667 213.866427
944.271909 204.170900
1040.521786 193.978809
1143.318018 183.037427
595.618249 321.954683
671.808146 316.166580
752.560003 310.106047
838.474140 303.620994
930.051043 296.758351
1027.793164 289.372463
1132.455104 281.597105
576.467059 407.395350
653.470156 404.084268
735.253458 400.709788
822.299991 397.050024
915.239979 393.117910
1014.613341 389.020678
1121.085227 384.491166
556.633143 496.162429
634.468217 495.533822
717.167294 495.035540
805.563263 494.296284
899.785619 493.636773
1000.825941 492.877824
1109.117207 492.196343
535.946422 588.288521
614.537812 590.551190
698.492454 593.114250
787.928395 595.689366
883.677919 598.622293
986.326286 601.624504
1096.630241 604.867336
514.464597 683.960402
594.062983 689.353440
679.019770 695.160076
769.758963 701.459761
866.822848 708.117386
971.270925 715.267019
1083.538941 722.968192
916.500647 307.152578
1026.850309 314.725228
1130.081415 321.765926
1226.951416 328.489784
1317.969461 334.836671
1403.779732 340.646425
1484.638286 346.302014
906.952132 427.189029
1015.780126 430.718175
1117.694952 434.105989
1213.397361 437.221768
1303.378503 440.212376
1388.285637 442.995653
1468.353686 445.624670
897.852164 543.100275
1005.025611 542.940058
1105.668033 542.699070
1200.199921 542.564535
1289.229417 542.455326
1373.270683 542.171857
1452.610595 542.118252
888.908666 655.138432
994.705210 651.395158
1093.952166 647.877995
1187.417749 644.612310
1275.467816 641.546645
1358.616508 638.562250
1437.277390 635.871757
880.356739 763.332363
984.646020 756.357034
1082.661421 749.775663
1174.910956 743.646714
1262.149630 737.739730
1344.408459 732.278091
1422.345071 726.993108
872.117569 868.087081
974.962854 858.076157
1071.660843 848.641068
1162.952484 839.724503
1249.171069 831.201255
1330.709170 823.241421
1407.962168 815.728317
864.091611 969.422814
965.406054 956.509146
1061.054955 944.294471
1151.256616 932.902385
1236.590058 921.971350
1317.292113 911.637310
1393.871316 901.965143
857.651886 86.881106
956.735023 100.137039
1050.134210 112.512494
1138.525339 124.385800
1222.108360 135.590889
1301.433761 146.176842
1376.738899 156.245236
868.153510 180.642773
969.020864 191.350287
1064.126401 201.457849
1153.872840 210.991196
1238.714948 220.068182
1319.004337 228.642543
1395.173126 236.686563
879.086287 278.627931
981.821301 286.603569
1078.577112 294.114303
1169.824784 301.263350
1255.879086 308.019532
1337.258161 314.256599
1414.467732 320.334119
890.585627 381.197104
995.330856 386.133599
1093.743374 390.815451
1186.360093 395.198351
1273.688490 399.438717
1356.239770 403.383244
1434.402957 407.157037
902.606978 488.578339
1009.294429 490.199234
1109.395229 491.831476
1203.544611 493.388391
1292.325187 494.718639
1376.011367 496.114622
1455.100180 497.358856
915.310480 601.184796
1023.973305 599.253337
1125.981484 597.501179
1221.643054 595.814025
1311.712000 594.198945
1396.650322 592.666802
1476.770211 591.289234
928.486410 719.370875
1039.267757 713.539102
1143.240841 707.914544
1240.549394 702.860722
1331.992329 697.943472
1418.025309 693.355036
1499.159932 689.096483
686.279934 68.679610
794.645714 72.009717
901.604661 75.230311
1007.302333 78.545154
1111.719313 81.735985
1214.947308 84.899717
1316.866456 88.104887
683.535980 167.408609
793.575736 170.162028
902.204457 172.821522
1009.568859 175.546934
1115.574508 178.186047
1220.290342 180.843921
1323.639526 183.469201
680.644091 269.308589
792.416549 271.409395
902.763833 273.500379
1011.824961 275.618551
1119.483874 277.693196
1225.725489 279.693567
1330.671025 281.800130
677.698433 374.429878
791.329133 375.839193
903.438250 377.328621
1014.141756 378.793631
1123.466003 380.244319
1231.337811 381.705482
1337.870329 383.134729
674.679699 483.094168
790.155347 483.775105
903.995710 484.615661
1016.516912 485.386670
1127.613433 486.110914
1237.154149 486.902543
1345.238275 487.678757
671.576472 595.341984
788.832851 595.361766
904.740441 595.439525
1019.007255 595.482537
1131.856059 595.510332
1243.212706 595.533205
1353.017563 595.615610
668.310007 711.458393
787.564560 710.630780
905.408705 709.864880
1021.634570 709.206483
1136.274308 708.458254
1249.312581 707.725778
1360.893720 707.058212
588.165511 378.139662
698.281355 376.760310
810.647571 375.414999
925.691723 373.992033
1043.231741 372.582997
1163.450424 371.098229
1286.251488 369.544901
597.169974 488.700614
705.472507 488.541869
815.983921 488.436912
928.939764 488.279481
1044.316435 488.012369
1162.347072 487.818374
1282.816019 487.642082
605.988981 595.542860
712.471448 596.439721
821.098219 597.357694
932.071560 598.340002
1045.477510 599.289389
1161.337278 600.216944
1279.597904 601.276721
614.449918 698.626901
719.259007 700.537073
826.006620 702.548185
935.104170 704.623720
1046.528509 706.630699
1160.279693 708.677723
1276.413042 710.813164
622.707094 798.286931
725.805582 801.153465
830.863863 804.120021
938.057473 807.124815
1047.548406 810.233114
1159.299651 813.370868
1273.306408 816.546168
630.646013 894.770165
732.091785 898.529072
835.455342 902.348926
940.893204 906.273259
1048.505046 910.327207
1158.373771 914.448643
1270.405944 918.648474
638.381963 988.083261
738.195849 992.632125
839.940243 997.237225
943.705086 1002.123591
1049.438039 1007.048856
1157.399506 1012.029708
1267.544162 1017.195189
295.883877 375.518104
427.775565 380.829708
551.043179 385.705949
666.607313 390.463736
775.173469 394.921020
877.362296 398.960474
973.753149 402.871740
297.848093 492.280600
426.476766 493.631753
546.830479 494.990693
659.827402 496.216701
766.132745 497.394751
866.386809 498.408375
960.975670 499.482288
299.923098 603.214248
425.197422 601.072949
542.791157 598.980842
653.389562 597.117925
757.550045 595.352928
855.878638 593.571440
948.786662 592.004205
301.697186 708.834630
424.115700 703.412276
538.924662 698.280253
647.170374 693.578955
749.293496 689.120624
845.741037 684.797921
937.052098 680.854139
303.542150 809.288193
422.941067 801.055314
535.337885 793.166819
641.200888 785.848915
741.449868 778.865173
836.043608 772.370629
925.744612 766.099762
305.260604 905.300428
421.988015 894.360477
531.819090 884.009049
635.646125 874.277428
733.829432 864.991208
826.822564 856.265816
915.021068 848.037496
306.927104 996.869985
420.840827 983.537384
528.511538 970.833072
630.200800 958.948458
726.572358 947.636367
817.843754 936.902655
904.620762 926.805838
91.278584 24.211232
229.479335 34.005729
360.902798 41.837199
489.453581 50.456528
613.414383 58.365172
733.607682 66.057171
849.818630 73.336024
97.796751 153.409450
233.300579 159.959269
364.234474 166.332349
490.975583 172.393174
613.792891 178.327136
732.810132 184.051535
848.103111 189.649034
103.879048 279.342792
237.670803 283.726117
367.228743 287.993986
492.769114 292.136116
614.386600 296.170117
732.241658 299.978078
846.483149 303.761687
109.416582 402.773329
242.035250 405.067556
370.193137 407.338494
494.461022 409.537728
614.904421 411.741473
731.615209 413.785311
844.877865 415.862192
115.034339 523.642927
246.167711 524.065876
373.133697 524.463013
496.075987 524.853503
615.418386 525.179274
731.022218 525.615765
843.213701 525.935304
120.591088 642.288212
250.292184 640.811038
375.965625 639.412993
497.756114 638.035139
615.916170 636.606465
730.524207 635.314677
841.692499 634.081110
126.050336 758.549724
254.345487 755.262756
378.793254 752.024299
499.391668 749.014351
616.421183 745.926899
729.951801 743.020532
840.123308 740.316299
116.912337 278.406081
241.395472 280.626326
363.881374 282.768954
484.784609 285.040223
604.046161 287.199529
721.739750 289.316879
837.721803 291.432820
110.448041 395.023414
236.014703 396.386030
359.599134 397.809273
481.525544 399.250199
601.829327 400.631159
720.414459 402.020134
837.267583 403.380700
103.963946 513.629833
230.492565 514.192082
355.197723 514.805981
478.251996 515.421913
599.479281 515.977083
718.976365 516.487807
836.817010 517.119429
97.272143 634.264685
225.104802 633.937026
350.847165 633.654826
474.825727 633.421721
597.049830 633.135496
717.539761 632.879764
836.371916 632.713515
90.529220 756.854780
219.423955 755.676827
346.240499 754.603334
471.321870 753.441937
594.579075 752.246553
716.101662 751.203914
835.792783 750.193719
83.839665 881.735441
213.742476 879.584768
341.693312 877.532600
467.806022 875.499483
592.135464 873.430751
714.682039 871.470690
835.396489 869.554763
76.715947 1008.617099
207.911977 1005.410538
337.108457 1002.380427
464.319777 999.598459
589.613422 996.618215
713.190403 993.730834
834.913338 990.927234
1069.105665 182.858978
1154.197909 173.499124
1244.101108 163.704259
1339.467340 153.379793
1440.574842 142.419139
1548.158527 130.762986
1662.684767 118.314929
1059.174629 261.008251
1145.454642 253.839849
1236.779684 246.160386
1333.681609 238.137694
1436.648973 229.532018
1546.213887 220.484911
1662.987627 210.827914
1048.888592 342.027762
1136.449265 336.993844
1229.218214 331.757580
1327.728624 326.147578
1432.540389 320.248806
1544.117427 313.844301
1663.364579 307.222361
1038.252869 425.899869
1127.127950 423.199805
1221.386959 420.538210
1321.529561 417.620773
1428.218473 414.502164
1542.024052 411.302107
1663.699587 407.737943
1027.277893 512.882647
1117.496035 512.772462
1213.143040 512.820618
1315.154240 512.725474
1423.763711 512.747559
1539.912589 512.709508
1664.140887 512.820955
1015.842929 603.055525
1107.298185 605.761004
1204.730303 608.734758
1308.336226 611.770249
1419.095646 615.184599
1537.575545 618.710573
1664.541154 622.609381
1003.972206 696.643312
1096.935668 702.316576
1195.860181 708.410626
1301.456851 714.950177
1414.216020 721.909456
1535.212039 729.399464
1665.033377 737.489878
1151.608162 377.990884
1256.978507 375.632488
1366.006425 373.323616
1479.104380 370.919457
1596.188680 368.475437
1717.779562 365.882214
1843.866204 363.259638
1151.182499 479.573490
1256.394029 479.104143
1365.415482 478.562476
1478.348023 478.072371
1595.243305 477.524559
1716.705930 477.005747
1842.725171 476.574125
1150.726449 581.119223
1255.807996 582.362984
1364.772555 583.661857
1477.513632 584.986948
1594.366876 586.493486
1715.672298 587.877933
1841.643131 589.527429
1150.297096 682.384830
1255.341872 685.337980
1364.082182 688.505154
1476.727621 691.738847
1593.486276 695.101955
1714.602899 698.610313
1840.141262 702.210931
1149.920430 783.504790
1254.814332 788.202441
1363.426016 793.155076
1475.952174 798.276360
1592.548767 803.665501
1713.569321 809.168830
1838.971206 814.931885
1149.467109 884.448727
1254.251526 890.946057
1362.824338 897.673166
1475.122064 904.679003
1591.555491 911.991510
1712.399279 919.522809
1837.795625 927.326851
1149.039424 985.126258
1253.661942 993.350628
1362.073943 1001.920068
1474.390145 1010.866171
1590.570570 1019.843700
1711.301192 1029.465772
1836.907502 1039.796948
1191.796760 73.779515
1304.114046 69.306649
1418.714739 64.916947
1535.879768 60.452249
1655.195045 55.606017
1777.426658 51.006256
1903.635667 45.719014
1190.853802 184.552879
1302.160904 181.390136
1415.681320 178.085112
1531.632744 174.786612
1649.883971 171.290717
1770.771105 167.876428
1893.307981 164.184925
1189.947184 293.538039
1300.188887 291.402446
1412.721378 289.234362
1527.491582 287.066541
1644.616459 284.906336
1764.203246 282.551464
1887.198159 280.693629
1189.017991 400.502773
1298.309721 399.430268
1409.754938 398.367667
1523.451438 397.361583
1639.417166 396.279676
1757.779742 395.190140
1878.007154 393.962214
1188.168575 505.544424
1296.428795 505.517998
1406.827537 505.571802
1519.441907 505.580227
1634.415538 505.672772
1751.650439 505.697894
1871.394276 505.516767
1187.246848 608.835693
1294.545173 609.870613
1403.976014 610.935869
1515.513210 611.990570
1629.353445 613.139968
1745.604159 614.253401
1864.137829 615.510275
1186.370354 710.305096
1292.647271 712.256760
1401.167870 714.269062
1511.740863 716.446607
1624.495289 718.628901
1739.550460 720.736335
1857.076037 723.127627
