-1.94164911527009 -1.84445835403382 0.01056122600849 
-2.08534110174516 -2.21115111695974 0.69234149633225 
-2.10033106465724 -2.20380327929364 -0.66936815003734 
1.96807439075332 1.88579504153946 -0.01372707521859 
2.08326546185587 2.13472368843265 -0.45743640891062 
-2.09509888457291 -2.09537816629796 -0.20862757012366 
-2.02220499486627 -2.20367809924630 -0.88617311260219 
2.00494712011557 2.01132060679319 0.41320085319527 
1.89825780762196 1.75001917796109 -0.01254194858642 
-2.12844756808501 -2.15141180832148 -0.32539982504610 
-2.01771612146386 -2.14928231252737 -0.76099262222537 
2.13309731717681 2.13239200655740 -0.01380630238378 
1.92856854338327 1.81906514376649 -0.11404869680675 
-1.87533772489574 -1.70842949568209 0.01000846459914 
-1.96993980841924 -1.97717424633694 0.43227742327605 
2.03235942467253 2.24697959713061 -0.91802588895537 
2.03002519548658 2.19420971940252 -0.79291093751599 
-2.08981237744941 -2.09803945468577 0.22956639582807 
-1.90736758063380 -1.77610860600879 -0.09041578854825 
-2.05593025275363 -2.03670686276386 0.11813397846903 
