-30.53991693015492 -13.93654519951000 79.37121388733289
-25.08670010047034 -31.45787791797457 93.09121330527761
-10.23633845755312 -13.84074654493663 63.75394080437770
-14.13125952086874 -31.26840994013953 78.04438920344879
-24.72409781267071 -34.82201605446681 85.86080994681764
-22.11761818962931 -14.44799572863169 69.35229738887747
-36.03394966075360 -10.20719921750692 61.88725503651592
-38.81517140917752 -23.59940741077507 68.51627816014951
-43.14758448829406 -32.83806534100913 79.71663105517902
-49.48778492930276 -27.15291211325729 63.47603307470895
-41.18063110554856 -20.29884393959133 57.14863962238122
-47.75247185052229 -19.20208528633050 69.19261036116862
-44.17972701121893 -25.49384272739856 74.18523083603057
-3.82406474154041 -10.01842381820095 84.01393715716748
-0.62612225976722 -23.37313789119258 90.61970780014565
5.12902106537571 -32.00742822077390 101.38540895984985
8.45792771139265 -24.60907144776523 96.60303809861172
5.93269009103595 -15.53895836358108 81.79426308879223
0.81065669533386 -21.50835132770967 77.38381182055700
4.79560861136236 -31.73402205120635 78.62325307061714
