152.238200 292.475050
192.915256 220.042260
400.000000 200.000000
498.011882 101.885288
519.448258 99.064430
787.209017 214.221512
852.195138 227.169263
179.684266 375.471052
300.000000 300.000000
486.962246 149.177631
542.248884 172.881353
597.701972 191.733491
762.558651 296.943031
817.724648 335.553069
207.352993 444.424228
451.746569 234.774021
494.740748 275.200932
526.418991 313.637782
609.557651 302.821579
723.205251 365.619266
781.501012 384.879395
260.710525 493.519792
288.055357 451.754498
492.088514 397.010967
564.302826 394.219110
631.815802 402.725192
701.507579 440.923747
786.337732 501.760568
254.979017 482.161908
344.466929 527.223692
530.505949 525.531674
596.894444 497.107044
677.996112 490.578328
717.269759 505.532998
786.408831 510.336851
297.652605 543.832898
407.870081 584.896968
559.906629 630.153386
634.370840 517.929689
708.095926 531.926784
759.495670 542.140678
800.444312 560.312237
345.249322 608.948099
440.528423 627.819679
545.325066 603.906444
636.452846 594.288757
698.009641 614.328113
733.823691 654.858626
791.934965 615.914123
