200.000000 200.000000
895.539503 330.459652
936.609185 287.444879
995.800411 240.239890
1099.894974 183.430322
1136.306694 165.434985
1246.560244 499.618493
794.758346 481.472659
812.872116 422.181233
878.211769 339.902863
949.444750 340.636644
1088.503113 265.424410
1143.844216 267.210754
1208.187620 282.630839
788.874946 500.269271
842.969197 485.957133
842.781901 446.854320
941.646684 464.849888
1080.505892 384.528903
1204.508046 354.613026
1291.473678 367.544558
812.732835 613.744900
813.103193 554.165581
815.819990 547.566095
900.786506 548.296388
600.000000 500.000000
1154.160767 481.638971
1249.996680 479.221431
801.910410 690.813987
778.087816 603.662204
888.678147 642.398499
898.845719 640.485554
1020.181640 638.481545
1103.742065 665.831533
1121.916000 728.337721
795.838367 761.352607
820.219856 806.992869
855.372179 722.090637
930.319504 711.934592
1029.262461 688.177920
1120.455043 658.987580
1037.687843 797.581837
793.761127 836.538006
813.405317 862.874849
811.877929 810.158354
848.954964 760.078186
912.756099 806.869174
700.000000 800.000000
993.758380 875.330346
