860.026785 513.280592
890.470006 480.541230
934.781168 442.095453
985.575146 427.213933
1003.129865 382.218804
1026.563140 347.932582
1062.649078 337.556429
843.730481 614.170922
300.000000 300.000000
969.146761 558.216888
1000.302420 542.392752
1027.754774 498.203406
1065.201060 462.133615
1116.388908 376.342833
806.718832 722.046209
905.570080 648.783588
960.655439 637.503130
1013.766015 632.283054
1017.800646 557.668370
1073.571597 504.674235
1146.898840 417.756785
774.630242 501.263408
803.248184 528.160397
902.491755 725.290332
500.000000 500.000000
1095.961533 698.888756
1074.589026 535.993815
1143.276820 494.434503
766.038291 616.255620
814.255943 605.117414
867.283387 606.301052
500.000000 600.000000
1092.849694 768.141176
1107.589936 582.411117
1128.768255 558.300310
776.653780 780.340245
777.832590 723.549652
856.183531 708.003713
962.232735 636.881023
1026.869746 680.994489
700.000000 700.000000
1104.535691 601.196422
819.804228 784.628731
879.391857 771.692108
927.575839 728.512636
975.112696 724.853380
1036.223731 713.427144
1056.504291 681.002666
1086.883978 655.181099
