755.682859 354.471646
822.369720 338.834757
400.000000 200.000000
986.737824 287.410932
966.348680 199.373890
1030.579018 221.860134
1119.371917 214.241380
846.858666 446.757565
864.474529 406.651067
916.514662 373.431867
997.751200 350.349745
1047.429531 321.655096
1062.824451 307.082153
1130.172960 287.334784
826.630098 507.605756
894.485379 441.654094
942.605078 415.427104
1022.262448 395.920650
1063.325784 362.042662
1103.558737 349.100419
1152.534046 339.022980
863.009630 576.323235
897.152618 508.644208
957.559447 479.188756
1042.910264 408.356884
1114.754661 417.369925
1168.637938 448.360486
1197.695235 405.116769
867.786810 630.136357
901.447859 544.614074
1018.671205 539.699352
1081.386854 512.821753
1165.153739 512.524421
1197.382580 523.485267
1257.227848 450.457526
836.425259 617.182333
909.412702 597.752429
1045.900183 646.037119
1117.397901 534.312445
1186.155871 561.839734
1225.329894 535.508209
1264.379105 511.864032
847.474729 678.532411
934.167222 640.589266
1031.802565 619.126777
1119.557385 612.358489
1178.336163 634.734822
1245.519620 616.647779
1276.302726 608.332146
