1015.441832 459.083496
1062.354349 455.199173
1120.686009 421.857488
1196.690227 388.587255
1285.918534 340.063166
1317.718316 319.046882
1360.898233 339.127937
1009.842932 536.318620
1063.239443 554.677188
1130.220274 503.902666
1205.945864 473.676740
1276.341969 439.124615
1277.148157 412.833829
1315.061626 458.301861
979.519911 571.017292
1055.353620 603.926089
1107.513285 549.891758
1227.217723 557.347722
1155.813081 484.031868
1217.844243 492.606173
1273.439677 511.863529
993.446675 621.307365
900.163436 639.690005
986.774780 535.895313
1061.165823 525.327960
1125.298875 533.630317
1189.772448 571.978150
1260.317739 607.997147
1017.223205 669.657998
921.616004 708.502562
1020.353851 658.915875
1084.253208 630.633927
1141.908515 612.230424
1198.524517 638.346778
1262.944507 682.456295
1038.721974 734.402508
1113.717703 744.533879
1040.531657 761.069481
1118.104301 719.568883
1167.279158 664.574387
1244.687861 667.847193
1300.353338 668.266627
1060.099962 800.380555
1156.911701 790.201691
1239.059655 789.262463
1360.292266 751.736437
1204.425422 731.896030
1287.552794 710.439432
1356.442490 730.511542
