936.662137 323.752664
989.976955 341.534696
1074.471331 313.785413
1170.358875 301.819540
1297.829071 317.208692
1328.111944 356.820753
1367.569227 322.563975
962.507011 405.354173
1044.292459 389.331163
1095.709076 360.716769
1175.983303 347.748630
1311.053341 414.010131
1355.039252 400.912417
1393.652685 400.917849
1005.396394 467.159556
1034.157823 400.776485
1112.090444 383.309411
1194.717622 401.746499
1302.851354 479.155506
1352.399472 459.676094
1394.656957 469.391730
1009.034320 569.860821
1048.790028 463.516187
1121.615486 467.283699
1202.350801 490.805454
1287.865304 498.961920
1340.539942 529.568748
1380.539483 565.854353
983.959846 603.914060
1065.582936 560.421759
1142.960120 548.239501
1238.296133 531.735694
1272.759955 611.654389
1292.003038 625.432347
1270.748633 676.682083
200.000000 700.000000
898.540497 537.227502
954.500839 609.074547
995.119388 616.164941
1069.931882 655.546738
1223.975648 723.147600
1216.031021 759.741934
200.000000 800.000000
873.638588 612.694334
940.725416 639.813807
980.067035 669.307354
1081.109879 770.405351
1182.515483 796.448556
1200.936116 825.644010
