805.584234 46.037650
888.063175 30.754596
941.907251 57.160820
985.515316 41.824209
1048.827420 31.109411
1004.858870 108.318887
1034.039472 178.442535
680.465957 159.939446
742.217044 107.220083
919.685175 141.846338
990.334701 166.211407
963.261444 128.676487
993.300881 160.863737
999.584511 223.967753
721.989400 212.385775
300.000000 400.000000
902.476769 236.317775
975.023072 271.932419
865.318684 196.173136
946.156358 228.035738
959.698149 287.197896
762.953690 297.499571
791.328486 306.178463
810.396312 334.994485
740.486173 266.956334
846.240970 275.602109
922.623259 269.371305
934.483913 364.221488
690.372893 438.852457
747.493883 392.890648
757.749822 380.960476
744.405158 345.795759
844.856441 343.365784
911.008548 370.126115
906.187535 402.771881
637.900294 292.793115
729.520634 459.789719
742.918525 441.302374
776.228470 425.596307
832.969086 406.967861
900.778517 417.899717
800.000000 700.000000
622.098870 328.675443
667.209919 426.148644
735.634097 485.631973
765.431102 474.249084
844.093176 468.888904
910.719798 439.229856
1007.158904 438.829313
