813.884175 349.039936
852.465855 322.147900
400.000000 200.000000
932.902273 312.395851
1041.765940 343.593655
1179.219339 457.694219
1268.048755 470.406967
796.281623 409.363530
848.099496 372.156525
858.134369 394.489343
927.396333 392.769288
1020.945046 464.576040
1148.490155 511.391671
922.649194 247.500741
766.590663 405.790509
790.352162 443.725642
837.141104 496.279189
844.662477 351.347724
876.561301 335.458967
911.566825 321.282427
952.058320 312.489693
765.871002 472.341590
797.979247 491.198685
812.210958 600.351459
898.134648 599.750270
891.841302 373.608419
937.515644 357.308593
981.392815 351.074423
900.056831 523.901326
832.896402 553.394182
859.339641 539.640961
904.707159 545.663373
933.348174 439.682188
965.838660 412.302436
1012.181709 405.190519
785.968256 540.502293
854.706178 600.344481
881.258609 601.570551
941.728714 612.755733
961.175197 492.803017
1013.086221 474.716788
1073.320932 431.627226
805.338476 619.794353
867.775475 668.752332
883.705401 652.547953
935.697878 635.738394
1012.528574 592.407933
1041.888127 524.514135
1106.642946 513.583209
