617.703230 407.773789
680.726214 440.132438
735.853356 496.147106
772.971441 435.752433
850.716416 417.959870
906.184817 392.775668
928.581073 404.848384
585.380986 428.518697
624.166929 435.172426
703.823401 480.796192
758.383296 531.850743
842.893938 483.599728
921.721704 477.399590
800.000000 300.000000
200.000000 400.000000
579.794430 471.870887
623.372238 521.477199
768.714896 585.859084
835.261941 557.428926
922.329573 527.562878
979.652866 489.057704
519.295533 498.899970
558.743006 547.519954
581.544548 595.714089
614.978811 540.688835
600.000000 500.000000
939.255692 563.301600
984.626768 534.871960
475.800451 692.408769
509.343294 718.906257
571.341685 655.015639
617.732029 650.110837
700.808399 646.740851
957.580132 618.018809
983.368747 597.453928
434.607975 727.177702
452.434719 761.114539
570.834110 722.240283
614.722126 726.014212
656.350314 707.256805
706.960388 607.262502
755.593011 531.648835
421.405162 777.396986
509.414071 797.913408
569.989558 791.737481
608.341875 800.395970
635.840228 843.215552
729.063002 683.370979
782.435948 615.609764
