753.014397 154.219426
793.433493 164.418043
852.928557 131.881417
907.026421 193.437453
600.000000 200.000000
969.351020 221.789262
1012.478955 251.398204
815.191792 216.219494
833.343182 194.027589
880.145058 172.282884
961.809451 174.570662
1002.586795 166.727168
1024.152326 155.557671
800.000000 300.000000
835.156746 259.810458
872.077136 250.678488
945.029591 249.726422
1014.063910 234.210088
1010.987406 215.215834
1080.978132 204.157083
1159.365755 176.149565
888.540207 186.548028
945.986382 239.521046
903.427702 268.465036
1048.918794 218.285754
1138.533166 230.282828
1216.945236 194.533475
1219.522844 202.915141
848.964801 268.134271
930.938820 320.935366
976.998243 326.393703
1061.149466 302.500319
1160.505024 292.461518
1199.128926 266.491601
1269.941257 218.626559
818.687295 340.984505
886.438292 347.684940
995.640876 343.202639
1073.441392 360.754549
1136.119247 366.422589
1216.204663 350.426422
1284.602704 289.848336
769.854197 386.153893
854.149689 392.616275
969.444123 400.779612
1052.295047 402.464894
1128.945698 423.513075
1168.319238 438.882558
1233.403173 380.375408
