809.707698 448.256586
841.036104 418.129524
887.444099 365.844126
500.000000 200.000000
1028.848173 431.728885
1073.301901 389.314908
1124.613385 382.451422
847.758942 508.456999
856.103257 461.452099
909.790204 434.509968
999.162750 432.953212
959.719660 442.992133
1065.179742 446.153039
1155.095367 418.838867
828.938932 563.665729
886.027525 521.408875
942.707058 507.517069
954.179049 458.968048
1119.587023 405.592626
1097.841214 542.315345
1176.889254 475.134278
200.000000 500.000000
899.739826 575.488244
979.070860 466.718965
1039.764676 469.793997
1111.297022 477.297372
1150.932129 498.367272
1203.910397 529.082019
798.160046 630.835858
927.239875 643.954726
1023.947572 595.867382
1085.961368 566.220108
1143.624322 550.939033
1202.208579 577.644393
1267.608491 558.829502
1053.404306 772.009750
1061.461156 743.913620
1058.779498 700.634540
1130.549430 656.758571
1174.424423 632.342025
1195.825584 615.375633
1217.041286 603.340247
1066.935800 793.810433
1005.337715 742.770837
1083.022780 765.341733
1172.889694 757.259334
1191.481811 758.936661
1236.356335 699.598550
1260.437206 687.925056
