461.521355 548.956104
488.537504 533.417214
544.434089 508.730741
599.415217 488.687202
629.816973 443.613794
713.322155 421.230996
800.000000 200.000000
436.758681 587.366307
515.082919 570.573972
582.888990 565.734619
598.986591 563.483268
652.113511 549.543867
927.370951 498.916816
775.890815 513.832358
604.139582 513.392428
529.535453 644.316297
593.737382 606.536074
715.978379 567.153269
840.437293 626.883062
907.686796 609.046113
969.897516 569.593516
636.152936 583.324529
300.000000 500.000000
614.986048 724.359599
724.856458 726.579674
823.064983 719.217537
700.000000 500.000000
800.000000 500.000000
714.140370 616.698552
752.542556 671.817994
751.907782 722.238440
803.479221 721.632037
864.690340 666.652001
940.982112 687.881764
800.000000 600.000000
710.531475 708.822887
736.793014 754.313194
762.163683 741.271734
836.369668 738.741170
600.000000 700.000000
1014.156997 729.641684
1081.497410 733.089288
710.828540 768.310331
300.000000 800.000000
768.409450 764.910870
827.615733 739.647603
600.000000 800.000000
1018.110042 771.569961
1074.382020 770.217808
