200.000000 200.000000
300.000000 200.000000
656.977146 197.111857
720.364485 186.252710
600.000000 200.000000
889.749889 157.034278
921.284884 172.962662
200.000000 300.000000
300.000000 300.000000
400.000000 300.000000
739.822381 241.709408
825.750661 226.398581
895.694154 180.523982
999.409941 157.945503
701.574570 147.931688
622.552787 215.596025
695.085036 290.140654
743.357121 311.309257
864.857397 183.223263
914.695363 205.922251
993.573650 202.084105
742.953707 208.679028
762.473969 200.984376
683.676663 351.558908
731.077835 383.240251
869.379219 254.832692
948.085039 226.334644
997.539321 240.525127
200.000000 600.000000
789.570436 243.593246
850.890206 288.173796
958.351819 151.153840
911.845207 289.045249
944.810947 281.691360
996.981428 273.536031
820.663079 217.659822
870.257126 182.675641
887.246863 219.939554
940.687926 250.430728
927.415952 345.982201
700.000000 700.000000
1030.780336 318.349100
817.777031 220.164423
855.083393 246.702496
936.288631 300.060750
1029.880909 334.069527
1015.939204 372.473464
1015.350994 386.292994
1079.608042 371.416533
