909.152350 596.715201
950.049937 608.921166
1025.977927 614.250904
1027.323059 647.546262
1075.810633 687.199769
1129.567770 757.423639
800.000000 200.000000
904.025421 651.187283
951.009388 664.853598
999.405132 617.836282
1013.258861 683.793123
1066.163939 734.467385
1093.127548 814.201807
1152.444527 871.790395
895.992262 714.823624
300.000000 400.000000
1004.861911 722.148205
1058.622000 748.311157
1120.796480 788.021964
1092.930750 702.893337
1095.299415 910.838692
881.689863 749.688561
938.713284 758.886085
975.680692 769.022195
919.299042 686.117268
990.711841 737.235130
700.000000 500.000000
1031.869672 961.088057
899.500083 800.711930
898.381393 807.986952
960.621147 838.098495
919.346115 784.396213
992.126185 794.806142
975.631186 848.473405
998.592972 996.044266
854.748286 846.503508
888.203258 879.737613
909.004200 859.312764
951.514899 876.250925
926.465201 859.246215
1064.492377 884.781369
1090.823089 905.996728
743.459177 897.275472
830.836023 943.158710
896.085291 957.565564
973.522527 973.363057
1007.258759 976.228778
1031.440843 967.150915
1098.749343 970.918544
