754.650137 49.738527
799.470287 64.720758
854.820461 84.243168
906.643838 129.560341
961.392811 184.520061
1031.528070 143.406336
1071.208167 109.984823
750.034580 178.342718
829.365410 152.438490
847.045823 222.241763
915.206464 224.446479
944.798788 238.120833
1107.601230 209.150128
1131.915809 164.114302
796.761342 258.891185
746.931653 331.520073
826.009565 317.803672
920.910315 343.504235
1001.722915 396.231171
1099.007413 485.738004
1172.781017 546.783792
838.640195 316.156594
945.631809 278.092685
801.610302 416.487603
885.834286 420.805597
994.628764 395.814861
1076.688572 600.267185
1161.836030 674.612509
868.068222 359.209029
944.544981 341.921320
1050.569479 271.874931
892.573081 512.419120
1148.149090 179.870074
1046.123385 749.049979
1195.627760 100.573020
200.000000 700.000000
1002.094273 370.142548
1083.983039 303.743565
1152.728064 248.661242
1166.113000 203.951261
1182.052542 157.251860
1205.625922 120.398743
950.307372 446.177378
1042.989155 419.336153
400.000000 800.000000
1172.502084 266.453997
1147.758826 230.673139
1186.645837 190.496999
1212.775340 127.470618
