1194.219305 502.814784
300.000000 200.000000
1270.937022 376.818612
1336.604144 277.699673
1540.816853 417.200458
1568.166477 380.162117
1604.897615 343.424376
1221.323471 572.909980
1246.544066 553.222773
1363.645179 417.312181
1399.982163 370.792132
1570.922132 474.532494
1629.079320 442.043520
1807.066889 574.713697
1243.247762 642.640871
1281.148062 619.651918
1364.756736 461.774708
1415.022518 439.519405
1573.203737 522.258601
1660.906546 581.858454
1776.822084 613.109433
1229.818119 648.937024
1304.502861 654.971497
1430.844846 561.618081
1470.650406 558.907883
1542.204863 572.047900
1647.792537 609.210604
1759.149837 599.390829
1214.818298 640.811846
1324.516241 730.544048
1428.237436 690.243190
1463.741364 658.837583
1569.512965 652.228473
1686.905243 668.569598
1833.744649 664.144090
1194.152865 735.435428
1303.890686 732.205151
400.000000 700.000000
1537.283955 777.718681
1666.659463 726.566472
1758.149531 724.351266
1855.766040 710.203680
1140.226369 795.616913
300.000000 800.000000
1470.000465 865.573855
1534.810993 827.275679
1657.807771 794.202463
1782.454381 780.985526
1857.824425 758.577889
