896.074035 662.346526
955.175058 659.275338
974.041545 650.184329
1044.003560 654.209099
1090.198637 638.293458
1142.844584 580.263942
800.000000 200.000000
921.639002 752.931173
981.940169 807.497742
1047.830802 840.354786
1044.726217 746.350706
1105.821624 705.609840
1159.324259 653.739907
1168.433317 587.473574
947.470727 826.900195
969.166347 845.718436
1043.029269 854.860178
1027.192022 823.260174
1113.488398 766.502270
700.000000 400.000000
1159.573183 657.611032
960.726310 927.742583
977.585046 897.847759
914.521786 916.158008
1015.145976 907.869773
1120.408600 786.529612
1156.004167 751.244270
1132.040164 621.164226
952.995449 961.838880
977.934532 949.792466
1026.369270 986.134866
1065.216975 878.017579
1126.974274 854.703046
1034.894410 640.389183
1123.932214 661.866424
939.213357 998.141264
1025.795205 1019.164320
1076.742567 974.796051
1112.807196 931.625036
600.000000 700.000000
987.259267 704.743066
1093.427510 696.712574
768.994194 687.784968
831.317085 727.741359
1096.092571 1014.162656
1131.710805 987.988948
945.756329 756.056740
1006.485467 787.983892
1059.958418 778.784348
