200.000000 200.000000
1238.985568 388.364455
1309.736609 390.410080
1369.288154 357.849801
1503.680382 253.807119
1651.634055 291.096888
1725.920001 360.131899
1210.162887 481.073527
1276.599252 447.322970
1326.420863 423.367381
1463.175220 352.612601
1543.729949 369.251151
1646.202890 402.499165
1736.772775 411.195988
1240.366800 535.543502
1293.982037 495.466999
1352.275919 456.626879
1476.797337 409.158077
1560.133653 418.141294
1660.331387 444.873511
1741.835311 450.159737
1271.249010 568.047546
1302.968942 546.308026
400.000000 500.000000
1455.342255 453.001285
1532.927412 463.119085
1589.961407 403.888828
1709.699324 532.873480
1317.730020 617.010089
1325.149715 611.911858
1426.957299 573.030464
1494.450982 550.938249
1559.923696 536.213719
1591.420012 505.157115
1607.524746 539.708266
1353.589691 747.793268
1433.463919 735.657289
1453.767370 676.968389
1523.367516 644.778002
1583.821088 625.236350
1614.095985 604.857291
1648.800287 590.742555
1343.297115 804.600059
1426.473639 794.967403
1478.396163 748.867647
1540.676038 703.958919
1616.710789 631.825458
1646.449628 690.907789
1673.410894 688.711927
