639.444961 636.633252
705.463763 599.611874
808.856601 571.794685
917.201263 526.139557
1068.259165 427.636010
1136.846432 376.989879
1184.044033 359.255303
638.188969 732.159228
663.379041 669.799205
811.529202 607.215206
953.012637 547.269471
1095.206579 497.637975
1139.985855 433.152410
1172.476126 408.124423
664.696147 769.667311
751.181135 725.248370
845.378608 681.767660
1074.288027 518.160149
1155.516909 531.544218
1148.589464 485.003565
1189.400109 479.037668
673.278467 885.063129
750.306321 841.380234
1013.947792 620.537142
1056.065543 574.181071
1128.752351 581.205769
1165.813469 578.397418
1212.530964 570.255304
692.364342 973.368665
761.976415 931.771946
1032.880815 715.433265
1094.761156 680.809959
1154.490418 658.931599
1164.878497 660.618271
1224.834438 629.485843
927.750218 991.246700
989.347786 909.020165
1059.073831 818.905740
1130.500019 780.196854
1180.111605 745.226605
1202.597594 727.359088
1214.256818 714.819119
998.857512 1009.414422
1042.518535 962.395120
1099.930057 908.466686
1165.245333 876.608708
1193.354868 850.711287
700.000000 800.000000
1259.546213 801.276657
