718.961242 324.804580
767.728245 307.195116
838.859302 379.559103
754.970383 330.903405
831.952582 374.114168
860.250769 422.336510
945.087502 444.584010
695.586051 400.489213
743.431209 413.718151
787.360690 442.266422
702.899491 377.293641
769.941380 426.628779
826.425444 458.484454
863.068559 497.308530
647.939031 472.141342
677.745259 503.205998
714.168202 455.769174
567.329166 360.745543
659.380180 430.586892
768.882923 528.389898
827.588639 533.264568
599.544211 576.075439
632.669212 585.867825
642.264345 625.735780
580.787487 505.191593
640.850740 510.336613
709.272538 546.747225
796.689278 588.906773
200.000000 600.000000
565.936831 705.109266
534.291770 637.593395
616.672621 679.055743
679.288768 635.528643
720.451468 611.668981
786.569865 631.370479
491.334826 740.547060
476.529263 805.561601
560.126331 738.654537
655.283121 705.666204
711.318963 682.612146
744.334397 626.552604
773.377568 569.836854
451.960533 811.157755
524.526119 798.682141
581.795747 798.004043
640.096758 752.268803
747.892043 730.508056
764.185800 669.694151
802.150371 625.574331
