200.000000 200.000000
1137.308949 480.429801
1176.310925 444.670576
1280.161194 440.124476
1327.257683 408.819386
1581.065940 399.943519
1653.610310 436.924796
1114.512517 561.659022
1168.527784 543.935110
1218.284127 516.343358
1296.937085 493.078458
1367.240944 445.127230
1575.216711 482.262399
1620.751945 517.804996
1130.543378 627.900904
1181.369259 594.673428
1240.496559 555.738739
1304.343658 539.109193
1455.290848 518.877440
1555.093262 574.526569
1649.677032 612.058871
1170.961863 677.173860
1185.717847 647.538543
1210.895286 611.621424
1342.863697 554.555955
1420.782901 567.920380
1526.565085 607.548183
1540.759847 602.044562
1168.037308 895.506048
1201.399351 714.574197
1302.004860 680.114379
1367.706046 656.149455
1438.500244 645.532707
1475.071684 619.915291
1502.297549 661.073334
1210.956064 927.841822
1237.926473 850.681007
1297.155337 804.147036
1401.591044 755.129067
1373.146302 804.906831
1484.539515 721.511898
1477.653313 712.446973
1235.868619 950.914633
1283.462641 917.567271
1348.897452 879.873733
500.000000 800.000000
1423.031112 848.725045
1507.632572 813.248902
1543.253511 801.936345
