1089.842346 184.833052
300.000000 200.000000
1225.732842 238.390011
1323.467499 267.073816
600.000000 200.000000
1468.588747 320.671454
1488.476521 353.530497
1076.024178 199.925857
1097.184104 250.014875
1145.164231 257.644154
1266.093387 291.159011
1381.437382 360.832711
1485.215333 374.864361
1486.684599 378.417432
1002.183966 270.365476
1071.470164 281.932174
1112.217174 273.900810
1173.109628 298.283278
1009.969536 300.971801
1486.953116 417.740045
1492.369174 392.618621
965.464380 297.912367
950.205200 376.166432
993.519076 354.811932
1043.333213 330.744171
1062.410304 357.042094
1130.280978 314.118755
1213.165601 281.048391
865.792272 363.124711
895.387333 397.644118
967.862125 407.995826
1063.559618 406.604987
1127.733972 471.213165
1144.702709 396.917337
1217.645893 366.074884
886.534420 386.829776
942.586547 421.720984
986.031356 456.320014
1036.661632 545.589500
1072.079329 608.075427
1214.658845 492.448942
1287.165976 444.634563
838.994011 435.753837
866.036547 475.355973
930.565843 514.900343
966.860612 554.183782
1195.751562 555.336012
1265.350748 522.079182
1309.931715 520.762030
