1040.863182 186.066566
1079.201810 183.992799
1132.187178 205.025180
1205.160434 208.914885
1344.989475 153.608953
1356.738901 224.367163
1370.452804 327.812298
1120.213891 267.263902
1198.820732 187.123186
1134.333610 250.882872
1209.209857 247.650737
1315.142923 250.296598
700.000000 300.000000
1347.494668 422.703788
1138.789617 332.041772
1193.333474 260.780749
1170.970737 292.989640
1234.836241 292.047068
1291.490484 317.890550
700.000000 400.000000
1385.104828 375.673992
1136.215513 399.014859
1200.576499 352.603437
1207.847502 367.552469
1301.659859 360.694509
1416.460643 368.541288
1300.540668 435.970159
1384.552053 467.968794
1155.745588 495.337344
1213.432597 458.238277
400.000000 600.000000
1275.047625 441.957043
1385.930705 458.007664
1429.152817 443.402917
1296.551135 603.967849
1228.100634 519.654337
1282.540908 507.792926
1314.835092 505.417703
1342.729634 488.413314
1416.120273 480.881871
1411.667014 444.209099
1438.922234 421.089617
1307.678758 599.898924
1328.968342 558.833034
1344.889568 552.731802
1391.341750 541.977365
1430.743887 527.342805
1452.648791 494.364194
800.000000 800.000000
