641.890027 523.767788
725.777681 485.466212
792.081753 499.878130
801.834478 335.462834
858.314343 412.526389
944.423657 435.371872
1044.791798 467.168938
573.417223 592.531385
688.640611 554.620461
797.255253 568.827047
753.787305 389.394556
824.925907 430.337678
917.639960 479.126066
1022.469129 498.904346
601.198622 611.772745
660.395396 615.690650
706.789561 658.284292
740.744252 725.964437
785.103413 469.346621
924.068348 589.294294
1016.874845 577.090248
593.878345 665.964194
672.364267 667.855700
672.595491 771.408854
825.936115 581.203224
901.876703 592.611593
957.698772 625.467120
1015.045397 632.418825
615.056919 691.611713
677.074201 708.159625
785.472757 712.448985
853.540043 689.061331
920.534808 674.408704
979.945432 707.525245
990.128642 605.461611
554.448497 754.286917
652.452183 757.866364
801.952933 822.257126
884.221792 785.821616
936.316806 767.522050
963.911845 748.353185
1001.727205 733.611444
538.549114 816.104319
661.867917 805.407215
828.456603 994.345261
896.060228 937.520693
940.695700 874.512789
978.565994 847.538342
978.609691 848.625269
