706.762683 273.835785
721.219755 292.716622
762.331523 311.640066
762.728221 369.208080
897.058531 237.251193
959.755695 217.446415
1043.694918 205.632489
692.999583 334.737028
674.312734 377.956234
752.556301 374.735945
823.254495 343.997857
903.562195 300.391961
936.637937 286.404855
1089.195013 455.370216
638.706162 541.253523
689.643772 439.369362
751.842243 443.259932
811.541803 422.089011
921.097100 485.549591
991.245755 496.117304
1056.957309 518.912520
587.106089 641.292308
666.882400 615.614425
755.072917 590.515471
813.056601 525.133370
889.476129 536.839144
948.945626 579.542493
1042.300300 622.069070
553.923304 696.704123
655.292871 678.896188
780.884757 654.812994
843.217262 628.069007
935.886820 636.238077
970.565822 648.996528
1049.363493 692.667676
654.298179 840.795698
734.890359 822.534219
802.884446 758.696439
868.665702 727.935782
932.243035 667.479291
1014.452996 691.810679
1052.425390 717.580168
514.869605 901.835259
820.628090 894.312046
826.239351 850.348122
904.233736 803.101472
998.995134 730.880695
918.873395 849.982894
998.901041 888.856460
