1252.380700 177.690496
1319.749944 165.459278
1433.738732 149.953501
1533.963079 162.966137
1639.545111 176.702263
1691.370073 175.270049
1766.442240 186.790503
1344.084240 185.186098
1427.900335 171.721420
1479.771547 158.761670
1536.173486 175.983553
1602.748951 212.790207
1679.811589 211.898983
1751.770105 224.086196
1331.576273 236.490044
1410.680680 208.596540
1543.021516 165.632893
1606.992247 186.570027
1547.676803 169.238825
1679.171351 152.881113
1806.689415 161.609527
1329.615946 280.777465
1380.253117 267.098180
1424.857864 247.684815
1473.906717 223.801337
1572.814610 232.149578
1711.689161 227.041106
1663.331753 288.028724
1244.139857 287.503640
1305.987603 272.002482
1400.709195 297.547323
1494.383313 296.175701
1563.836322 314.155651
1649.900522 311.843468
1660.761222 348.957290
1222.253388 351.110942
1264.426776 292.556384
1322.158923 325.845997
1481.639875 358.996071
1540.530818 412.973079
1614.401431 410.820682
1672.654003 390.956268
1316.977358 643.301518
1237.801499 299.847155
1413.962038 426.633198
1462.528778 438.260178
1526.825114 481.108114
1591.601467 489.013133
1672.816284 487.763015
