200.000000 200.000000
992.953419 723.931835
1067.872092 650.945043
1193.148641 699.444739
1295.130587 658.911353
1100.820581 722.429624
1142.102180 740.926048
902.986893 846.876657
998.763648 795.199632
1098.458408 774.029266
1195.216460 747.266993
1268.105413 718.680708
1087.121653 741.354258
1150.286642 797.392100
908.430733 908.358027
958.850502 861.862759
1063.244716 796.486237
1185.155973 815.234260
600.000000 400.000000
1082.695750 831.582629
1136.726964 841.957141
988.124835 817.979733
952.352619 966.604668
1077.750674 917.616455
1180.920621 901.586866
1275.285527 883.334350
1108.477797 875.855511
1141.522815 886.788613
945.962650 884.763986
1039.789634 956.565421
1132.111744 971.451712
1204.684669 978.228255
1273.038835 965.615769
1152.077757 1019.676250
1123.080174 963.743311
922.290818 947.402238
1015.676070 989.862966
1093.706321 1007.628197
1130.001006 1037.513746
1163.347166 1046.288046
1173.357610 1026.203381
1184.857512 993.490706
950.337157 994.235263
1102.659104 1017.960842
1142.985887 1024.314386
1164.097814 1059.098259
1178.501614 1058.575618
1201.985453 1043.327563
1197.568598 1030.201357
