591.799132 302.720443
680.909454 273.578391
723.817061 243.392100
802.419862 215.048230
831.619261 170.498967
869.756785 145.184882
800.000000 200.000000
600.234249 422.003756
628.419808 419.243402
760.904355 336.455960
707.182470 170.885625
778.210975 144.498001
938.501152 350.837077
975.793743 333.120824
642.040350 424.541971
679.406401 463.185556
707.983635 304.237581
761.327977 283.420769
964.862390 551.321838
989.648792 460.319922
1031.993371 420.806077
598.802917 522.378990
675.288842 495.985168
784.902109 409.519015
815.414455 406.838584
892.002270 416.270313
948.523118 447.077699
1074.799039 478.461833
571.216634 575.254400
668.590801 556.687274
790.280543 531.852159
850.194416 505.411920
941.966786 511.920567
976.731036 523.798714
1089.418994 541.462648
754.638243 622.128650
817.189506 604.211967
817.326039 629.073632
893.754929 597.119729
961.851257 559.159076
1029.727887 596.918677
1116.762986 634.226668
737.028365 688.061020
788.645692 674.276286
838.790356 686.526896
894.658515 652.864953
995.205074 606.371875
1056.651732 679.934858
1113.535471 708.551550
