200.000000 200.000000
664.950841 18.051609
508.664881 164.676464
537.850727 263.797098
625.953420 213.248795
732.295426 207.360686
834.858352 134.551788
514.300424 33.422227
612.022157 95.200802
546.993412 231.869172
500.000000 300.000000
627.803313 276.404052
743.788694 313.339163
821.028209 302.843304
518.909306 48.915962
523.790178 118.806507
527.584075 344.475962
624.890901 328.147215
646.241489 359.943288
747.486638 414.365000
804.667957 410.978822
200.000000 500.000000
529.642405 250.731845
583.099200 337.524910
628.056249 417.673749
670.895334 459.799641
746.592611 481.915110
804.207010 509.118156
200.000000 600.000000
548.021958 663.928116
564.903560 419.421932
627.139268 496.854669
676.376879 541.118895
741.735478 575.303285
799.465582 597.459826
535.733056 776.526832
571.066798 726.912630
593.816371 524.629267
636.989289 578.272138
727.556495 616.948381
734.697643 645.253678
804.830498 671.116289
563.234970 830.316281
585.154396 789.765147
636.651549 733.073347
671.479859 701.825809
729.614489 675.022457
701.721941 703.240236
814.525154 730.455628
