678.093183 374.885874
714.139985 416.362957
762.184169 416.584898
817.361673 395.144794
912.492281 361.209859
1006.195624 293.421387
1073.053698 247.039856
650.807855 436.352027
709.369653 471.334718
739.036530 497.619071
817.605805 464.180548
975.700334 453.754785
1021.210680 388.185614
1091.359942 353.885764
645.583669 649.966732
697.925550 519.963846
732.702069 572.493443
810.079048 539.964757
879.413272 508.632827
1073.564191 516.892363
1110.707820 477.011729
603.040228 740.562143
679.202553 718.607908
680.097428 657.527816
824.891904 637.122505
893.765669 649.942802
949.685576 680.169180
1008.890336 691.985830
604.148063 815.360631
672.597020 775.130864
793.011643 755.674088
883.568650 723.115021
943.355215 741.392604
977.669698 753.267879
1059.515181 857.621534
733.689239 898.477213
766.997814 904.255548
819.832585 847.297934
891.812806 757.714505
949.982237 796.377631
1003.031817 826.463119
1046.173471 863.479437
764.279769 942.733186
794.987630 902.854063
836.088642 898.590299
896.467528 871.878833
988.603960 822.592500
1040.228703 750.095926
1020.575239 902.676363
