869.744720 464.114242
976.433300 494.595718
1117.023879 509.607541
500.000000 200.000000
1320.841766 467.273150
1405.567644 459.148867
1494.025050 425.678409
857.476283 528.749984
973.482867 579.157387
1076.304857 564.174163
1169.321326 572.928653
1253.611942 567.325181
1396.194849 444.790556
1453.667359 466.950617
1151.103869 467.278659
300.000000 400.000000
1255.822108 454.630252
1390.735022 480.107051
1470.203145 493.199837
1348.241403 497.727374
1395.667197 519.987865
1239.574886 512.974443
1272.500070 462.749394
400.000000 500.000000
1395.213370 594.389098
1454.820528 633.378546
1290.440883 549.994870
1325.120163 549.552463
200.000000 600.000000
1139.287041 507.219503
1156.770433 528.992839
1368.315943 709.142914
1206.572249 592.556510
1240.545208 605.352035
1283.685529 604.529548
1076.064046 562.634549
1112.042609 565.473810
400.000000 700.000000
1086.092228 616.515638
1170.360864 668.607944
1206.975763 676.379487
1237.564000 688.253035
1094.427259 589.356355
1132.417671 619.569620
1078.773186 673.835819
1101.027755 686.319354
1139.951665 693.812963
1176.777946 745.900470
1201.627196 755.313561
