672.414544 71.955902
300.000000 200.000000
695.298846 337.365628
795.299367 356.629505
898.724822 452.109823
964.072797 412.567234
1011.779911 383.776018
703.624643 187.951259
620.331011 454.109357
770.939176 494.191592
582.491135 509.116702
688.481819 436.214691
975.331103 551.992416
1058.987583 526.238652
744.887842 310.815898
647.333510 553.216361
835.029248 539.476598
593.762151 610.487968
719.401799 582.483276
870.896021 555.430770
1011.845413 539.751443
200.000000 500.000000
715.028910 622.850314
855.659911 616.422209
604.264991 698.036507
732.761779 693.666725
835.137165 744.206002
1025.183822 646.002778
799.518018 629.941990
782.057707 675.214197
924.841630 677.884969
1070.339450 674.660697
715.399619 767.707995
700.000000 600.000000
979.231440 707.555559
799.670375 748.010088
865.408071 732.978822
991.272519 756.139262
997.618066 759.936051
666.111091 812.583000
700.000000 700.000000
937.826671 743.570955
842.011610 729.376879
899.497542 753.429802
977.163041 777.894526
989.334690 792.998176
1272.535308 812.544018
1360.533846 767.707398
800.000000 800.000000
