200.000000 200.000000
300.000000 200.000000
400.000000 200.000000
500.000000 200.000000
600.000000 200.000000
700.000000 200.000000
800.000000 200.000000
200.000000 300.000000
300.000000 300.000000
400.000000 300.000000
500.000000 300.000000
600.000000 300.000000
700.000000 300.000000
800.000000 300.000000
200.000000 400.000000
300.000000 400.000000
400.000000 400.000000
500.000000 400.000000
600.000000 400.000000
700.000000 400.000000
800.000000 400.000000
200.000000 500.000000
300.000000 500.000000
400.000000 500.000000
1379.143855 294.662579
1457.679354 293.663654
700.000000 500.000000
800.000000 500.000000
200.000000 600.000000
300.000000 600.000000
400.000000 600.000000
500.000000 600.000000
600.000000 600.000000
700.000000 600.000000
800.000000 600.000000
200.000000 700.000000
300.000000 700.000000
400.000000 700.000000
500.000000 700.000000
600.000000 700.000000
700.000000 700.000000
800.000000 700.000000
200.000000 800.000000
300.000000 800.000000
400.000000 800.000000
500.000000 800.000000
600.000000 800.000000
700.000000 800.000000
800.000000 800.000000
