1230.042104 150.300713
1236.395522 177.303184
1251.529754 191.205354
1259.383771 172.029129
1262.318994 123.627296
1272.913880 83.531718
1285.240108 44.235920
1227.801121 188.843962
1244.342590 218.982565
1252.905379 203.742581
1367.718450 211.421874
600.000000 300.000000
1283.900009 112.810195
1293.627285 87.325053
1231.126487 212.806376
1227.244014 215.944083
1260.189771 205.469637
1338.962288 245.973589
1393.874584 236.904119
1290.955298 129.715928
1317.521886 132.300568
1241.131580 244.656388
1253.218555 254.447501
1269.087123 270.831570
1378.722450 293.928332
1478.399929 310.057132
1288.438526 172.202257
1285.497722 91.825584
1251.389042 273.810248
1274.254658 237.459116
1403.380279 211.001483
1169.700583 32.288363
1194.128310 76.440082
1289.175620 191.645355
1291.599359 142.523363
1256.335475 294.263337
1272.871475 279.621214
1288.968220 285.954314
1197.710122 94.699033
1222.296966 151.750558
1283.855046 219.667328
1291.428778 131.892825
1246.287644 292.929417
1278.805233 317.500109
1198.028028 95.407495
1205.789606 113.221822
1218.291017 122.591134
1279.411084 233.862163
1287.034886 194.959758
