505.869176 675.549710
675.557770 611.340836
747.899061 609.947900
827.317746 601.789173
880.480955 571.921028
885.843699 546.235223
961.874875 464.345207
563.028526 713.509643
685.778055 675.906396
755.250030 666.446271
823.278004 626.177279
893.960601 565.547627
939.566403 536.269902
995.065261 494.151530
605.661338 759.274592
711.086271 737.664189
824.093079 726.897320
838.535448 660.618973
896.563928 594.057666
957.909330 551.870072
973.297167 504.483605
614.700796 820.443527
658.146602 740.958894
831.632718 795.697518
936.000997 819.046265
878.044803 619.763957
953.872320 553.586753
1004.386068 572.712598
692.098227 794.562338
690.444107 816.352715
767.610142 760.551462
922.909447 900.904939
900.538432 643.202080
980.710931 646.629050
1005.691618 614.875102
744.628537 868.818641
798.986469 820.301638
839.409136 799.360548
897.647428 761.831713
937.557837 714.168664
992.634402 695.113659
998.603775 649.055421
833.259806 900.656123
300.000000 800.000000
805.692207 800.044569
891.462124 746.059335
971.026181 692.574489
1004.117562 736.151852
995.019195 696.920547
