934.046549 667.616840
984.617753 682.487324
1023.063696 685.033486
1067.228606 691.782716
1132.708978 687.647686
1186.225299 684.111166
1233.168704 717.062726
934.735554 731.733062
988.979286 751.332216
1053.103289 789.649627
1074.056906 789.139471
1077.536648 764.608267
1180.942761 782.070433
1220.512097 828.171103
933.695993 822.060630
991.990747 817.936761
1044.694959 834.678013
933.277981 798.713311
1002.355122 827.235083
1163.305834 1003.624135
1208.147237 926.132279
897.157223 829.012867
969.889608 844.245928
1126.722541 993.630610
867.812512 950.458882
1150.599907 1009.615250
1159.520028 1018.366723
1191.313058 977.178481
1103.336514 963.946551
300.000000 600.000000
1124.846886 1013.657749
1141.440621 1029.986356
1149.064445 1037.915608
1155.947216 1043.579986
1166.596089 1033.201987
1084.933848 996.103782
1095.742447 1024.335166
1116.643162 1046.297109
1134.828783 1059.442995
1159.616936 1061.506038
1146.714800 1062.336235
1149.999181 1052.342968
1069.443521 1051.925438
1093.425571 1041.429531
1104.461048 1069.797856
1124.410573 1059.958523
1135.981000 1062.631646
1172.939576 1062.995868
1181.704357 1060.555886
