1565.494411 174.051563
1583.665822 181.521677
1610.781122 202.139887
500.000000 200.000000
600.000000 200.000000
1463.309319 329.935260
800.000000 200.000000
1531.698882 191.864572
300.000000 300.000000
400.000000 300.000000
1476.856878 304.651687
1496.668680 299.485305
1520.424634 354.930683
1512.937675 397.657515
1457.767936 263.930316
1484.263275 296.737188
1333.085814 165.512536
1388.548827 214.028785
1499.143657 345.189806
1517.930497 381.204343
1538.490801 435.415740
1428.321166 312.592165
1449.064343 325.526173
1344.292164 236.199533
1379.190757 292.681989
1482.709321 300.075378
1516.959729 413.181968
1533.790559 449.367497
1408.779336 346.610854
1453.020071 373.999858
1475.218440 390.911140
1420.560693 350.303626
1483.366050 406.801614
1535.440889 463.507996
1540.697876 470.549338
1401.007133 371.478047
1421.752029 389.784307
1470.299555 404.862204
1506.957632 428.240216
1479.947534 428.773684
1531.859285 485.391428
1546.041481 508.890557
1407.076831 445.847187
1419.824249 454.655482
1471.614867 439.848707
1500.829380 464.480262
600.000000 800.000000
1535.905262 522.557469
1540.770905 497.613198
