411.633403 469.130560
450.784917 445.976648
494.115785 408.338619
525.766554 400.235808
558.393821 397.504445
573.320700 387.235442
583.905960 395.801573
403.674188 374.842238
423.989007 366.421091
490.321528 449.386383
524.622020 397.404468
543.204059 417.675450
563.659589 417.478915
584.194835 427.215671
408.041924 393.420196
442.520074 395.117417
471.724954 398.982317
500.000000 400.000000
565.333554 370.252618
547.831031 437.783055
800.000000 400.000000
423.915068 419.689102
455.627536 419.625421
483.104743 421.755369
498.877692 463.495131
520.405477 430.512421
539.598707 440.979712
561.064268 450.938374
431.883146 443.703831
472.364468 441.187787
503.391099 437.039663
493.842127 428.556536
515.770275 441.835773
533.288292 452.971424
560.952368 447.887188
435.863728 471.278776
483.354155 465.490473
517.770868 467.015908
473.258133 440.200799
503.214886 456.474986
528.967065 460.892395
550.007087 463.095549
434.016382 472.073637
448.821441 458.466732
400.000000 800.000000
521.969922 398.134078
524.959869 436.566230
533.513509 444.924143
530.778331 464.777748
