594.706539 130.106798
300.000000 200.000000
525.018535 203.152323
547.617593 246.316941
663.679986 266.039293
778.502309 272.777074
901.551006 289.953034
530.589989 151.770581
603.712546 218.342245
400.000000 300.000000
587.440245 296.582628
678.145853 291.300930
794.834731 325.253782
878.150079 314.653892
533.248167 205.487058
598.387672 258.536642
685.176162 328.308088
631.742916 349.054996
647.405463 321.228480
879.465580 394.527997
1021.930434 466.061632
545.755845 263.796306
597.411436 327.551558
546.814609 389.462442
645.708058 407.035855
762.915388 433.381467
864.413824 450.528133
995.974466 502.660738
548.909948 375.175348
596.163583 402.293615
611.149858 461.766570
500.000000 600.000000
751.721902 516.396459
870.706680 533.112389
800.000000 600.000000
200.000000 700.000000
574.616229 495.829657
646.621070 515.402477
756.305738 542.089140
704.182088 541.943323
845.031156 586.069615
1011.220973 635.829712
571.375509 514.954186
618.373944 542.600220
700.973509 503.694666
731.468704 569.488759
821.527483 581.473188
875.704899 577.329333
963.898697 685.194593
