425.077454 277.997048
454.947176 275.181811
515.192684 230.073895
682.262299 177.286909
777.137050 203.332459
849.907676 226.729903
913.629585 281.163697
419.047044 294.555278
460.239960 291.736108
400.000000 300.000000
602.001235 256.192758
736.414260 301.370175
869.166623 316.916448
995.075869 394.450569
446.741778 335.516339
499.830743 324.103847
540.982346 305.876518
613.222495 314.440964
745.667351 358.368401
874.167260 393.581468
980.013408 455.028764
506.644182 358.812043
523.403279 347.757310
539.180141 385.089078
637.273040 402.512673
755.013157 429.389954
885.025032 462.511150
969.334226 514.562643
515.244412 383.528625
504.423844 452.452351
565.801076 428.891049
634.712136 494.141264
837.476758 504.306789
893.281535 530.466077
1001.082244 620.033427
510.043517 413.735546
535.196342 440.488279
587.310395 491.434461
675.075874 563.849037
856.140175 611.538287
939.771993 676.124000
987.901525 704.345725
200.000000 800.000000
516.695007 548.535612
613.342365 559.845486
713.131209 639.065689
840.612567 698.519325
923.476755 736.787749
994.414695 776.530336
