395.529404 392.100031
419.699970 380.726980
424.879739 358.789452
450.532112 363.876935
469.374166 363.079553
476.799382 357.433927
481.613379 345.158117
389.716824 403.702451
418.247581 411.224239
435.589155 400.563471
453.802978 390.987847
464.836129 399.055003
483.068884 376.687616
493.248221 366.477042
388.627586 428.454260
413.423217 424.425143
432.137251 429.281481
457.618599 413.694199
487.942205 414.101004
489.153095 400.106406
500.502593 392.745323
381.891599 446.604309
414.167179 435.749789
438.103796 450.426626
502.468132 464.155826
495.407232 421.465706
700.000000 500.000000
514.828118 412.403139
389.408811 449.202988
430.066372 471.599708
461.001627 468.138498
490.785766 455.671415
509.674691 449.397318
519.858422 437.963885
532.480335 429.372967
429.349096 483.494443
441.249854 479.150662
459.251248 476.285664
486.022573 472.196382
502.602591 469.002257
548.983166 459.371411
559.438348 443.061388
454.695183 498.242829
496.889498 517.028942
400.000000 800.000000
514.247658 495.929164
531.857958 476.773960
551.475354 464.642731
579.903158 451.883343
