831.735821 349.963002
874.902540 396.519509
929.252322 433.689246
1009.793038 469.154645
600.000000 200.000000
1104.319029 541.307962
1128.355389 561.133468
796.824734 408.766645
849.949586 447.094971
905.354383 469.787637
975.214328 498.643118
1038.036374 505.402547
1063.456928 555.741235
1094.125030 571.247192
724.617512 467.642070
812.495741 518.743240
892.511459 508.533686
651.117438 416.746357
989.346721 555.603269
903.744941 562.129990
1040.422172 586.159824
647.497739 540.838243
723.155244 588.164835
545.201329 510.745705
643.635638 527.620892
762.616910 552.029552
894.440133 620.195623
981.007034 643.804940
200.000000 600.000000
637.316922 690.260374
585.303041 643.223411
641.855342 618.914141
821.837268 702.908190
876.414787 675.586241
949.815914 660.280622
549.617901 630.629452
571.325615 672.185944
621.182765 698.196907
654.829552 705.154389
770.538574 725.255721
877.084114 723.615468
930.025811 707.617457
545.261806 735.170030
612.030848 750.972373
669.443453 768.209513
721.712428 770.448689
787.854184 793.811421
700.000000 800.000000
929.680024 779.187945
