330.640222 407.693205
343.001143 419.647928
400.000000 200.000000
372.287186 391.830500
385.697967 390.832445
411.980872 387.318158
418.019181 406.380504
320.488657 394.314345
337.258633 426.923730
365.631507 404.693747
393.790741 422.889196
389.883055 412.074569
410.485874 405.763459
435.245798 395.724686
314.668226 391.065668
339.627374 418.514321
358.776022 435.863067
374.155643 439.612981
389.377905 436.592750
413.857767 386.227517
433.917865 400.117164
313.134403 434.939595
331.161033 468.631871
414.868238 441.867539
495.560307 464.887970
391.700895 466.294891
415.347322 471.781350
418.679289 433.696602
278.635568 471.600287
321.954258 445.544682
389.248845 477.019810
378.120610 369.822618
399.819465 380.541523
412.341180 404.881864
800.000000 600.000000
263.476557 490.961479
276.758001 470.854263
351.166086 384.573956
387.186228 373.393130
397.016850 396.164492
406.387448 420.203104
417.985708 448.230402
241.355139 498.120989
378.533650 370.057375
400.000000 800.000000
371.229223 396.026869
386.061580 407.425940
396.574519 431.182288
410.992384 463.847727
