427.453622 121.402999
450.517306 149.318504
381.127902 141.955800
434.143888 159.065798
490.130540 187.798318
609.066730 281.629385
696.930775 348.761272
335.158147 165.583643
394.661975 201.118291
302.932295 185.311551
388.391677 215.302683
463.660452 245.860121
585.459861 334.768860
713.208741 416.198466
290.109650 200.778770
300.000000 400.000000
425.500136 255.560815
468.205264 231.723115
472.804872 337.435040
574.813024 376.043016
705.282854 424.033670
293.075454 276.191011
321.099751 281.471747
383.721376 306.168493
358.579802 416.431277
472.058689 422.410762
556.509966 413.519856
724.066006 436.252888
366.701868 347.668721
307.941852 335.152591
362.694897 343.457498
432.519371 376.911382
488.794460 406.706282
544.818031 460.391355
619.720676 518.238241
395.354452 405.137214
314.526633 344.849351
339.939383 375.966665
500.000000 700.000000
457.767847 451.983856
502.813686 539.066536
566.922374 608.376945
424.111948 469.999034
515.879655 485.531540
349.416735 443.614111
385.002264 486.142749
424.049697 504.791607
455.224193 500.872521
542.338421 703.163943
