495.431903 340.192155
512.286792 342.348424
526.258479 341.828708
535.957673 346.875414
545.267387 344.648484
555.455386 376.714138
554.687591 387.620157
501.409911 354.652748
499.783275 354.840013
523.348091 353.279068
515.602441 357.158086
524.496448 360.575872
536.885960 384.604587
548.709253 404.332243
430.853241 395.618675
450.106331 398.368503
516.206559 374.774351
488.653923 382.381313
493.593324 390.977009
515.338210 410.529344
537.053104 417.644983
428.655324 431.424399
452.107321 438.770994
472.351217 441.136634
500.000000 500.000000
486.923524 449.898479
505.728206 443.768841
532.248776 437.475708
424.745580 455.710811
443.294896 474.645857
459.637762 475.200933
475.104610 473.044341
488.433232 463.545949
511.858258 455.247863
527.801940 446.191931
428.229077 471.995492
436.847269 492.560140
463.628433 488.248646
478.617592 482.819795
487.573059 478.140245
516.993137 472.648467
534.656800 467.608088
423.916239 495.089293
444.512816 515.376913
475.603347 479.281549
481.398961 487.770134
479.121591 471.911766
525.875423 467.463970
536.014253 473.993946
