1250.932508 153.639575
1289.843841 136.688575
1292.813397 126.112855
1310.303882 137.594226
600.000000 200.000000
1333.778035 193.100780
1334.626258 124.291395
1273.081231 164.788683
1305.151001 156.083230
1273.264589 172.954096
1325.985583 192.819866
600.000000 300.000000
1359.446253 256.557694
1350.811036 127.147175
1314.524530 181.745918
1350.312023 180.634254
1345.792336 157.012203
1328.485868 225.033551
600.000000 400.000000
1419.744969 279.029842
1494.392096 273.627991
1400.845289 327.499990
1404.575810 311.584829
1420.892504 308.736899
1377.724312 292.774532
1479.396916 311.335622
1450.960760 307.782465
1504.995448 291.095145
1413.035317 355.831420
1421.664231 359.930277
1444.988179 358.920210
1447.898640 359.781342
1456.627394 370.428324
700.000000 600.000000
1494.355704 345.157544
1416.903355 390.621469
1424.905948 384.586027
1454.800827 366.211861
1485.800929 344.186746
1504.441515 398.690071
1540.361268 348.120625
1574.274375 343.431307
1410.310250 402.508366
1428.493124 381.010301
1426.635428 412.306733
1469.129800 377.533126
1519.131650 353.514262
1540.616192 361.306201
1570.825815 355.488349
