671.002706 396.357083
739.913388 385.568468
803.752367 360.984602
855.678634 391.416734
889.652700 421.781440
920.142887 419.168320
951.881888 419.121477
632.698734 510.719790
711.834235 508.375318
777.388327 461.334610
812.825554 507.596187
748.430243 608.770705
838.005263 672.692573
885.775838 502.157031
682.414023 520.101167
702.671288 552.327254
707.604109 600.316949
767.307836 628.004762
688.601306 745.620017
771.966485 794.625400
885.912871 852.935910
619.248145 573.943079
630.509276 666.663224
669.452758 721.235989
575.765232 849.451855
669.089885 873.331882
770.535703 926.692979
757.744665 875.298831
571.484632 693.212663
599.718973 747.358868
400.000000 600.000000
648.660858 918.940775
703.578087 977.025021
709.120848 974.710732
780.638525 936.693295
532.157899 798.937533
548.671177 884.675542
400.000000 700.000000
588.198358 938.731229
645.462938 947.347699
750.845219 1018.006026
812.363503 975.883549
528.995839 923.715655
300.000000 800.000000
587.558526 1023.008870
615.207190 988.189999
685.264995 1003.923055
779.006966 1021.357452
858.370372 1019.463091
