327.661221 323.216546
329.243991 291.797749
470.574081 231.287760
520.976297 257.100103
610.247680 253.465022
695.093422 229.097344
881.306296 248.340583
317.909728 223.605591
369.203985 222.839841
426.006690 250.440689
497.776886 270.642045
600.000000 300.000000
700.000000 300.000000
814.266927 291.380421
282.640410 233.212907
210.370271 332.614568
400.000000 400.000000
310.807877 260.852986
508.469752 306.240359
641.581723 319.384438
765.407449 360.370526
293.485446 265.297326
298.384834 273.039219
323.334300 294.941043
308.044639 353.461900
373.340154 319.576114
433.002893 308.834545
688.137954 452.340579
317.809433 294.849232
301.721029 340.687465
317.197443 375.401949
364.594339 417.970694
375.284072 435.418227
447.193170 438.099566
488.683172 423.247196
318.124389 435.718210
331.891976 454.635905
341.486033 515.293079
354.734179 525.176694
417.842485 571.496987
465.137473 561.405788
503.197358 550.702366
341.762496 561.343087
361.074371 585.945118
350.280435 620.434185
411.412516 641.523362
435.494797 676.745653
480.739400 690.530399
567.039389 713.562949
