475.767645 367.194344
517.137237 375.062320
557.189980 385.043322
589.548387 398.670414
619.558155 423.429210
593.665609 321.104174
649.644122 311.894301
435.039576 382.700157
484.426379 413.321512
515.544699 417.957886
511.368722 380.624090
555.771527 361.212680
604.799358 345.911278
648.459507 332.185075
429.415964 427.296244
447.290035 407.574584
478.835614 392.497087
519.172644 409.813589
547.507662 417.747629
636.366427 366.774827
659.559925 358.104869
399.250616 426.975744
556.990584 337.891280
477.576654 452.824950
503.274948 464.363733
549.978899 445.553652
648.425722 397.463276
674.275715 380.213587
545.514403 371.999539
566.181796 355.088143
598.929289 334.552861
639.135839 329.465008
671.180030 353.108754
663.881693 391.251814
681.579927 375.360526
546.698390 392.908866
583.759304 380.595548
604.259506 343.879087
634.394923 347.225024
666.677489 367.055419
675.039702 386.197569
695.729649 383.574566
574.881120 413.326091
594.914718 348.456045
612.038931 348.883095
634.093546 352.039696
650.214198 374.677888
666.502391 396.251344
694.688642 402.664132
