454.781243 359.628825
473.003594 353.202989
492.544945 341.074179
518.136774 333.394380
538.700245 332.302849
557.793526 327.195780
563.621432 331.840151
444.693296 356.645231
458.691596 351.457588
500.467001 347.076584
521.200119 344.055846
545.040678 342.185134
544.336039 335.316941
579.628407 331.556403
460.594848 377.057588
453.243056 391.748247
467.299314 386.364349
542.311349 380.623770
555.979885 361.509501
569.844806 350.078775
584.527296 342.116975
427.768652 443.279831
527.979959 438.651056
463.794994 444.249991
501.808670 464.535036
556.530094 377.299588
573.115813 358.920435
585.832908 341.997897
499.643653 447.803320
512.155066 440.087900
541.268468 432.905816
545.076859 413.592419
560.266542 378.194383
700.000000 600.000000
591.812430 356.421456
511.360226 471.287589
532.713549 455.345805
538.199826 440.561318
545.237285 431.660791
566.060512 383.432657
585.550791 377.548060
598.269008 365.472403
521.589290 482.478248
533.025864 466.960088
548.817622 446.438385
552.888979 404.410639
562.646448 403.563041
700.000000 800.000000
604.303861 377.537511
