537.676241 254.470351
530.172613 227.285833
543.254251 325.695676
615.560167 340.164361
734.149571 413.480760
787.821127 396.415117
903.808783 384.502904
579.428820 315.321067
501.721001 324.676134
564.343261 377.898495
644.305953 426.940778
745.402121 470.296939
780.029024 478.894609
895.339800 446.029501
593.692625 382.329222
619.209843 388.129746
637.158265 370.768538
645.229837 491.126158
755.142037 529.145600
910.907241 548.658249
692.853243 280.109876
608.336192 460.744955
640.677753 441.788331
546.011958 561.374351
644.985248 577.992949
764.914988 601.998743
668.046864 331.524197
684.361749 385.110773
603.609850 536.937802
649.811045 511.791912
573.394633 606.358596
639.717051 619.800373
617.241959 417.709046
654.331106 418.825821
703.724183 474.534002
607.742150 602.708233
659.123567 587.049287
539.164958 609.595685
605.033292 660.153186
660.075585 555.952666
676.720655 536.744974
724.153508 574.227054
677.645905 690.731195
701.150867 676.990964
737.719469 663.561231
562.124938 708.237727
626.175691 779.518480
654.508565 684.145094
741.032129 690.318708
