843.859645 341.698210
907.634177 339.283049
954.781214 355.415231
995.746524 286.787480
1114.212672 202.096133
935.765073 229.740975
1009.726427 175.989919
820.221549 373.932662
882.498434 354.323376
956.452097 353.077122
1015.310820 336.201268
1139.548316 384.270764
700.000000 300.000000
1019.470796 208.935374
788.178496 405.368394
879.678045 414.068842
964.083600 412.664376
1053.771638 432.339841
1115.830711 455.207310
986.962900 328.264305
800.000000 400.000000
200.000000 500.000000
866.746669 460.622531
939.780201 497.305373
1015.566609 507.676772
1112.920661 510.421935
1056.364072 370.825113
1142.344687 357.872502
761.957624 482.042418
827.748825 474.700559
907.933440 448.910585
931.877307 463.165550
1008.054281 450.211182
700.000000 600.000000
1131.371293 351.227961
812.216520 535.370129
863.386672 539.498432
901.875512 543.132338
936.208835 538.843692
1009.437884 492.022719
981.750403 546.352038
1018.380031 541.445504
823.433123 600.805062
863.960304 615.575766
913.343650 607.050496
948.716479 636.097966
1000.803879 635.778066
1036.446680 626.063808
1085.473471 609.003937
