261.146543 10.219870
264.747049 36.289548
306.464785 36.704427
365.360736 43.742768
465.735012 33.818193
741.305758 143.860265
866.550740 186.446235
265.435079 57.360590
227.749670 58.174111
292.602802 96.633881
337.151884 94.294012
393.353206 120.521841
576.319832 136.156522
780.498460 215.078191
253.973132 112.434051
300.000000 400.000000
274.395779 145.777446
312.750327 173.117338
420.134331 155.421738
566.638462 231.600396
708.622157 267.676039
253.639777 160.324185
279.714644 161.628296
323.739534 152.551919
275.342321 196.675199
395.960086 228.579477
526.591267 288.330358
653.462230 321.514872
279.920083 216.857860
283.801908 208.615300
301.021173 205.765470
264.005823 264.411041
287.145558 243.663441
346.703394 246.654635
590.861749 410.438134
280.022164 236.346734
291.646915 229.842348
313.158239 190.570720
328.595428 176.893839
310.750517 308.415623
430.704832 417.936892
565.476367 477.180591
289.950870 287.831145
300.000000 800.000000
325.831406 237.021302
344.020337 226.062535
340.750580 416.314168
416.949678 440.347177
552.442733 528.730551
