684.409256 268.927764
300.000000 200.000000
773.940913 293.178746
841.244227 281.145283
940.359378 329.779698
997.156236 360.307527
1101.322298 401.205908
716.484165 382.330564
674.899675 326.520485
763.873690 324.929221
861.087530 307.120590
923.630377 400.410091
1006.630495 435.530662
1093.588186 461.200794
782.096990 481.228314
761.597309 422.472234
731.238478 428.772614
779.172232 441.834540
600.000000 400.000000
1001.326753 509.090436
1133.486435 588.579994
850.576571 594.695508
802.956843 467.199769
699.952316 532.843897
788.994194 532.425951
899.514979 552.949714
989.669184 566.638666
1106.906327 612.431956
769.621279 758.451876
812.812489 753.447570
858.385810 747.908891
785.998824 624.597738
893.694883 641.420470
976.278782 636.735311
1068.621747 649.096259
716.210227 801.983044
766.825662 800.606520
825.606386 782.349526
799.252641 722.995354
903.898436 726.238448
975.529839 717.995895
1052.035007 698.932289
687.415443 820.037835
738.599978 824.421893
779.668402 773.280221
859.161943 774.891329
927.508615 775.842581
977.720906 787.314024
1041.059261 770.416115
