200.000000 200.000000
300.000000 200.000000
400.000000 200.000000
500.000000 200.000000
600.000000 200.000000
700.000000 200.000000
800.000000 200.000000
200.000000 300.000000
300.000000 300.000000
400.000000 300.000000
500.000000 300.000000
600.000000 300.000000
700.000000 300.000000
800.000000 300.000000
200.000000 400.000000
300.000000 400.000000
400.000000 400.000000
500.000000 400.000000
600.000000 400.000000
700.000000 400.000000
800.000000 400.000000
200.000000 500.000000
300.000000 500.000000
400.000000 500.000000
866.110498 950.561833
600.000000 500.000000
700.000000 500.000000
800.000000 500.000000
200.000000 600.000000
300.000000 600.000000
400.000000 600.000000
500.000000 600.000000
600.000000 600.000000
700.000000 600.000000
800.000000 600.000000
200.000000 700.000000
300.000000 700.000000
400.000000 700.000000
500.000000 700.000000
600.000000 700.000000
700.000000 700.000000
800.000000 700.000000
200.000000 800.000000
300.000000 800.000000
400.000000 800.000000
500.000000 800.000000
600.000000 800.000000
700.000000 800.000000
800.000000 800.000000
