396.415917 1002.416223
408.476829 968.930707
456.577150 901.263885
527.270531 773.752024
597.225367 706.863325
675.072155 631.358112
828.064625 814.659827
420.660994 1043.146669
424.794232 1010.149140
471.440653 955.972333
545.520741 861.215274
629.435254 811.724258
719.251582 755.513864
835.547380 834.159144
424.140070 871.299370
421.487641 882.737000
458.850657 894.359752
518.411028 968.550074
633.386679 905.734434
737.237964 904.196486
850.481324 870.901067
422.521919 890.487661
422.397444 896.480415
462.388564 969.700244
494.232284 973.568225
600.000000 500.000000
735.653597 943.091705
815.459902 954.535404
200.000000 600.000000
461.795571 1006.895466
473.853526 1004.363307
529.434944 1001.912687
643.482049 983.697351
732.945426 988.411182
795.941208 972.985539
483.384577 1028.388598
470.788804 993.513214
496.548923 1013.670621
551.027854 1000.599842
657.143048 1022.421806
751.149442 1003.790765
792.668722 1022.919149
200.000000 800.000000
502.325054 1035.027713
538.967684 1019.213114
611.912152 1032.734226
600.000000 800.000000
726.442986 918.450008
760.582766 869.547607
