560.938781 401.214142
608.587877 425.533925
533.505615 589.239771
693.581254 491.730228
781.699772 566.836889
571.585868 802.312600
659.600596 696.644710
541.084870 532.296958
567.639562 520.863464
596.096441 605.917657
616.814929 661.632419
730.413073 705.648026
644.825915 815.111135
689.933935 773.089130
522.889157 654.570169
518.530546 706.419125
588.256305 730.099370
595.617456 807.574794
698.056287 807.952959
684.114570 863.859200
709.628584 843.665811
200.000000 500.000000
535.631066 797.724057
587.650311 846.507497
579.127264 917.050383
653.744378 928.252878
723.038692 919.946939
748.612850 920.837015
542.176104 835.284350
525.071829 900.123724
585.205553 1037.137933
635.726257 1022.200270
647.275908 1031.731683
750.556195 1006.418386
825.483710 965.055535
549.633277 933.345227
598.325450 989.939748
649.386552 1058.962089
698.247749 1047.714294
743.005891 1050.943839
799.303879 1054.585982
869.111301 1041.179407
567.480461 1028.964336
606.438842 1059.829830
670.024289 1059.779492
726.149405 1111.124381
792.038424 1064.692491
842.088271 1051.736676
800.000000 800.000000
