726.302881 432.458390
709.685432 303.360285
400.000000 200.000000
844.346933 233.380714
850.259278 246.837904
941.622615 269.055683
1074.102439 295.793864
702.538735 446.890294
761.316905 368.739829
805.408164 334.208178
865.515848 285.376446
916.513451 306.025267
981.827140 323.762897
1073.218811 349.867270
733.120580 517.769002
792.489878 452.451298
856.108808 386.474192
891.749100 383.392406
874.562528 355.481935
1001.417780 374.757872
1073.249533 389.092174
764.380269 591.029388
833.083111 517.201569
679.586161 386.992225
775.375849 406.179311
888.442492 431.550046
981.425495 390.216460
1039.948875 456.407708
809.711714 656.697003
890.947601 628.860362
708.624888 432.658661
782.293682 438.737928
933.356335 371.102531
1137.188302 494.704453
1159.754025 461.497877
964.177582 755.694443
982.198419 704.737086
995.359822 669.090117
1050.572411 642.323714
1111.145477 589.181895
1170.413667 546.288022
1220.415663 524.453253
991.918491 835.163297
1009.578288 765.377386
1035.566573 718.264734
1074.169962 685.671754
1102.998470 643.001456
1116.681109 598.664312
800.000000 800.000000
