200.000000 200.000000
300.000000 200.000000
400.000000 200.000000
500.000000 200.000000
600.000000 200.000000
700.000000 200.000000
800.000000 200.000000
200.000000 300.000000
300.000000 300.000000
400.000000 300.000000
500.000000 300.000000
600.000000 300.000000
700.000000 300.000000
800.000000 300.000000
200.000000 400.000000
300.000000 400.000000
400.000000 400.000000
500.000000 400.000000
600.000000 400.000000
700.000000 400.000000
800.000000 400.000000
200.000000 500.000000
300.000000 500.000000
400.000000 500.000000
500.000000 500.000000
600.000000 500.000000
700.000000 500.000000
800.000000 500.000000
200.000000 600.000000
300.000000 600.000000
400.000000 600.000000
500.000000 600.000000
600.000000 600.000000
700.000000 600.000000
800.000000 600.000000
200.000000 700.000000
300.000000 700.000000
400.000000 700.000000
500.000000 700.000000
600.000000 700.000000
700.000000 700.000000
800.000000 700.000000
200.000000 800.000000
300.000000 800.000000
400.000000 800.000000
500.000000 800.000000
600.000000 800.000000
700.000000 800.000000
800.000000 800.000000
200.000000 200.000000
300.000000 200.000000
400.000000 200.000000
500.000000 200.000000
600.000000 200.000000
700.000000 200.000000
800.000000 200.000000
200.000000 300.000000
300.000000 300.000000
400.000000 300.000000
500.000000 300.000000
600.000000 300.000000
700.000000 300.000000
800.000000 300.000000
200.000000 400.000000
300.000000 400.000000
400.000000 400.000000
500.000000 400.000000
600.000000 400.000000
700.000000 400.000000
800.000000 400.000000
200.000000 500.000000
300.000000 500.000000
400.000000 500.000000
500.000000 500.000000
600.000000 500.000000
700.000000 500.000000
800.000000 500.000000
200.000000 600.000000
300.000000 600.000000
400.000000 600.000000
500.000000 600.000000
600.000000 600.000000
700.000000 600.000000
800.000000 600.000000
200.000000 700.000000
300.000000 700.000000
400.000000 700.000000
500.000000 700.000000
600.000000 700.000000
700.000000 700.000000
800.000000 700.000000
200.000000 800.000000
300.000000 800.000000
400.000000 800.000000
500.000000 800.000000
600.000000 800.000000
700.000000 800.000000
800.000000 800.000000
200.000000 200.000000
300.000000 200.000000
400.000000 200.000000
500.000000 200.000000
600.000000 200.000000
700.000000 200.000000
800.000000 200.000000
200.000000 300.000000
300.000000 300.000000
400.000000 300.000000
500.000000 300.000000
600.000000 300.000000
700.000000 300.000000
800.000000 300.000000
200.000000 400.000000
300.000000 400.000000
400.000000 400.000000
500.000000 400.000000
600.000000 400.000000
700.000000 400.000000
800.000000 400.000000
200.000000 500.000000
300.000000 500.000000
400.000000 500.000000
500.000000 500.000000
600.000000 500.000000
700.000000 500.000000
800.000000 500.000000
200.000000 600.000000
300.000000 600.000000
400.000000 600.000000
500.000000 600.000000
600.000000 600.000000
700.000000 600.000000
800.000000 600.000000
200.000000 700.000000
300.000000 700.000000
400.000000 700.000000
500.000000 700.000000
600.000000 700.000000
700.000000 700.000000
800.000000 700.000000
200.000000 800.000000
300.000000 800.000000
400.000000 800.000000
500.000000 800.000000
600.000000 800.000000
700.000000 800.000000
800.000000 800.000000
505.869176 675.549710
675.557770 611.340836
747.899061 609.947900
827.317746 601.789173
880.480955 571.921028
885.843699 546.235223
961.874875 464.345207
563.028526 713.509643
685.778055 675.906396
755.250030 666.446271
823.278004 626.177279
893.960601 565.547627
939.566403 536.269902
995.065261 494.151530
605.661338 759.274592
711.086271 737.664189
824.093079 726.897320
838.535448 660.618973
896.563928 594.057666
957.909330 551.870072
973.297167 504.483605
614.700796 820.443527
658.146602 740.958894
831.632718 795.697518
936.000997 819.046265
878.044803 619.763957
953.872320 553.586753
1004.386068 572.712598
692.098227 794.562338
690.444107 816.352715
767.610142 760.551462
922.909447 900.904939
900.538432 643.202080
980.710931 646.629050
1005.691618 614.875102
744.628537 868.818641
798.986469 820.301638
839.409136 799.360548
897.647428 761.831713
937.557837 714.168664
992.634402 695.113659
998.603775 649.055421
833.259806 900.656123
300.000000 800.000000
805.692207 800.044569
891.462124 746.059335
971.026181 692.574489
1004.117562 736.151852
995.019195 696.920547
200.000000 200.000000
300.000000 200.000000
400.000000 200.000000
500.000000 200.000000
600.000000 200.000000
700.000000 200.000000
800.000000 200.000000
200.000000 300.000000
300.000000 300.000000
400.000000 300.000000
500.000000 300.000000
600.000000 300.000000
700.000000 300.000000
800.000000 300.000000
200.000000 400.000000
300.000000 400.000000
400.000000 400.000000
500.000000 400.000000
600.000000 400.000000
700.000000 400.000000
800.000000 400.000000
200.000000 500.000000
300.000000 500.000000
400.000000 500.000000
500.000000 500.000000
600.000000 500.000000
700.000000 500.000000
800.000000 500.000000
200.000000 600.000000
300.000000 600.000000
400.000000 600.000000
500.000000 600.000000
600.000000 600.000000
700.000000 600.000000
800.000000 600.000000
200.000000 700.000000
300.000000 700.000000
400.000000 700.000000
500.000000 700.000000
600.000000 700.000000
700.000000 700.000000
800.000000 700.000000
200.000000 800.000000
300.000000 800.000000
400.000000 800.000000
500.000000 800.000000
600.000000 800.000000
700.000000 800.000000
800.000000 800.000000
358.007483 672.330194
371.361232 623.713278
418.653580 590.040235
479.710237 605.281752
512.384094 621.680011
561.583137 669.046664
617.878183 713.135518
389.351257 724.825989
383.397450 654.658717
445.172193 670.236309
454.574703 655.469157
501.659579 646.028545
545.155647 692.249786
613.269882 744.343527
391.799362 762.286671
373.458965 700.342567
400.000000 400.000000
435.785537 670.545273
490.245561 679.536751
700.000000 400.000000
800.000000 400.000000
422.648634 852.034376
470.704017 840.961133
511.897480 807.762688
430.995501 766.080328
480.007986 711.535834
569.654283 764.650624
634.390984 807.682147
462.115986 919.785832
504.550679 902.997274
408.984643 776.977245
665.269830 863.347852
491.428811 768.747978
575.581045 806.924499
645.622957 830.151916
548.475448 1052.632191
548.814273 975.720230
621.293647 938.558076
482.105442 832.320198
600.000000 700.000000
592.857562 902.737340
635.014636 903.256734
200.000000 800.000000
439.130892 917.228498
475.354641 905.304421
536.320874 938.244918
575.029227 946.784020
608.763609 977.511735
644.504564 996.242086
327.661221 323.216546
329.243991 291.797749
470.574081 231.287760
520.976297 257.100103
610.247680 253.465022
695.093422 229.097344
881.306296 248.340583
317.909728 223.605591
369.203985 222.839841
426.006690 250.440689
497.776886 270.642045
600.000000 300.000000
700.000000 300.000000
814.266927 291.380421
282.640410 233.212907
210.370271 332.614568
400.000000 400.000000
310.807877 260.852986
508.469752 306.240359
641.581723 319.384438
765.407449 360.370526
293.485446 265.297326
298.384834 273.039219
323.334300 294.941043
308.044639 353.461900
373.340154 319.576114
433.002893 308.834545
688.137954 452.340579
317.809433 294.849232
301.721029 340.687465
317.197443 375.401949
364.594339 417.970694
375.284072 435.418227
447.193170 438.099566
488.683172 423.247196
318.124389 435.718210
331.891976 454.635905
341.486033 515.293079
354.734179 525.176694
417.842485 571.496987
465.137473 561.405788
503.197358 550.702366
341.762496 561.343087
361.074371 585.945118
350.280435 620.434185
411.412516 641.523362
435.494797 676.745653
480.739400 690.530399
567.039389 713.562949
513.833594 583.015138
627.667710 538.625228
716.360450 536.116570
786.670263 527.672132
845.060807 532.989956
907.111907 565.813595
946.671368 584.712570
528.165761 636.416443
605.030295 618.244450
674.519237 588.812820
752.962593 580.644037
757.683335 528.072890
807.831347 599.159205
897.867781 617.422561
533.813722 700.282544
586.518970 693.558116
372.995393 605.246384
473.260612 616.719858
576.337939 627.878585
783.085532 630.979668
839.502866 673.933405
524.435202 740.573214
541.774261 740.905599
400.000000 500.000000
486.586122 688.472320
607.217984 692.825555
696.306424 696.241146
802.957170 727.835849
529.143647 784.501477
555.638963 785.897410
613.959701 753.815920
498.102211 766.141805
606.478921 789.477067
687.680153 786.465793
720.992581 799.197293
521.986803 845.700617
573.897531 823.145464
634.573619 776.351512
687.454998 756.604912
632.338448 884.729762
696.179143 880.859220
777.108189 867.662557
536.497241 898.902162
630.682850 861.387939
671.080388 829.507250
702.769297 816.251326
757.316972 830.869090
667.918585 912.671382
776.664404 922.304702
200.000000 200.000000
300.000000 200.000000
400.000000 200.000000
369.905001 476.630705
402.819049 473.284355
439.871363 389.253261
461.760170 314.472385
200.000000 300.000000
338.090390 660.468962
400.000000 300.000000
378.814183 589.605765
436.059487 511.866002
486.986547 445.853044
511.085174 375.538291
200.000000 400.000000
313.660418 788.672764
344.882689 718.176545
396.763078 663.755069
438.217837 563.418731
526.087970 487.177355
595.468345 405.656929
307.298558 801.950307
320.113438 788.365178
360.769825 773.958314
444.922451 741.087206
530.926212 733.752690
560.801987 511.460252
609.177278 459.969989
368.262541 841.119624
320.506269 850.916930
352.024484 842.872625
443.782766 844.662038
543.165593 832.335987
591.896430 556.501386
642.627846 504.118275
452.351406 868.329418
506.426710 844.849922
565.969926 829.526939
621.508940 819.840920
675.368029 815.971300
635.436978 603.468422
680.216135 569.650974
522.099877 869.138929
586.109136 867.171321
638.315935 873.525037
686.212899 860.392020
747.298391 842.907667
725.522944 718.468508
736.561212 612.224337
843.859645 341.698210
907.634177 339.283049
954.781214 355.415231
995.746524 286.787480
1114.212672 202.096133
935.765073 229.740975
1009.726427 175.989919
820.221549 373.932662
882.498434 354.323376
956.452097 353.077122
1015.310820 336.201268
1139.548316 384.270764
700.000000 300.000000
1019.470796 208.935374
788.178496 405.368394
879.678045 414.068842
964.083600 412.664376
1053.771638 432.339841
1115.830711 455.207310
986.962900 328.264305
800.000000 400.000000
200.000000 500.000000
866.746669 460.622531
939.780201 497.305373
1015.566609 507.676772
1112.920661 510.421935
1056.364072 370.825113
1142.344687 357.872502
761.957624 482.042418
827.748825 474.700559
907.933440 448.910585
931.877307 463.165550
1008.054281 450.211182
700.000000 600.000000
1131.371293 351.227961
812.216520 535.370129
863.386672 539.498432
901.875512 543.132338
936.208835 538.843692
1009.437884 492.022719
981.750403 546.352038
1018.380031 541.445504
823.433123 600.805062
863.960304 615.575766
913.343650 607.050496
948.716479 636.097966
1000.803879 635.778066
1036.446680 626.063808
1085.473471 609.003937
396.415917 1002.416223
408.476829 968.930707
456.577150 901.263885
527.270531 773.752024
597.225367 706.863325
675.072155 631.358112
828.064625 814.659827
420.660994 1043.146669
424.794232 1010.149140
471.440653 955.972333
545.520741 861.215274
629.435254 811.724258
719.251582 755.513864
835.547380 834.159144
424.140070 871.299370
421.487641 882.737000
458.850657 894.359752
518.411028 968.550074
633.386679 905.734434
737.237964 904.196486
850.481324 870.901067
422.521919 890.487661
422.397444 896.480415
462.388564 969.700244
494.232284 973.568225
600.000000 500.000000
735.653597 943.091705
815.459902 954.535404
200.000000 600.000000
461.795571 1006.895466
473.853526 1004.363307
529.434944 1001.912687
643.482049 983.697351
732.945426 988.411182
795.941208 972.985539
483.384577 1028.388598
470.788804 993.513214
496.548923 1013.670621
551.027854 1000.599842
657.143048 1022.421806
751.149442 1003.790765
792.668722 1022.919149
200.000000 800.000000
502.325054 1035.027713
538.967684 1019.213114
611.912152 1032.734226
600.000000 800.000000
726.442986 918.450008
760.582766 869.547607
560.938781 401.214142
608.587877 425.533925
533.505615 589.239771
693.581254 491.730228
781.699772 566.836889
571.585868 802.312600
659.600596 696.644710
541.084870 532.296958
567.639562 520.863464
596.096441 605.917657
616.814929 661.632419
730.413073 705.648026
644.825915 815.111135
689.933935 773.089130
522.889157 654.570169
518.530546 706.419125
588.256305 730.099370
595.617456 807.574794
698.056287 807.952959
684.114570 863.859200
709.628584 843.665811
200.000000 500.000000
535.631066 797.724057
587.650311 846.507497
579.127264 917.050383
653.744378 928.252878
723.038692 919.946939
748.612850 920.837015
542.176104 835.284350
525.071829 900.123724
585.205553 1037.137933
635.726257 1022.200270
647.275908 1031.731683
750.556195 1006.418386
825.483710 965.055535
549.633277 933.345227
598.325450 989.939748
649.386552 1058.962089
698.247749 1047.714294
743.005891 1050.943839
799.303879 1054.585982
869.111301 1041.179407
567.480461 1028.964336
606.438842 1059.829830
670.024289 1059.779492
726.149405 1111.124381
792.038424 1064.692491
842.088271 1051.736676
800.000000 800.000000
671.002706 396.357083
739.913388 385.568468
803.752367 360.984602
855.678634 391.416734
889.652700 421.781440
920.142887 419.168320
951.881888 419.121477
632.698734 510.719790
711.834235 508.375318
777.388327 461.334610
812.825554 507.596187
748.430243 608.770705
838.005263 672.692573
885.775838 502.157031
682.414023 520.101167
702.671288 552.327254
707.604109 600.316949
767.307836 628.004762
688.601306 745.620017
771.966485 794.625400
885.912871 852.935910
619.248145 573.943079
630.509276 666.663224
669.452758 721.235989
575.765232 849.451855
669.089885 873.331882
770.535703 926.692979
757.744665 875.298831
571.484632 693.212663
599.718973 747.358868
400.000000 600.000000
648.660858 918.940775
703.578087 977.025021
709.120848 974.710732
780.638525 936.693295
532.157899 798.937533
548.671177 884.675542
400.000000 700.000000
588.198358 938.731229
645.462938 947.347699
750.845219 1018.006026
812.363503 975.883549
528.995839 923.715655
300.000000 800.000000
587.558526 1023.008870
615.207190 988.189999
685.264995 1003.923055
779.006966 1021.357452
858.370372 1019.463091
831.735821 349.963002
874.902540 396.519509
929.252322 433.689246
1009.793038 469.154645
600.000000 200.000000
1104.319029 541.307962
1128.355389 561.133468
796.824734 408.766645
849.949586 447.094971
905.354383 469.787637
975.214328 498.643118
1038.036374 505.402547
1063.456928 555.741235
1094.125030 571.247192
724.617512 467.642070
812.495741 518.743240
892.511459 508.533686
651.117438 416.746357
989.346721 555.603269
903.744941 562.129990
1040.422172 586.159824
647.497739 540.838243
723.155244 588.164835
545.201329 510.745705
643.635638 527.620892
762.616910 552.029552
894.440133 620.195623
981.007034 643.804940
200.000000 600.000000
637.316922 690.260374
585.303041 643.223411
641.855342 618.914141
821.837268 702.908190
876.414787 675.586241
949.815914 660.280622
549.617901 630.629452
571.325615 672.185944
621.182765 698.196907
654.829552 705.154389
770.538574 725.255721
877.084114 723.615468
930.025811 707.617457
545.261806 735.170030
612.030848 750.972373
669.443453 768.209513
721.712428 770.448689
787.854184 793.811421
700.000000 800.000000
929.680024 779.187945
425.077454 277.997048
454.947176 275.181811
515.192684 230.073895
682.262299 177.286909
777.137050 203.332459
849.907676 226.729903
913.629585 281.163697
419.047044 294.555278
460.239960 291.736108
400.000000 300.000000
602.001235 256.192758
736.414260 301.370175
869.166623 316.916448
995.075869 394.450569
446.741778 335.516339
499.830743 324.103847
540.982346 305.876518
613.222495 314.440964
745.667351 358.368401
874.167260 393.581468
980.013408 455.028764
506.644182 358.812043
523.403279 347.757310
539.180141 385.089078
637.273040 402.512673
755.013157 429.389954
885.025032 462.511150
969.334226 514.562643
515.244412 383.528625
504.423844 452.452351
565.801076 428.891049
634.712136 494.141264
837.476758 504.306789
893.281535 530.466077
1001.082244 620.033427
510.043517 413.735546
535.196342 440.488279
587.310395 491.434461
675.075874 563.849037
856.140175 611.538287
939.771993 676.124000
987.901525 704.345725
200.000000 800.000000
516.695007 548.535612
613.342365 559.845486
713.131209 639.065689
840.612567 698.519325
923.476755 736.787749
994.414695 776.530336
672.414544 71.955902
300.000000 200.000000
695.298846 337.365628
795.299367 356.629505
898.724822 452.109823
964.072797 412.567234
1011.779911 383.776018
703.624643 187.951259
620.331011 454.109357
770.939176 494.191592
582.491135 509.116702
688.481819 436.214691
975.331103 551.992416
1058.987583 526.238652
744.887842 310.815898
647.333510 553.216361
835.029248 539.476598
593.762151 610.487968
719.401799 582.483276
870.896021 555.430770
1011.845413 539.751443
200.000000 500.000000
715.028910 622.850314
855.659911 616.422209
604.264991 698.036507
732.761779 693.666725
835.137165 744.206002
1025.183822 646.002778
799.518018 629.941990
782.057707 675.214197
924.841630 677.884969
1070.339450 674.660697
715.399619 767.707995
700.000000 600.000000
979.231440 707.555559
799.670375 748.010088
865.408071 732.978822
991.272519 756.139262
997.618066 759.936051
666.111091 812.583000
700.000000 700.000000
937.826671 743.570955
842.011610 729.376879
899.497542 753.429802
977.163041 777.894526
989.334690 792.998176
1272.535308 812.544018
1360.533846 767.707398
800.000000 800.000000
200.000000 200.000000
300.000000 200.000000
400.000000 200.000000
500.000000 200.000000
600.000000 200.000000
700.000000 200.000000
800.000000 200.000000
200.000000 300.000000
300.000000 300.000000
400.000000 300.000000
500.000000 300.000000
600.000000 300.000000
700.000000 300.000000
800.000000 300.000000
200.000000 400.000000
300.000000 400.000000
400.000000 400.000000
500.000000 400.000000
600.000000 400.000000
700.000000 400.000000
800.000000 400.000000
200.000000 500.000000
300.000000 500.000000
400.000000 500.000000
500.000000 500.000000
600.000000 500.000000
700.000000 500.000000
800.000000 500.000000
200.000000 600.000000
300.000000 600.000000
400.000000 600.000000
500.000000 600.000000
600.000000 600.000000
700.000000 600.000000
800.000000 600.000000
200.000000 700.000000
300.000000 700.000000
400.000000 700.000000
500.000000 700.000000
600.000000 700.000000
700.000000 700.000000
800.000000 700.000000
200.000000 800.000000
300.000000 800.000000
400.000000 800.000000
500.000000 800.000000
600.000000 800.000000
700.000000 800.000000
800.000000 800.000000
200.000000 200.000000
300.000000 200.000000
400.000000 200.000000
500.000000 200.000000
600.000000 200.000000
700.000000 200.000000
800.000000 200.000000
200.000000 300.000000
300.000000 300.000000
400.000000 300.000000
500.000000 300.000000
600.000000 300.000000
700.000000 300.000000
800.000000 300.000000
200.000000 400.000000
300.000000 400.000000
400.000000 400.000000
500.000000 400.000000
600.000000 400.000000
700.000000 400.000000
800.000000 400.000000
200.000000 500.000000
300.000000 500.000000
400.000000 500.000000
1537.784349 184.576562
600.000000 500.000000
700.000000 500.000000
800.000000 500.000000
200.000000 600.000000
300.000000 600.000000
400.000000 600.000000
500.000000 600.000000
600.000000 600.000000
700.000000 600.000000
800.000000 600.000000
200.000000 700.000000
300.000000 700.000000
400.000000 700.000000
500.000000 700.000000
600.000000 700.000000
700.000000 700.000000
800.000000 700.000000
200.000000 800.000000
300.000000 800.000000
400.000000 800.000000
500.000000 800.000000
600.000000 800.000000
700.000000 800.000000
800.000000 800.000000
684.409256 268.927764
300.000000 200.000000
773.940913 293.178746
841.244227 281.145283
940.359378 329.779698
997.156236 360.307527
1101.322298 401.205908
716.484165 382.330564
674.899675 326.520485
763.873690 324.929221
861.087530 307.120590
923.630377 400.410091
1006.630495 435.530662
1093.588186 461.200794
782.096990 481.228314
761.597309 422.472234
731.238478 428.772614
779.172232 441.834540
600.000000 400.000000
1001.326753 509.090436
1133.486435 588.579994
850.576571 594.695508
802.956843 467.199769
699.952316 532.843897
788.994194 532.425951
899.514979 552.949714
989.669184 566.638666
1106.906327 612.431956
769.621279 758.451876
812.812489 753.447570
858.385810 747.908891
785.998824 624.597738
893.694883 641.420470
976.278782 636.735311
1068.621747 649.096259
716.210227 801.983044
766.825662 800.606520
825.606386 782.349526
799.252641 722.995354
903.898436 726.238448
975.529839 717.995895
1052.035007 698.932289
687.415443 820.037835
738.599978 824.421893
779.668402 773.280221
859.161943 774.891329
927.508615 775.842581
977.720906 787.314024
1041.059261 770.416115
726.302881 432.458390
709.685432 303.360285
400.000000 200.000000
844.346933 233.380714
850.259278 246.837904
941.622615 269.055683
1074.102439 295.793864
702.538735 446.890294
761.316905 368.739829
805.408164 334.208178
865.515848 285.376446
916.513451 306.025267
981.827140 323.762897
1073.218811 349.867270
733.120580 517.769002
792.489878 452.451298
856.108808 386.474192
891.749100 383.392406
874.562528 355.481935
1001.417780 374.757872
1073.249533 389.092174
764.380269 591.029388
833.083111 517.201569
679.586161 386.992225
775.375849 406.179311
888.442492 431.550046
981.425495 390.216460
1039.948875 456.407708
809.711714 656.697003
890.947601 628.860362
708.624888 432.658661
782.293682 438.737928
933.356335 371.102531
1137.188302 494.704453
1159.754025 461.497877
964.177582 755.694443
982.198419 704.737086
995.359822 669.090117
1050.572411 642.323714
1111.145477 589.181895
1170.413667 546.288022
1220.415663 524.453253
991.918491 835.163297
1009.578288 765.377386
1035.566573 718.264734
1074.169962 685.671754
1102.998470 643.001456
1116.681109 598.664312
800.000000 800.000000
200.000000 200.000000
300.000000 200.000000
400.000000 200.000000
500.000000 200.000000
600.000000 200.000000
700.000000 200.000000
800.000000 200.000000
200.000000 300.000000
300.000000 300.000000
400.000000 300.000000
500.000000 300.000000
600.000000 300.000000
700.000000 300.000000
800.000000 300.000000
200.000000 400.000000
300.000000 400.000000
400.000000 400.000000
500.000000 400.000000
600.000000 400.000000
700.000000 400.000000
800.000000 400.000000
200.000000 500.000000
300.000000 500.000000
400.000000 500.000000
500.000000 500.000000
600.000000 500.000000
700.000000 500.000000
800.000000 500.000000
200.000000 600.000000
300.000000 600.000000
400.000000 600.000000
500.000000 600.000000
600.000000 600.000000
700.000000 600.000000
800.000000 600.000000
200.000000 700.000000
300.000000 700.000000
400.000000 700.000000
500.000000 700.000000
600.000000 700.000000
700.000000 700.000000
800.000000 700.000000
200.000000 800.000000
300.000000 800.000000
400.000000 800.000000
500.000000 800.000000
600.000000 800.000000
700.000000 800.000000
800.000000 800.000000
200.000000 200.000000
300.000000 200.000000
400.000000 200.000000
500.000000 200.000000
600.000000 200.000000
700.000000 200.000000
800.000000 200.000000
200.000000 300.000000
300.000000 300.000000
400.000000 300.000000
500.000000 300.000000
600.000000 300.000000
700.000000 300.000000
800.000000 300.000000
200.000000 400.000000
300.000000 400.000000
400.000000 400.000000
500.000000 400.000000
600.000000 400.000000
700.000000 400.000000
800.000000 400.000000
200.000000 500.000000
300.000000 500.000000
400.000000 500.000000
500.000000 500.000000
600.000000 500.000000
700.000000 500.000000
800.000000 500.000000
200.000000 600.000000
300.000000 600.000000
400.000000 600.000000
500.000000 600.000000
600.000000 600.000000
700.000000 600.000000
800.000000 600.000000
200.000000 700.000000
300.000000 700.000000
400.000000 700.000000
500.000000 700.000000
600.000000 700.000000
700.000000 700.000000
800.000000 700.000000
200.000000 800.000000
300.000000 800.000000
400.000000 800.000000
500.000000 800.000000
600.000000 800.000000
700.000000 800.000000
800.000000 800.000000
200.000000 200.000000
300.000000 200.000000
400.000000 200.000000
500.000000 200.000000
600.000000 200.000000
700.000000 200.000000
800.000000 200.000000
200.000000 300.000000
300.000000 300.000000
400.000000 300.000000
500.000000 300.000000
600.000000 300.000000
700.000000 300.000000
800.000000 300.000000
200.000000 400.000000
300.000000 400.000000
400.000000 400.000000
500.000000 400.000000
600.000000 400.000000
700.000000 400.000000
800.000000 400.000000
200.000000 500.000000
300.000000 500.000000
400.000000 500.000000
500.000000 500.000000
600.000000 500.000000
700.000000 500.000000
800.000000 500.000000
200.000000 600.000000
300.000000 600.000000
400.000000 600.000000
500.000000 600.000000
600.000000 600.000000
700.000000 600.000000
800.000000 600.000000
200.000000 700.000000
300.000000 700.000000
400.000000 700.000000
500.000000 700.000000
600.000000 700.000000
700.000000 700.000000
800.000000 700.000000
200.000000 800.000000
300.000000 800.000000
400.000000 800.000000
500.000000 800.000000
600.000000 800.000000
700.000000 800.000000
800.000000 800.000000
705.314851 928.911017
778.295102 893.971483
978.583502 795.975274
1047.330634 749.179619
1020.037012 832.392445
1078.799603 831.039181
1149.012891 830.741928
762.713249 965.841589
835.084930 945.296437
910.559530 946.021250
1023.636077 839.467818
1146.871407 769.314847
1106.016295 878.010828
1159.359042 886.914649
803.664977 1046.496275
867.338589 1016.287674
949.475449 973.268504
1039.382655 903.345968
1127.483015 838.500877
1137.839184 933.674433
1124.936389 927.021684
907.024338 799.477365
919.043237 1050.630856
1007.881304 992.744811
1103.316989 989.786021
1128.134332 896.523453
1168.655755 977.519817
1021.531600 768.505091
926.011255 885.783182
947.866923 883.637640
961.243547 929.447834
992.410881 928.881217
1060.706850 920.767287
1044.690834 820.598982
1015.379016 794.086719
938.002782 980.909168
968.556229 972.864273
993.967908 986.821871
1021.131078 937.220865
1051.765153 899.199535
1072.962464 858.680082
800.000000 700.000000
970.903169 1026.891727
1009.992205 1020.032938
1017.816800 1036.841289
1038.690915 1016.870917
1067.761988 954.723523
1080.827032 908.159455
1111.699636 903.083685
200.000000 200.000000
300.000000 200.000000
400.000000 200.000000
500.000000 200.000000
600.000000 200.000000
700.000000 200.000000
800.000000 200.000000
200.000000 300.000000
300.000000 300.000000
400.000000 300.000000
500.000000 300.000000
600.000000 300.000000
700.000000 300.000000
800.000000 300.000000
200.000000 400.000000
300.000000 400.000000
400.000000 400.000000
500.000000 400.000000
600.000000 400.000000
700.000000 400.000000
800.000000 400.000000
200.000000 500.000000
300.000000 500.000000
400.000000 500.000000
500.000000 500.000000
600.000000 500.000000
700.000000 500.000000
800.000000 500.000000
200.000000 600.000000
300.000000 600.000000
400.000000 600.000000
500.000000 600.000000
600.000000 600.000000
700.000000 600.000000
800.000000 600.000000
200.000000 700.000000
300.000000 700.000000
400.000000 700.000000
500.000000 700.000000
600.000000 700.000000
700.000000 700.000000
800.000000 700.000000
200.000000 800.000000
300.000000 800.000000
400.000000 800.000000
500.000000 800.000000
600.000000 800.000000
700.000000 800.000000
800.000000 800.000000
537.676241 254.470351
530.172613 227.285833
543.254251 325.695676
615.560167 340.164361
734.149571 413.480760
787.821127 396.415117
903.808783 384.502904
579.428820 315.321067
501.721001 324.676134
564.343261 377.898495
644.305953 426.940778
745.402121 470.296939
780.029024 478.894609
895.339800 446.029501
593.692625 382.329222
619.209843 388.129746
637.158265 370.768538
645.229837 491.126158
755.142037 529.145600
910.907241 548.658249
692.853243 280.109876
608.336192 460.744955
640.677753 441.788331
546.011958 561.374351
644.985248 577.992949
764.914988 601.998743
668.046864 331.524197
684.361749 385.110773
603.609850 536.937802
649.811045 511.791912
573.394633 606.358596
639.717051 619.800373
617.241959 417.709046
654.331106 418.825821
703.724183 474.534002
607.742150 602.708233
659.123567 587.049287
539.164958 609.595685
605.033292 660.153186
660.075585 555.952666
676.720655 536.744974
724.153508 574.227054
677.645905 690.731195
701.150867 676.990964
737.719469 663.561231
562.124938 708.237727
626.175691 779.518480
654.508565 684.145094
741.032129 690.318708
580.977373 301.627113
637.024847 265.221796
671.788263 225.866882
668.835834 272.390086
706.680605 268.345170
745.465102 256.753053
802.512395 239.053223
200.000000 300.000000
633.522752 322.088390
686.599283 288.939291
739.069695 250.957444
763.679130 339.532289
767.989981 306.351594
815.308868 319.312288
547.723764 401.824812
578.324161 394.628811
671.860540 360.370309
605.924880 393.208136
753.702928 433.367872
898.251772 444.926298
850.229890 376.716910
537.264657 505.078531
601.193005 477.056333
543.167923 451.758554
639.998813 467.091453
757.425732 490.504645
799.965274 452.765069
849.125774 436.951514
537.835159 592.309686
618.699020 560.638947
600.292654 515.413099
677.393017 528.039522
775.567331 525.406488
852.548245 515.170584
898.310356 505.460325
817.288393 627.751917
627.798768 598.019853
635.839919 572.387530
726.119621 602.490543
800.802943 604.075266
861.410925 591.862614
928.514192 608.323673
581.435349 652.354049
649.217219 625.777592
702.881545 631.849824
757.213051 633.511351
813.264964 633.618233
880.551582 660.021808
956.138815 690.240004
738.881633 422.813874
758.093018 404.428193
804.378672 381.043391
841.857024 363.423848
859.081637 414.189879
994.474843 367.531459
1033.106824 413.416749
721.594410 496.081666
763.927793 458.711915
792.801770 430.661339
746.274934 388.773112
872.884566 471.515182
995.408835 485.241273
1050.518181 471.894475
750.533194 554.226380
763.727429 510.404151
769.259795 462.990825
756.749338 496.571444
890.308540 527.403458
998.838953 556.573364
958.593755 341.279528
787.211388 612.310881
777.457014 555.850928
688.297149 569.666920
785.600668 583.447011
898.382438 603.331742
860.598886 466.676814
930.863379 446.549631
841.550685 647.546368
946.873616 597.362957
717.590726 614.754419
793.952848 617.772286
847.118438 587.664713
888.158413 513.970628
973.977072 478.890504
849.661116 748.842702
979.032320 776.282362
744.237815 623.129198
799.608727 629.421012
852.894470 623.003361
909.124669 559.138255
973.815905 606.160977
881.291805 815.813413
954.428411 822.717092
778.103290 665.974293
793.781154 766.868132
866.509785 685.402402
914.093780 700.494787
1001.405375 706.277330
200.000000 200.000000
300.000000 200.000000
400.000000 200.000000
500.000000 200.000000
600.000000 200.000000
700.000000 200.000000
800.000000 200.000000
200.000000 300.000000
300.000000 300.000000
400.000000 300.000000
500.000000 300.000000
600.000000 300.000000
700.000000 300.000000
800.000000 300.000000
200.000000 400.000000
300.000000 400.000000
400.000000 400.000000
500.000000 400.000000
600.000000 400.000000
700.000000 400.000000
800.000000 400.000000
200.000000 500.000000
300.000000 500.000000
400.000000 500.000000
500.000000 500.000000
600.000000 500.000000
700.000000 500.000000
800.000000 500.000000
200.000000 600.000000
300.000000 600.000000
400.000000 600.000000
500.000000 600.000000
600.000000 600.000000
700.000000 600.000000
800.000000 600.000000
200.000000 700.000000
300.000000 700.000000
400.000000 700.000000
500.000000 700.000000
600.000000 700.000000
700.000000 700.000000
800.000000 700.000000
200.000000 800.000000
300.000000 800.000000
400.000000 800.000000
500.000000 800.000000
600.000000 800.000000
700.000000 800.000000
800.000000 800.000000
200.000000 200.000000
300.000000 200.000000
400.000000 200.000000
500.000000 200.000000
600.000000 200.000000
700.000000 200.000000
800.000000 200.000000
200.000000 300.000000
300.000000 300.000000
400.000000 300.000000
500.000000 300.000000
600.000000 300.000000
700.000000 300.000000
800.000000 300.000000
200.000000 400.000000
300.000000 400.000000
400.000000 400.000000
500.000000 400.000000
600.000000 400.000000
700.000000 400.000000
800.000000 400.000000
200.000000 500.000000
300.000000 500.000000
400.000000 500.000000
1379.143855 294.662579
1457.679354 293.663654
700.000000 500.000000
800.000000 500.000000
200.000000 600.000000
300.000000 600.000000
400.000000 600.000000
500.000000 600.000000
600.000000 600.000000
700.000000 600.000000
800.000000 600.000000
200.000000 700.000000
300.000000 700.000000
400.000000 700.000000
500.000000 700.000000
600.000000 700.000000
700.000000 700.000000
800.000000 700.000000
200.000000 800.000000
300.000000 800.000000
400.000000 800.000000
500.000000 800.000000
600.000000 800.000000
700.000000 800.000000
800.000000 800.000000
200.000000 200.000000
300.000000 200.000000
400.000000 200.000000
500.000000 200.000000
600.000000 200.000000
700.000000 200.000000
800.000000 200.000000
200.000000 300.000000
300.000000 300.000000
400.000000 300.000000
500.000000 300.000000
600.000000 300.000000
700.000000 300.000000
800.000000 300.000000
200.000000 400.000000
300.000000 400.000000
400.000000 400.000000
500.000000 400.000000
600.000000 400.000000
700.000000 400.000000
800.000000 400.000000
200.000000 500.000000
300.000000 500.000000
400.000000 500.000000
500.000000 500.000000
600.000000 500.000000
700.000000 500.000000
800.000000 500.000000
200.000000 600.000000
300.000000 600.000000
400.000000 600.000000
500.000000 600.000000
600.000000 600.000000
700.000000 600.000000
800.000000 600.000000
200.000000 700.000000
300.000000 700.000000
400.000000 700.000000
500.000000 700.000000
600.000000 700.000000
700.000000 700.000000
800.000000 700.000000
200.000000 800.000000
300.000000 800.000000
400.000000 800.000000
500.000000 800.000000
600.000000 800.000000
700.000000 800.000000
800.000000 800.000000
1250.932508 153.639575
1289.843841 136.688575
1292.813397 126.112855
1310.303882 137.594226
600.000000 200.000000
1333.778035 193.100780
1334.626258 124.291395
1273.081231 164.788683
1305.151001 156.083230
1273.264589 172.954096
1325.985583 192.819866
600.000000 300.000000
1359.446253 256.557694
1350.811036 127.147175
1314.524530 181.745918
1350.312023 180.634254
1345.792336 157.012203
1328.485868 225.033551
600.000000 400.000000
1419.744969 279.029842
1494.392096 273.627991
1400.845289 327.499990
1404.575810 311.584829
1420.892504 308.736899
1377.724312 292.774532
1479.396916 311.335622
1450.960760 307.782465
1504.995448 291.095145
1413.035317 355.831420
1421.664231 359.930277
1444.988179 358.920210
1447.898640 359.781342
1456.627394 370.428324
700.000000 600.000000
1494.355704 345.157544
1416.903355 390.621469
1424.905948 384.586027
1454.800827 366.211861
1485.800929 344.186746
1504.441515 398.690071
1540.361268 348.120625
1574.274375 343.431307
1410.310250 402.508366
1428.493124 381.010301
1426.635428 412.306733
1469.129800 377.533126
1519.131650 353.514262
1540.616192 361.306201
1570.825815 355.488349
1230.042104 150.300713
1236.395522 177.303184
1251.529754 191.205354
1259.383771 172.029129
1262.318994 123.627296
1272.913880 83.531718
1285.240108 44.235920
1227.801121 188.843962
1244.342590 218.982565
1252.905379 203.742581
1367.718450 211.421874
600.000000 300.000000
1283.900009 112.810195
1293.627285 87.325053
1231.126487 212.806376
1227.244014 215.944083
1260.189771 205.469637
1338.962288 245.973589
1393.874584 236.904119
1290.955298 129.715928
1317.521886 132.300568
1241.131580 244.656388
1253.218555 254.447501
1269.087123 270.831570
1378.722450 293.928332
1478.399929 310.057132
1288.438526 172.202257
1285.497722 91.825584
1251.389042 273.810248
1274.254658 237.459116
1403.380279 211.001483
1169.700583 32.288363
1194.128310 76.440082
1289.175620 191.645355
1291.599359 142.523363
1256.335475 294.263337
1272.871475 279.621214
1288.968220 285.954314
1197.710122 94.699033
1222.296966 151.750558
1283.855046 219.667328
1291.428778 131.892825
1246.287644 292.929417
1278.805233 317.500109
1198.028028 95.407495
1205.789606 113.221822
1218.291017 122.591134
1279.411084 233.862163
1287.034886 194.959758
1565.494411 174.051563
1583.665822 181.521677
1610.781122 202.139887
500.000000 200.000000
600.000000 200.000000
1463.309319 329.935260
800.000000 200.000000
1531.698882 191.864572
300.000000 300.000000
400.000000 300.000000
1476.856878 304.651687
1496.668680 299.485305
1520.424634 354.930683
1512.937675 397.657515
1457.767936 263.930316
1484.263275 296.737188
1333.085814 165.512536
1388.548827 214.028785
1499.143657 345.189806
1517.930497 381.204343
1538.490801 435.415740
1428.321166 312.592165
1449.064343 325.526173
1344.292164 236.199533
1379.190757 292.681989
1482.709321 300.075378
1516.959729 413.181968
1533.790559 449.367497
1408.779336 346.610854
1453.020071 373.999858
1475.218440 390.911140
1420.560693 350.303626
1483.366050 406.801614
1535.440889 463.507996
1540.697876 470.549338
1401.007133 371.478047
1421.752029 389.784307
1470.299555 404.862204
1506.957632 428.240216
1479.947534 428.773684
1531.859285 485.391428
1546.041481 508.890557
1407.076831 445.847187
1419.824249 454.655482
1471.614867 439.848707
1500.829380 464.480262
600.000000 800.000000
1535.905262 522.557469
1540.770905 497.613198
200.000000 200.000000
300.000000 200.000000
400.000000 200.000000
500.000000 200.000000
600.000000 200.000000
700.000000 200.000000
800.000000 200.000000
200.000000 300.000000
300.000000 300.000000
400.000000 300.000000
500.000000 300.000000
600.000000 300.000000
700.000000 300.000000
800.000000 300.000000
200.000000 400.000000
300.000000 400.000000
400.000000 400.000000
500.000000 400.000000
600.000000 400.000000
700.000000 400.000000
800.000000 400.000000
200.000000 500.000000
300.000000 500.000000
400.000000 500.000000
1375.786893 298.869529
600.000000 500.000000
700.000000 500.000000
800.000000 500.000000
200.000000 600.000000
300.000000 600.000000
400.000000 600.000000
500.000000 600.000000
600.000000 600.000000
700.000000 600.000000
800.000000 600.000000
200.000000 700.000000
300.000000 700.000000
400.000000 700.000000
500.000000 700.000000
600.000000 700.000000
700.000000 700.000000
800.000000 700.000000
200.000000 800.000000
300.000000 800.000000
400.000000 800.000000
500.000000 800.000000
600.000000 800.000000
700.000000 800.000000
800.000000 800.000000
605.329905 189.314952
661.417183 278.166690
733.601935 363.247555
765.578655 406.323271
824.392087 417.221632
908.113502 443.692022
977.335581 479.577336
536.803921 199.917702
605.401870 293.658262
741.558987 428.892473
500.000000 300.000000
310.701399 183.268045
417.992478 198.122476
505.172065 193.130863
500.706988 237.633854
533.440154 328.177010
647.132284 427.381939
277.754618 207.809181
350.220370 244.816134
434.386940 236.171577
509.100938 231.568132
467.441125 261.532185
453.338864 353.341376
492.032299 404.258860
278.186310 288.892340
383.116485 305.144586
700.000000 500.000000
564.896797 336.812421
356.118882 318.914763
385.447573 389.118842
404.755750 440.606071
318.881834 338.921154
383.634054 412.055145
505.778930 389.385150
593.755125 425.333540
321.710754 345.123248
335.787160 432.545839
317.578214 382.810040
364.119136 401.679053
439.279330 432.524310
524.534967 468.882701
603.187718 452.761645
292.413561 376.922052
300.000000 800.000000
371.408804 498.190241
452.201692 528.674260
458.867599 548.561831
538.938708 492.724134
621.923994 481.227080
261.146543 10.219870
264.747049 36.289548
306.464785 36.704427
365.360736 43.742768
465.735012 33.818193
741.305758 143.860265
866.550740 186.446235
265.435079 57.360590
227.749670 58.174111
292.602802 96.633881
337.151884 94.294012
393.353206 120.521841
576.319832 136.156522
780.498460 215.078191
253.973132 112.434051
300.000000 400.000000
274.395779 145.777446
312.750327 173.117338
420.134331 155.421738
566.638462 231.600396
708.622157 267.676039
253.639777 160.324185
279.714644 161.628296
323.739534 152.551919
275.342321 196.675199
395.960086 228.579477
526.591267 288.330358
653.462230 321.514872
279.920083 216.857860
283.801908 208.615300
301.021173 205.765470
264.005823 264.411041
287.145558 243.663441
346.703394 246.654635
590.861749 410.438134
280.022164 236.346734
291.646915 229.842348
313.158239 190.570720
328.595428 176.893839
310.750517 308.415623
430.704832 417.936892
565.476367 477.180591
289.950870 287.831145
300.000000 800.000000
325.831406 237.021302
344.020337 226.062535
340.750580 416.314168
416.949678 440.347177
552.442733 528.730551
427.453622 121.402999
450.517306 149.318504
381.127902 141.955800
434.143888 159.065798
490.130540 187.798318
609.066730 281.629385
696.930775 348.761272
335.158147 165.583643
394.661975 201.118291
302.932295 185.311551
388.391677 215.302683
463.660452 245.860121
585.459861 334.768860
713.208741 416.198466
290.109650 200.778770
300.000000 400.000000
425.500136 255.560815
468.205264 231.723115
472.804872 337.435040
574.813024 376.043016
705.282854 424.033670
293.075454 276.191011
321.099751 281.471747
383.721376 306.168493
358.579802 416.431277
472.058689 422.410762
556.509966 413.519856
724.066006 436.252888
366.701868 347.668721
307.941852 335.152591
362.694897 343.457498
432.519371 376.911382
488.794460 406.706282
544.818031 460.391355
619.720676 518.238241
395.354452 405.137214
314.526633 344.849351
339.939383 375.966665
500.000000 700.000000
457.767847 451.983856
502.813686 539.066536
566.922374 608.376945
424.111948 469.999034
515.879655 485.531540
349.416735 443.614111
385.002264 486.142749
424.049697 504.791607
455.224193 500.872521
542.338421 703.163943
200.000000 200.000000
300.000000 200.000000
400.000000 200.000000
500.000000 200.000000
600.000000 200.000000
700.000000 200.000000
800.000000 200.000000
200.000000 300.000000
300.000000 300.000000
400.000000 300.000000
500.000000 300.000000
600.000000 300.000000
700.000000 300.000000
800.000000 300.000000
200.000000 400.000000
300.000000 400.000000
400.000000 400.000000
500.000000 400.000000
600.000000 400.000000
700.000000 400.000000
800.000000 400.000000
200.000000 500.000000
300.000000 500.000000
400.000000 500.000000
866.110498 950.561833
600.000000 500.000000
700.000000 500.000000
800.000000 500.000000
200.000000 600.000000
300.000000 600.000000
400.000000 600.000000
500.000000 600.000000
600.000000 600.000000
700.000000 600.000000
800.000000 600.000000
200.000000 700.000000
300.000000 700.000000
400.000000 700.000000
500.000000 700.000000
600.000000 700.000000
700.000000 700.000000
800.000000 700.000000
200.000000 800.000000
300.000000 800.000000
400.000000 800.000000
500.000000 800.000000
600.000000 800.000000
700.000000 800.000000
800.000000 800.000000
550.078694 486.862358
648.355921 513.506347
676.913388 543.050688
489.975260 424.626529
613.762295 446.141326
728.890855 464.257564
836.709580 463.222082
536.039856 576.897158
572.861331 582.973343
450.046885 626.850528
444.054610 466.590805
645.059922 574.001638
752.438106 571.286084
887.839864 586.631122
478.107253 633.804272
425.146212 658.610886
480.611671 673.840220
529.817791 690.257641
636.706080 682.416685
777.556424 699.154067
876.878581 632.610767
452.448292 668.180755
474.127938 702.560593
510.571200 726.241685
518.783138 809.879160
664.790621 795.314614
759.927063 767.847600
901.121708 744.720649
542.743361 670.047655
456.374866 751.385807
515.335920 779.128844
579.358532 791.035726
603.805775 814.281177
741.331219 838.134896
800.000000 600.000000
526.124344 728.612502
571.800054 769.313494
503.305610 838.780208
789.679536 812.481949
565.712072 863.149321
615.301815 861.449745
870.247437 845.558214
514.389428 808.183027
591.590790 817.002232
684.304310 826.745158
784.023845 846.057645
886.744062 834.589869
1012.100684 786.236727
1157.985901 719.470610
934.046549 667.616840
984.617753 682.487324
1023.063696 685.033486
1067.228606 691.782716
1132.708978 687.647686
1186.225299 684.111166
1233.168704 717.062726
934.735554 731.733062
988.979286 751.332216
1053.103289 789.649627
1074.056906 789.139471
1077.536648 764.608267
1180.942761 782.070433
1220.512097 828.171103
933.695993 822.060630
991.990747 817.936761
1044.694959 834.678013
933.277981 798.713311
1002.355122 827.235083
1163.305834 1003.624135
1208.147237 926.132279
897.157223 829.012867
969.889608 844.245928
1126.722541 993.630610
867.812512 950.458882
1150.599907 1009.615250
1159.520028 1018.366723
1191.313058 977.178481
1103.336514 963.946551
300.000000 600.000000
1124.846886 1013.657749
1141.440621 1029.986356
1149.064445 1037.915608
1155.947216 1043.579986
1166.596089 1033.201987
1084.933848 996.103782
1095.742447 1024.335166
1116.643162 1046.297109
1134.828783 1059.442995
1159.616936 1061.506038
1146.714800 1062.336235
1149.999181 1052.342968
1069.443521 1051.925438
1093.425571 1041.429531
1104.461048 1069.797856
1124.410573 1059.958523
1135.981000 1062.631646
1172.939576 1062.995868
1181.704357 1060.555886
200.000000 200.000000
300.000000 200.000000
400.000000 200.000000
500.000000 200.000000
600.000000 200.000000
700.000000 200.000000
800.000000 200.000000
200.000000 300.000000
300.000000 300.000000
400.000000 300.000000
500.000000 300.000000
600.000000 300.000000
700.000000 300.000000
800.000000 300.000000
200.000000 400.000000
300.000000 400.000000
400.000000 400.000000
500.000000 400.000000
600.000000 400.000000
700.000000 400.000000
800.000000 400.000000
200.000000 500.000000
300.000000 500.000000
400.000000 500.000000
613.043813 980.687676
600.000000 500.000000
700.000000 500.000000
800.000000 500.000000
200.000000 600.000000
300.000000 600.000000
400.000000 600.000000
500.000000 600.000000
600.000000 600.000000
700.000000 600.000000
800.000000 600.000000
200.000000 700.000000
300.000000 700.000000
400.000000 700.000000
500.000000 700.000000
600.000000 700.000000
700.000000 700.000000
800.000000 700.000000
200.000000 800.000000
300.000000 800.000000
400.000000 800.000000
500.000000 800.000000
600.000000 800.000000
700.000000 800.000000
800.000000 800.000000
594.706539 130.106798
300.000000 200.000000
525.018535 203.152323
547.617593 246.316941
663.679986 266.039293
778.502309 272.777074
901.551006 289.953034
530.589989 151.770581
603.712546 218.342245
400.000000 300.000000
587.440245 296.582628
678.145853 291.300930
794.834731 325.253782
878.150079 314.653892
533.248167 205.487058
598.387672 258.536642
685.176162 328.308088
631.742916 349.054996
647.405463 321.228480
879.465580 394.527997
1021.930434 466.061632
545.755845 263.796306
597.411436 327.551558
546.814609 389.462442
645.708058 407.035855
762.915388 433.381467
864.413824 450.528133
995.974466 502.660738
548.909948 375.175348
596.163583 402.293615
611.149858 461.766570
500.000000 600.000000
751.721902 516.396459
870.706680 533.112389
800.000000 600.000000
200.000000 700.000000
574.616229 495.829657
646.621070 515.402477
756.305738 542.089140
704.182088 541.943323
845.031156 586.069615
1011.220973 635.829712
571.375509 514.954186
618.373944 542.600220
700.973509 503.694666
731.468704 569.488759
821.527483 581.473188
875.704899 577.329333
963.898697 685.194593
200.000000 200.000000
300.000000 200.000000
400.000000 200.000000
500.000000 200.000000
600.000000 200.000000
700.000000 200.000000
800.000000 200.000000
200.000000 300.000000
300.000000 300.000000
400.000000 300.000000
500.000000 300.000000
600.000000 300.000000
700.000000 300.000000
800.000000 300.000000
200.000000 400.000000
300.000000 400.000000
400.000000 400.000000
500.000000 400.000000
600.000000 400.000000
700.000000 400.000000
800.000000 400.000000
200.000000 500.000000
300.000000 500.000000
400.000000 500.000000
500.000000 500.000000
600.000000 500.000000
700.000000 500.000000
800.000000 500.000000
200.000000 600.000000
300.000000 600.000000
400.000000 600.000000
500.000000 600.000000
600.000000 600.000000
700.000000 600.000000
800.000000 600.000000
200.000000 700.000000
300.000000 700.000000
400.000000 700.000000
500.000000 700.000000
600.000000 700.000000
700.000000 700.000000
800.000000 700.000000
200.000000 800.000000
300.000000 800.000000
400.000000 800.000000
500.000000 800.000000
600.000000 800.000000
700.000000 800.000000
800.000000 800.000000
475.767645 367.194344
517.137237 375.062320
557.189980 385.043322
589.548387 398.670414
619.558155 423.429210
593.665609 321.104174
649.644122 311.894301
435.039576 382.700157
484.426379 413.321512
515.544699 417.957886
511.368722 380.624090
555.771527 361.212680
604.799358 345.911278
648.459507 332.185075
429.415964 427.296244
447.290035 407.574584
478.835614 392.497087
519.172644 409.813589
547.507662 417.747629
636.366427 366.774827
659.559925 358.104869
399.250616 426.975744
556.990584 337.891280
477.576654 452.824950
503.274948 464.363733
549.978899 445.553652
648.425722 397.463276
674.275715 380.213587
545.514403 371.999539
566.181796 355.088143
598.929289 334.552861
639.135839 329.465008
671.180030 353.108754
663.881693 391.251814
681.579927 375.360526
546.698390 392.908866
583.759304 380.595548
604.259506 343.879087
634.394923 347.225024
666.677489 367.055419
675.039702 386.197569
695.729649 383.574566
574.881120 413.326091
594.914718 348.456045
612.038931 348.883095
634.093546 352.039696
650.214198 374.677888
666.502391 396.251344
694.688642 402.664132
315.052283 417.589902
382.014927 387.225356
400.000000 200.000000
496.922442 362.565356
531.334777 421.784369
547.773395 426.584241
573.639638 432.943364
284.987996 449.590729
368.608494 417.403397
423.849890 399.518349
491.198015 377.264228
535.491409 441.600623
568.077868 445.675743
576.200047 460.575496
461.110054 353.892192
376.159769 427.124644
454.285244 408.410336
531.143997 375.010254
574.874379 375.562172
652.160896 346.365538
722.102167 320.851145
200.000000 500.000000
473.199183 351.776923
497.295120 352.257660
501.323547 463.890968
563.684302 410.479618
666.580105 323.756029
697.239907 352.892463
384.987599 391.217771
457.286128 349.459287
487.386335 346.963148
580.188281 330.402260
599.439906 335.204039
634.141675 348.424352
677.096898 368.077099
392.759112 362.370026
426.600655 361.702477
480.048622 354.321858
554.226465 352.327372
597.650660 379.550887
613.468787 379.043162
661.451832 379.012710
350.817494 382.782245
399.443642 385.773015
461.390717 369.314541
500.459863 370.936604
566.484857 399.068292
602.341670 415.748789
683.323969 389.832109
395.529404 392.100031
419.699970 380.726980
424.879739 358.789452
450.532112 363.876935
469.374166 363.079553
476.799382 357.433927
481.613379 345.158117
389.716824 403.702451
418.247581 411.224239
435.589155 400.563471
453.802978 390.987847
464.836129 399.055003
483.068884 376.687616
493.248221 366.477042
388.627586 428.454260
413.423217 424.425143
432.137251 429.281481
457.618599 413.694199
487.942205 414.101004
489.153095 400.106406
500.502593 392.745323
381.891599 446.604309
414.167179 435.749789
438.103796 450.426626
502.468132 464.155826
495.407232 421.465706
700.000000 500.000000
514.828118 412.403139
389.408811 449.202988
430.066372 471.599708
461.001627 468.138498
490.785766 455.671415
509.674691 449.397318
519.858422 437.963885
532.480335 429.372967
429.349096 483.494443
441.249854 479.150662
459.251248 476.285664
486.022573 472.196382
502.602591 469.002257
548.983166 459.371411
559.438348 443.061388
454.695183 498.242829
496.889498 517.028942
400.000000 800.000000
514.247658 495.929164
531.857958 476.773960
551.475354 464.642731
579.903158 451.883343
200.000000 200.000000
300.000000 200.000000
400.000000 200.000000
500.000000 200.000000
600.000000 200.000000
700.000000 200.000000
800.000000 200.000000
200.000000 300.000000
300.000000 300.000000
400.000000 300.000000
500.000000 300.000000
600.000000 300.000000
700.000000 300.000000
800.000000 300.000000
200.000000 400.000000
300.000000 400.000000
400.000000 400.000000
500.000000 400.000000
600.000000 400.000000
700.000000 400.000000
800.000000 400.000000
200.000000 500.000000
300.000000 500.000000
400.000000 500.000000
501.862982 465.175865
600.000000 500.000000
700.000000 500.000000
800.000000 500.000000
200.000000 600.000000
300.000000 600.000000
400.000000 600.000000
500.000000 600.000000
600.000000 600.000000
700.000000 600.000000
800.000000 600.000000
200.000000 700.000000
300.000000 700.000000
400.000000 700.000000
500.000000 700.000000
600.000000 700.000000
700.000000 700.000000
800.000000 700.000000
200.000000 800.000000
300.000000 800.000000
400.000000 800.000000
500.000000 800.000000
600.000000 800.000000
700.000000 800.000000
800.000000 800.000000
200.000000 200.000000
300.000000 200.000000
400.000000 200.000000
500.000000 200.000000
600.000000 200.000000
700.000000 200.000000
800.000000 200.000000
200.000000 300.000000
300.000000 300.000000
400.000000 300.000000
500.000000 300.000000
600.000000 300.000000
700.000000 300.000000
800.000000 300.000000
200.000000 400.000000
300.000000 400.000000
400.000000 400.000000
500.000000 400.000000
600.000000 400.000000
700.000000 400.000000
800.000000 400.000000
200.000000 500.000000
300.000000 500.000000
400.000000 500.000000
500.000000 500.000000
600.000000 500.000000
700.000000 500.000000
800.000000 500.000000
200.000000 600.000000
300.000000 600.000000
400.000000 600.000000
500.000000 600.000000
600.000000 600.000000
700.000000 600.000000
800.000000 600.000000
200.000000 700.000000
300.000000 700.000000
400.000000 700.000000
500.000000 700.000000
600.000000 700.000000
700.000000 700.000000
800.000000 700.000000
200.000000 800.000000
300.000000 800.000000
400.000000 800.000000
500.000000 800.000000
600.000000 800.000000
700.000000 800.000000
800.000000 800.000000
200.000000 200.000000
300.000000 200.000000
400.000000 200.000000
500.000000 200.000000
600.000000 200.000000
700.000000 200.000000
800.000000 200.000000
200.000000 300.000000
300.000000 300.000000
400.000000 300.000000
500.000000 300.000000
600.000000 300.000000
700.000000 300.000000
800.000000 300.000000
200.000000 400.000000
300.000000 400.000000
400.000000 400.000000
500.000000 400.000000
600.000000 400.000000
700.000000 400.000000
800.000000 400.000000
200.000000 500.000000
300.000000 500.000000
400.000000 500.000000
499.340263 463.670996
600.000000 500.000000
700.000000 500.000000
800.000000 500.000000
200.000000 600.000000
300.000000 600.000000
400.000000 600.000000
500.000000 600.000000
600.000000 600.000000
700.000000 600.000000
800.000000 600.000000
200.000000 700.000000
300.000000 700.000000
400.000000 700.000000
500.000000 700.000000
600.000000 700.000000
700.000000 700.000000
800.000000 700.000000
200.000000 800.000000
300.000000 800.000000
400.000000 800.000000
500.000000 800.000000
600.000000 800.000000
700.000000 800.000000
800.000000 800.000000
200.000000 200.000000
300.000000 200.000000
400.000000 200.000000
500.000000 200.000000
600.000000 200.000000
700.000000 200.000000
800.000000 200.000000
200.000000 300.000000
300.000000 300.000000
400.000000 300.000000
500.000000 300.000000
600.000000 300.000000
700.000000 300.000000
800.000000 300.000000
200.000000 400.000000
300.000000 400.000000
400.000000 400.000000
500.000000 400.000000
600.000000 400.000000
700.000000 400.000000
800.000000 400.000000
200.000000 500.000000
300.000000 500.000000
400.000000 500.000000
500.000000 500.000000
600.000000 500.000000
700.000000 500.000000
800.000000 500.000000
200.000000 600.000000
300.000000 600.000000
400.000000 600.000000
500.000000 600.000000
600.000000 600.000000
700.000000 600.000000
800.000000 600.000000
200.000000 700.000000
300.000000 700.000000
400.000000 700.000000
500.000000 700.000000
600.000000 700.000000
700.000000 700.000000
800.000000 700.000000
200.000000 800.000000
300.000000 800.000000
400.000000 800.000000
500.000000 800.000000
600.000000 800.000000
700.000000 800.000000
800.000000 800.000000
200.000000 200.000000
300.000000 200.000000
400.000000 200.000000
500.000000 200.000000
600.000000 200.000000
700.000000 200.000000
800.000000 200.000000
200.000000 300.000000
300.000000 300.000000
400.000000 300.000000
500.000000 300.000000
600.000000 300.000000
700.000000 300.000000
800.000000 300.000000
200.000000 400.000000
300.000000 400.000000
400.000000 400.000000
500.000000 400.000000
600.000000 400.000000
700.000000 400.000000
800.000000 400.000000
200.000000 500.000000
300.000000 500.000000
400.000000 500.000000
500.000000 500.000000
600.000000 500.000000
700.000000 500.000000
800.000000 500.000000
200.000000 600.000000
300.000000 600.000000
400.000000 600.000000
500.000000 600.000000
600.000000 600.000000
700.000000 600.000000
800.000000 600.000000
200.000000 700.000000
300.000000 700.000000
400.000000 700.000000
500.000000 700.000000
600.000000 700.000000
700.000000 700.000000
800.000000 700.000000
200.000000 800.000000
300.000000 800.000000
400.000000 800.000000
500.000000 800.000000
600.000000 800.000000
700.000000 800.000000
800.000000 800.000000
495.431903 340.192155
512.286792 342.348424
526.258479 341.828708
535.957673 346.875414
545.267387 344.648484
555.455386 376.714138
554.687591 387.620157
501.409911 354.652748
499.783275 354.840013
523.348091 353.279068
515.602441 357.158086
524.496448 360.575872
536.885960 384.604587
548.709253 404.332243
430.853241 395.618675
450.106331 398.368503
516.206559 374.774351
488.653923 382.381313
493.593324 390.977009
515.338210 410.529344
537.053104 417.644983
428.655324 431.424399
452.107321 438.770994
472.351217 441.136634
500.000000 500.000000
486.923524 449.898479
505.728206 443.768841
532.248776 437.475708
424.745580 455.710811
443.294896 474.645857
459.637762 475.200933
475.104610 473.044341
488.433232 463.545949
511.858258 455.247863
527.801940 446.191931
428.229077 471.995492
436.847269 492.560140
463.628433 488.248646
478.617592 482.819795
487.573059 478.140245
516.993137 472.648467
534.656800 467.608088
423.916239 495.089293
444.512816 515.376913
475.603347 479.281549
481.398961 487.770134
479.121591 471.911766
525.875423 467.463970
536.014253 473.993946
411.633403 469.130560
450.784917 445.976648
494.115785 408.338619
525.766554 400.235808
558.393821 397.504445
573.320700 387.235442
583.905960 395.801573
403.674188 374.842238
423.989007 366.421091
490.321528 449.386383
524.622020 397.404468
543.204059 417.675450
563.659589 417.478915
584.194835 427.215671
408.041924 393.420196
442.520074 395.117417
471.724954 398.982317
500.000000 400.000000
565.333554 370.252618
547.831031 437.783055
800.000000 400.000000
423.915068 419.689102
455.627536 419.625421
483.104743 421.755369
498.877692 463.495131
520.405477 430.512421
539.598707 440.979712
561.064268 450.938374
431.883146 443.703831
472.364468 441.187787
503.391099 437.039663
493.842127 428.556536
515.770275 441.835773
533.288292 452.971424
560.952368 447.887188
435.863728 471.278776
483.354155 465.490473
517.770868 467.015908
473.258133 440.200799
503.214886 456.474986
528.967065 460.892395
550.007087 463.095549
434.016382 472.073637
448.821441 458.466732
400.000000 800.000000
521.969922 398.134078
524.959869 436.566230
533.513509 444.924143
530.778331 464.777748
511.456923 352.381334
494.940287 366.508272
513.228550 401.201857
500.000000 200.000000
551.474860 353.862532
556.016531 366.416986
562.952795 384.330918
492.464166 367.708625
493.198337 381.113036
507.437256 407.890412
529.701972 342.966639
532.212081 357.827948
541.442645 386.269052
555.032626 399.270135
474.111876 382.923137
487.090568 396.760868
497.436879 417.713477
506.159937 434.950468
525.635114 410.905358
540.969894 434.696007
552.716684 445.581907
457.992296 398.480946
484.854947 418.040938
490.137046 437.814413
497.571815 465.604023
521.810271 464.628536
537.736674 469.074219
553.248023 471.222961
460.454725 423.069297
473.769246 443.081848
474.259787 451.949894
486.286842 468.845622
469.846068 417.247752
482.663397 410.897199
492.366289 408.461844
439.091613 427.013242
444.659120 439.109492
456.920664 458.611531
452.086500 445.469640
472.259303 437.618678
488.571703 429.212196
494.314866 399.359634
200.000000 800.000000
426.776338 449.375771
437.668594 462.211209
444.148664 461.876371
466.322903 461.944721
484.000604 458.124636
503.557528 440.525555
330.640222 407.693205
343.001143 419.647928
400.000000 200.000000
372.287186 391.830500
385.697967 390.832445
411.980872 387.318158
418.019181 406.380504
320.488657 394.314345
337.258633 426.923730
365.631507 404.693747
393.790741 422.889196
389.883055 412.074569
410.485874 405.763459
435.245798 395.724686
314.668226 391.065668
339.627374 418.514321
358.776022 435.863067
374.155643 439.612981
389.377905 436.592750
413.857767 386.227517
433.917865 400.117164
313.134403 434.939595
331.161033 468.631871
414.868238 441.867539
495.560307 464.887970
391.700895 466.294891
415.347322 471.781350
418.679289 433.696602
278.635568 471.600287
321.954258 445.544682
389.248845 477.019810
378.120610 369.822618
399.819465 380.541523
412.341180 404.881864
800.000000 600.000000
263.476557 490.961479
276.758001 470.854263
351.166086 384.573956
387.186228 373.393130
397.016850 396.164492
406.387448 420.203104
417.985708 448.230402
241.355139 498.120989
378.533650 370.057375
400.000000 800.000000
371.229223 396.026869
386.061580 407.425940
396.574519 431.182288
410.992384 463.847727
454.781243 359.628825
473.003594 353.202989
492.544945 341.074179
518.136774 333.394380
538.700245 332.302849
557.793526 327.195780
563.621432 331.840151
444.693296 356.645231
458.691596 351.457588
500.467001 347.076584
521.200119 344.055846
545.040678 342.185134
544.336039 335.316941
579.628407 331.556403
460.594848 377.057588
453.243056 391.748247
467.299314 386.364349
542.311349 380.623770
555.979885 361.509501
569.844806 350.078775
584.527296 342.116975
427.768652 443.279831
527.979959 438.651056
463.794994 444.249991
501.808670 464.535036
556.530094 377.299588
573.115813 358.920435
585.832908 341.997897
499.643653 447.803320
512.155066 440.087900
541.268468 432.905816
545.076859 413.592419
560.266542 378.194383
700.000000 600.000000
591.812430 356.421456
511.360226 471.287589
532.713549 455.345805
538.199826 440.561318
545.237285 431.660791
566.060512 383.432657
585.550791 377.548060
598.269008 365.472403
521.589290 482.478248
533.025864 466.960088
548.817622 446.438385
552.888979 404.410639
562.646448 403.563041
700.000000 800.000000
604.303861 377.537511
200.000000 200.000000
300.000000 200.000000
400.000000 200.000000
500.000000 200.000000
600.000000 200.000000
700.000000 200.000000
800.000000 200.000000
200.000000 300.000000
300.000000 300.000000
400.000000 300.000000
500.000000 300.000000
600.000000 300.000000
700.000000 300.000000
800.000000 300.000000
200.000000 400.000000
300.000000 400.000000
400.000000 400.000000
500.000000 400.000000
600.000000 400.000000
700.000000 400.000000
800.000000 400.000000
200.000000 500.000000
300.000000 500.000000
400.000000 500.000000
500.296149 466.198969
600.000000 500.000000
700.000000 500.000000
800.000000 500.000000
200.000000 600.000000
300.000000 600.000000
400.000000 600.000000
500.000000 600.000000
600.000000 600.000000
700.000000 600.000000
800.000000 600.000000
200.000000 700.000000
300.000000 700.000000
400.000000 700.000000
500.000000 700.000000
600.000000 700.000000
700.000000 700.000000
800.000000 700.000000
200.000000 800.000000
300.000000 800.000000
400.000000 800.000000
500.000000 800.000000
600.000000 800.000000
700.000000 800.000000
800.000000 800.000000
