705.314851 928.911017
778.295102 893.971483
978.583502 795.975274
1047.330634 749.179619
1020.037012 832.392445
1078.799603 831.039181
1149.012891 830.741928
762.713249 965.841589
835.084930 945.296437
910.559530 946.021250
1023.636077 839.467818
1146.871407 769.314847
1106.016295 878.010828
1159.359042 886.914649
803.664977 1046.496275
867.338589 1016.287674
949.475449 973.268504
1039.382655 903.345968
1127.483015 838.500877
1137.839184 933.674433
1124.936389 927.021684
907.024338 799.477365
919.043237 1050.630856
1007.881304 992.744811
1103.316989 989.786021
1128.134332 896.523453
1168.655755 977.519817
1021.531600 768.505091
926.011255 885.783182
947.866923 883.637640
961.243547 929.447834
992.410881 928.881217
1060.706850 920.767287
1044.690834 820.598982
1015.379016 794.086719
938.002782 980.909168
968.556229 972.864273
993.967908 986.821871
1021.131078 937.220865
1051.765153 899.199535
1072.962464 858.680082
800.000000 700.000000
970.903169 1026.891727
1009.992205 1020.032938
1017.816800 1036.841289
1038.690915 1016.870917
1067.761988 954.723523
1080.827032 908.159455
1111.699636 903.083685
