605.329905 189.314952
661.417183 278.166690
733.601935 363.247555
765.578655 406.323271
824.392087 417.221632
908.113502 443.692022
977.335581 479.577336
536.803921 199.917702
605.401870 293.658262
741.558987 428.892473
500.000000 300.000000
310.701399 183.268045
417.992478 198.122476
505.172065 193.130863
500.706988 237.633854
533.440154 328.177010
647.132284 427.381939
277.754618 207.809181
350.220370 244.816134
434.386940 236.171577
509.100938 231.568132
467.441125 261.532185
453.338864 353.341376
492.032299 404.258860
278.186310 288.892340
383.116485 305.144586
700.000000 500.000000
564.896797 336.812421
356.118882 318.914763
385.447573 389.118842
404.755750 440.606071
318.881834 338.921154
383.634054 412.055145
505.778930 389.385150
593.755125 425.333540
321.710754 345.123248
335.787160 432.545839
317.578214 382.810040
364.119136 401.679053
439.279330 432.524310
524.534967 468.882701
603.187718 452.761645
292.413561 376.922052
300.000000 800.000000
371.408804 498.190241
452.201692 528.674260
458.867599 548.561831
538.938708 492.724134
621.923994 481.227080
