358.007483 672.330194
371.361232 623.713278
418.653580 590.040235
479.710237 605.281752
512.384094 621.680011
561.583137 669.046664
617.878183 713.135518
389.351257 724.825989
383.397450 654.658717
445.172193 670.236309
454.574703 655.469157
501.659579 646.028545
545.155647 692.249786
613.269882 744.343527
391.799362 762.286671
373.458965 700.342567
400.000000 400.000000
435.785537 670.545273
490.245561 679.536751
700.000000 400.000000
800.000000 400.000000
422.648634 852.034376
470.704017 840.961133
511.897480 807.762688
430.995501 766.080328
480.007986 711.535834
569.654283 764.650624
634.390984 807.682147
462.115986 919.785832
504.550679 902.997274
408.984643 776.977245
665.269830 863.347852
491.428811 768.747978
575.581045 806.924499
645.622957 830.151916
548.475448 1052.632191
548.814273 975.720230
621.293647 938.558076
482.105442 832.320198
600.000000 700.000000
592.857562 902.737340
635.014636 903.256734
200.000000 800.000000
439.130892 917.228498
475.354641 905.304421
536.320874 938.244918
575.029227 946.784020
608.763609 977.511735
644.504564 996.242086
