580.977373 301.627113
637.024847 265.221796
671.788263 225.866882
668.835834 272.390086
706.680605 268.345170
745.465102 256.753053
802.512395 239.053223
200.000000 300.000000
633.522752 322.088390
686.599283 288.939291
739.069695 250.957444
763.679130 339.532289
767.989981 306.351594
815.308868 319.312288
547.723764 401.824812
578.324161 394.628811
671.860540 360.370309
605.924880 393.208136
753.702928 433.367872
898.251772 444.926298
850.229890 376.716910
537.264657 505.078531
601.193005 477.056333
543.167923 451.758554
639.998813 467.091453
757.425732 490.504645
799.965274 452.765069
849.125774 436.951514
537.835159 592.309686
618.699020 560.638947
600.292654 515.413099
677.393017 528.039522
775.567331 525.406488
852.548245 515.170584
898.310356 505.460325
817.288393 627.751917
627.798768 598.019853
635.839919 572.387530
726.119621 602.490543
800.802943 604.075266
861.410925 591.862614
928.514192 608.323673
581.435349 652.354049
649.217219 625.777592
702.881545 631.849824
757.213051 633.511351
813.264964 633.618233
880.551582 660.021808
956.138815 690.240004
