738.881633 422.813874
758.093018 404.428193
804.378672 381.043391
841.857024 363.423848
859.081637 414.189879
994.474843 367.531459
1033.106824 413.416749
721.594410 496.081666
763.927793 458.711915
792.801770 430.661339
746.274934 388.773112
872.884566 471.515182
995.408835 485.241273
1050.518181 471.894475
750.533194 554.226380
763.727429 510.404151
769.259795 462.990825
756.749338 496.571444
890.308540 527.403458
998.838953 556.573364
958.593755 341.279528
787.211388 612.310881
777.457014 555.850928
688.297149 569.666920
785.600668 583.447011
898.382438 603.331742
860.598886 466.676814
930.863379 446.549631
841.550685 647.546368
946.873616 597.362957
717.590726 614.754419
793.952848 617.772286
847.118438 587.664713
888.158413 513.970628
973.977072 478.890504
849.661116 748.842702
979.032320 776.282362
744.237815 623.129198
799.608727 629.421012
852.894470 623.003361
909.124669 559.138255
973.815905 606.160977
881.291805 815.813413
954.428411 822.717092
778.103290 665.974293
793.781154 766.868132
866.509785 685.402402
914.093780 700.494787
1001.405375 706.277330
