550.078694 486.862358
648.355921 513.506347
676.913388 543.050688
489.975260 424.626529
613.762295 446.141326
728.890855 464.257564
836.709580 463.222082
536.039856 576.897158
572.861331 582.973343
450.046885 626.850528
444.054610 466.590805
645.059922 574.001638
752.438106 571.286084
887.839864 586.631122
478.107253 633.804272
425.146212 658.610886
480.611671 673.840220
529.817791 690.257641
636.706080 682.416685
777.556424 699.154067
876.878581 632.610767
452.448292 668.180755
474.127938 702.560593
510.571200 726.241685
518.783138 809.879160
664.790621 795.314614
759.927063 767.847600
901.121708 744.720649
542.743361 670.047655
456.374866 751.385807
515.335920 779.128844
579.358532 791.035726
603.805775 814.281177
741.331219 838.134896
800.000000 600.000000
526.124344 728.612502
571.800054 769.313494
503.305610 838.780208
789.679536 812.481949
565.712072 863.149321
615.301815 861.449745
870.247437 845.558214
514.389428 808.183027
591.590790 817.002232
684.304310 826.745158
784.023845 846.057645
886.744062 834.589869
1012.100684 786.236727
1157.985901 719.470610
