511.456923 352.381334
494.940287 366.508272
513.228550 401.201857
500.000000 200.000000
551.474860 353.862532
556.016531 366.416986
562.952795 384.330918
492.464166 367.708625
493.198337 381.113036
507.437256 407.890412
529.701972 342.966639
532.212081 357.827948
541.442645 386.269052
555.032626 399.270135
474.111876 382.923137
487.090568 396.760868
497.436879 417.713477
506.159937 434.950468
525.635114 410.905358
540.969894 434.696007
552.716684 445.581907
457.992296 398.480946
484.854947 418.040938
490.137046 437.814413
497.571815 465.604023
521.810271 464.628536
537.736674 469.074219
553.248023 471.222961
460.454725 423.069297
473.769246 443.081848
474.259787 451.949894
486.286842 468.845622
469.846068 417.247752
482.663397 410.897199
492.366289 408.461844
439.091613 427.013242
444.659120 439.109492
456.920664 458.611531
452.086500 445.469640
472.259303 437.618678
488.571703 429.212196
494.314866 399.359634
200.000000 800.000000
426.776338 449.375771
437.668594 462.211209
444.148664 461.876371
466.322903 461.944721
484.000604 458.124636
503.557528 440.525555
