315.052283 417.589902
382.014927 387.225356
400.000000 200.000000
496.922442 362.565356
531.334777 421.784369
547.773395 426.584241
573.639638 432.943364
284.987996 449.590729
368.608494 417.403397
423.849890 399.518349
491.198015 377.264228
535.491409 441.600623
568.077868 445.675743
576.200047 460.575496
461.110054 353.892192
376.159769 427.124644
454.285244 408.410336
531.143997 375.010254
574.874379 375.562172
652.160896 346.365538
722.102167 320.851145
200.000000 500.000000
473.199183 351.776923
497.295120 352.257660
501.323547 463.890968
563.684302 410.479618
666.580105 323.756029
697.239907 352.892463
384.987599 391.217771
457.286128 349.459287
487.386335 346.963148
580.188281 330.402260
599.439906 335.204039
634.141675 348.424352
677.096898 368.077099
392.759112 362.370026
426.600655 361.702477
480.048622 354.321858
554.226465 352.327372
597.650660 379.550887
613.468787 379.043162
661.451832 379.012710
350.817494 382.782245
399.443642 385.773015
461.390717 369.314541
500.459863 370.936604
566.484857 399.068292
602.341670 415.748789
683.323969 389.832109
