513.833594 583.015138
627.667710 538.625228
716.360450 536.116570
786.670263 527.672132
845.060807 532.989956
907.111907 565.813595
946.671368 584.712570
528.165761 636.416443
605.030295 618.244450
674.519237 588.812820
752.962593 580.644037
757.683335 528.072890
807.831347 599.159205
897.867781 617.422561
533.813722 700.282544
586.518970 693.558116
372.995393 605.246384
473.260612 616.719858
576.337939 627.878585
783.085532 630.979668
839.502866 673.933405
524.435202 740.573214
541.774261 740.905599
400.000000 500.000000
486.586122 688.472320
607.217984 692.825555
696.306424 696.241146
802.957170 727.835849
529.143647 784.501477
555.638963 785.897410
613.959701 753.815920
498.102211 766.141805
606.478921 789.477067
687.680153 786.465793
720.992581 799.197293
521.986803 845.700617
573.897531 823.145464
634.573619 776.351512
687.454998 756.604912
632.338448 884.729762
696.179143 880.859220
777.108189 867.662557
536.497241 898.902162
630.682850 861.387939
671.080388 829.507250
702.769297 816.251326
757.316972 830.869090
667.918585 912.671382
776.664404 922.304702
