200.000000 200.000000
300.000000 200.000000
400.000000 200.000000
369.905001 476.630705
402.819049 473.284355
439.871363 389.253261
461.760170 314.472385
200.000000 300.000000
338.090390 660.468962
400.000000 300.000000
378.814183 589.605765
436.059487 511.866002
486.986547 445.853044
511.085174 375.538291
200.000000 400.000000
313.660418 788.672764
344.882689 718.176545
396.763078 663.755069
438.217837 563.418731
526.087970 487.177355
595.468345 405.656929
307.298558 801.950307
320.113438 788.365178
360.769825 773.958314
444.922451 741.087206
530.926212 733.752690
560.801987 511.460252
609.177278 459.969989
368.262541 841.119624
320.506269 850.916930
352.024484 842.872625
443.782766 844.662038
543.165593 832.335987
591.896430 556.501386
642.627846 504.118275
452.351406 868.329418
506.426710 844.849922
565.969926 829.526939
621.508940 819.840920
675.368029 815.971300
635.436978 603.468422
680.216135 569.650974
522.099877 869.138929
586.109136 867.171321
638.315935 873.525037
686.212899 860.392020
747.298391 842.907667
725.522944 718.468508
736.561212 612.224337
