-1.90407488417702 -1.77749764610490 0.11055888701190 
-1.99967204843797 -2.15752285914634 0.78078562744923 
2.03719436532489 2.12927246391539 0.64919151416265 
1.93030011638331 1.81781801006911 0.08859715235966 
2.08445233143806 2.07558453588575 -0.12245334448700 
-2.05827636023452 -2.03603396342319 -0.09657075481237 
2.04590714499934 2.18310300733271 0.77174877466548 
1.98285043997097 1.94913640036048 0.30113685443435 
1.92976686530160 1.81781605950059 0.08883987402039 
2.16063553967025 2.18748957103202 0.32785870110524 
-2.01801474704245 -2.14982103851904 -0.76083716985472 
2.13292068145452 2.13227738723114 -0.01355135569296 
1.92838843099426 1.81879212399467 -0.11364672367474 
-1.87581276330484 -1.70901270587914 0.01016800166063 
-1.97026780395053 -1.97744141834970 0.43230424691855 
2.03246681435547 2.24678781701299 -0.91759873181973 
2.03006113302861 2.19395722819828 -0.79230448772562 
-2.09008833262689 -2.09833435617772 0.22934095255949 
-1.90780223379171 -1.77669978358821 -0.09023296253896 
-2.05629581299909 -2.03707735241239 0.11790504310708
