-32.80124266160726 -13.96145463678106 83.09997733571500
-25.87350443037335 -31.32404836460701 96.20073759601595
-6.69276193974280 -17.31832581456083 64.02419098749127
-11.39434414433121 -31.20858003611150 76.25788331016588
-20.76399770467441 -32.35914896408349 77.47642802956587
-25.22204286338329 -14.42833799152153 72.19605486009793
-36.62932217997596 -13.69547501385618 62.93613579797731
-39.78167199964711 -26.46052507925691 71.00245058525580
-41.93989539125236 -30.89224260403763 76.51522438269785
-46.38929109591011 -30.54213371188537 63.43954832104207
-41.21588517562665 -20.29519095561952 57.11998997676797
-47.78351414249138 -19.17466571293975 69.16589024644273
-44.21861670411351 -25.45643851346941 74.14688758657314
-3.84238560318427 -10.00280840073605 83.99282599735909
-0.64643031877718 -23.34307425864158 90.60154001779310
5.10061088616285 -31.96794217181865 101.35972919950080
8.42885596785073 -24.56909707097497 96.57704002206654
5.90872790028182 -15.51155219393685 81.77500260400494
0.79282678226345 -21.49786383042311 77.36865317379734
4.77166957139309 -31.71064886224424 78.60399467284182
