497.177778 456.625070
577.191570 454.297369
662.550272 451.865682
753.825321 449.253381
851.670038 446.468277
956.845337 443.393132
1070.197085 440.056284
526.545365 547.395153
605.275650 548.031763
689.114667 548.748033
778.571840 549.435805
874.189884 550.185339
976.895018 550.959591
1087.155542 551.799203
554.471150 633.558285
631.892998 636.811505
714.166993 640.177598
801.845132 643.810132
895.480401 647.746351
995.670109 651.805709
1103.147248 656.380773
580.887972 715.171229
657.077302 720.725830
737.857925 726.676057
823.843350 733.064307
915.513197 739.715706
1013.368522 746.803899
1118.034842 754.499192
605.991418 792.722533
680.966109 800.403293
760.417032 808.552449
844.727492 817.171490
934.523605 826.391166
1030.038183 836.210155
1132.077971 846.752123
629.940954 866.584786
703.665875 876.207230
781.669277 886.332588
864.398216 897.022092
952.322928 908.459793
1045.758745 920.600717
1145.332392 933.562088
652.719123 936.877079
725.274830 948.111450
801.922095 960.034180
883.186332 972.690679
969.182047 986.076508
1060.572165 1000.322043
1157.849326 1015.510014
660.825910 140.446159
733.857754 129.996559
811.065421 118.907962
892.961507 107.150629
979.738321 94.644440
1072.094289 81.409334
1170.329998 67.302261
638.473849 212.229173
712.608349 203.532925
791.146572 194.391255
874.399055 184.635158
962.992538 174.226931
1057.243240 163.244657
1157.678701 151.482261
615.113823 287.533662
690.399797 280.827305
770.210068 273.677935
854.985287 266.190553
945.205436 258.188244
1041.543212 249.533045
1144.299810 240.574334
590.650521 366.369324
667.114126 361.858650
748.248077 357.117043
834.526438 352.069017
926.578993 346.653441
1024.897618 340.953386
1130.105613 334.789487
565.003007 449.245946
642.624878 447.105873
725.013850 445.070438
812.992813 442.652967
906.874017 440.306158
1007.365280 437.527802
1115.005862 434.773579
538.021963 536.323782
616.637507 536.939251
700.609825 537.822473
790.116826 538.489369
885.913937 539.293613
988.577205 540.011304
1098.987626 540.973168
509.547248 627.939135
589.500201 631.556389
674.911641 635.467474
766.062493 639.684723
863.806799 644.093507
968.892863 648.876532
1081.906118 653.981011
924.256740 371.332873
1035.888804 376.760520
1140.157868 381.872156
1237.737760 386.759122
1329.577532 391.360488
1415.938708 395.577443
1497.282191 399.600594
910.156578 488.872916
1019.381224 490.295733
1121.660417 491.763586
1217.656478 493.149177
1307.911516 494.431558
1393.038575 495.633564
1473.167613 496.791003
896.780946 600.453012
1003.718251 598.330800
1104.006434 596.424466
1198.396087 594.573924
1287.242231 592.956921
1371.024445 591.204980
1450.146515 589.734299
883.922364 706.638187
988.801296 701.226727
1087.166186 696.276245
1179.920146 691.598732
1267.409326 687.129960
1349.906042 682.959227
1428.074758 678.999051
871.879980 807.591523
974.592717 799.345261
1071.160228 791.585470
1162.258327 784.321019
1248.425445 777.356240
1329.719617 770.931330
1406.819374 764.628851
860.302321 904.022521
961.040859 893.092025
1055.844602 882.793115
1145.437498 873.120463
1230.123556 863.923322
1310.434741 855.236855
1386.438201 846.988755
849.308875 995.937188
947.994428 982.556565
1041.207718 969.893417
1129.302090 958.136048
1212.703468 946.863690
1291.756993 936.193110
1366.892362 926.091488
842.929847 65.449429
939.459630 78.815130
1030.629100 91.439489
1116.954494 103.439094
1198.842103 114.899267
1276.585296 125.701652
1350.493836 136.047259
856.058146 149.228144
954.804917 160.474625
1048.145508 171.157088
1136.312180 181.313757
1219.762842 190.950581
1298.868999 200.076810
1373.899720 208.794936
869.945308 237.863344
971.179264 246.820342
1066.597726 255.311198
1156.677215 263.422850
1241.649557 271.156280
1322.167991 278.259569
1398.548334 285.127458
884.726884 331.919102
988.565780 338.286243
1086.104190 344.283848
1178.033218 350.050166
1264.714856 355.447416
1346.630893 360.611807
1424.350730 365.438115
900.584186 431.842617
1006.920323 435.240130
1106.678159 438.548252
1200.607356 441.653997
1289.077078 444.534672
1372.544102 447.317906
1451.325016 449.872827
917.336910 538.287819
1026.400804 538.268109
1128.666983 538.516340
1224.549132 538.682787
1314.785773 538.715044
1399.885438 538.836961
1480.098171 538.953232
935.238949 651.750079
1047.062368 648.031174
1151.938191 644.547931
1249.945725 641.460579
1342.087804 638.382312
1428.587828 635.542323
1510.290327 632.886265
616.559579 90.730669
715.840348 86.924074
817.103883 82.937020
920.390128 78.849412
1025.757111 74.774626
1133.262723 70.512978
1242.892674 66.288105
608.527488 184.781205
709.197350 181.777189
811.916569 178.724082
916.694334 175.582929
1023.721988 172.384359
1132.880584 169.150307
1244.138176 165.891863
600.292378 281.789899
702.380137 279.710609
806.553800 277.542748
912.940899 275.382644
1021.554953 273.175020
1132.384139 270.848299
1245.484513 268.647680
591.794696 381.651287
695.421924 380.482097
801.109624 379.367587
909.050847 378.231369
1019.315564 377.051626
1131.841172 375.846858
1246.765046 374.688615
583.125126 484.627922
688.272351 484.474320
795.451761 484.476893
905.051866 484.349450
1017.042282 484.302141
1131.380769 484.231488
1248.048412 484.240739
574.129293 590.825653
680.697761 591.819178
789.638373 592.975267
900.885248 594.033125
1014.627640 595.102588
1130.794984 596.225413
1249.474974 597.487316
564.783893 700.416653
673.065925 702.570611
783.655483 704.847718
896.622581 707.230839
1012.167163 709.552712
1130.296967 711.973098
1251.016351 714.537797
695.410878 368.906929
816.352854 370.359678
935.546643 371.716786
1053.144018 373.076456
1169.119320 374.532683
1283.488282 375.885178
1396.195656 377.201281
697.823120 485.966910
816.486444 486.537415
933.469200 487.125194
1048.977125 487.665062
1162.783577 488.285922
1275.220963 488.833224
1385.805428 489.464132
700.156519 598.780210
816.569510 598.566533
931.450648 598.352493
1044.913147 598.080697
1156.740285 598.011723
1267.120651 597.760003
1375.916739 597.652794
702.323494 707.554336
816.667192 706.525587
929.462027 705.616651
1040.927163 704.714035
1150.847670 703.863036
1259.263708 703.013642
1366.302552 702.143324
704.473038 812.397646
816.847945 810.744058
927.723008 809.141422
1037.067543 807.593575
1145.159087 806.055144
1251.745697 804.627512
1356.956261 803.136189
706.554807 913.695422
816.934683 911.456768
925.860916 909.219164
1033.390344 907.011985
1139.600304 904.910910
1244.519815 902.817917
1348.003526 900.731898
708.535935 1011.492138
816.996762 1008.565649
924.136039 1005.702990
1029.863550 1003.067300
1134.297867 1000.379866
1237.436172 997.735777
1339.289736 995.203653
220.834171 442.451705
354.152400 444.799586
480.908744 447.031262
601.579497 449.191008
716.796949 451.254454
826.709814 453.166722
931.761669 454.907841
231.704771 552.689626
360.300809 552.298872
482.696195 551.965927
599.556358 551.659312
711.110281 551.291824
817.924923 550.905732
919.901609 550.598275
241.858488 655.607903
366.043497 652.850571
484.388711 650.222616
597.619081 647.628881
705.922659 645.235863
809.539320 642.789861
908.848989 640.591321
251.348137 751.977041
371.421498 747.045418
485.975572 742.386947
595.756268 737.924001
700.944601 733.660730
801.644028 729.580271
898.346075 725.620802
260.326569 842.184471
376.411094 835.522105
487.598264 829.104805
594.059154 822.956365
696.284169 817.017090
794.247946 811.428305
888.414298 805.946945
268.770386 927.186058
381.229963 918.914113
489.052359 910.929842
592.499215 903.248798
691.803075 895.880834
787.355989 888.814766
879.054772 882.033687
276.616345 1007.125706
385.640266 997.383238
490.368617 987.978022
591.037471 979.079069
687.679309 970.395249
780.606182 962.089192
870.172200 954.124819
242.799316 205.781636
367.268292 213.716017
486.077805 221.280757
599.538722 228.560198
708.120246 235.515606
812.062491 242.140101
911.644100 248.492962
242.804808 319.991769
367.159866 325.175732
485.846528 330.265921
599.302593 335.091101
707.812717 339.682687
811.753217 344.067389
911.152198 348.351776
242.808414 433.959982
367.134485 436.590767
485.656040 439.023703
599.119844 441.464113
707.504144 443.786034
811.300642 445.860742
910.779630 448.021814
242.767445 547.926061
367.075797 547.845019
485.579048 547.757247
598.904113 547.717679
707.196799 547.737519
810.877032 547.649658
910.332776 547.627395
242.890405 661.602358
366.987110 658.854243
485.322289 656.310397
598.535940 653.880149
706.857688 651.503735
810.457682 649.285461
909.797331 647.103082
242.962775 775.220451
366.879724 769.852751
485.222281 764.791814
598.343186 759.905866
706.550592 755.217647
810.177874 750.796621
909.417356 746.502522
243.051260 888.569904
366.776604 880.603376
485.151636 872.935565
598.141319 865.752849
706.277158 858.745904
809.695535 852.091534
908.981469 845.710647
271.394186 99.702643
385.035876 109.337095
493.944603 118.512574
598.301122 127.388281
698.560593 135.907432
794.800113 144.112654
887.323319 151.894092
265.133823 191.832296
381.470644 199.577521
492.768743 207.077170
599.387134 214.278585
701.670245 221.129826
799.774357 227.761045
893.955769 234.119172
258.598821 288.155483
377.717034 293.968110
491.480234 299.537603
600.527647 304.913915
704.911577 310.057526
804.980330 314.862886
900.996411 319.650136
251.710402 389.020308
373.817392 392.674644
490.259565 396.129579
601.645708 399.484401
708.267680 402.707661
810.363528 405.786081
908.338067 408.730977
244.668646 494.811135
369.679740 496.037288
488.820972 497.312149
602.809988 498.452208
711.737866 499.569836
815.973174 500.637924
915.847531 501.598223
237.123664 605.878913
365.255756 604.480990
487.475606 603.221932
604.060217 601.997003
715.409573 600.765447
821.923332 599.619297
923.854278 598.584385
229.146900 722.539819
360.635516 718.294302
486.053158 714.136864
605.333160 710.360012
719.327353 706.605290
827.941526 703.130774
932.045630 699.741218
28.811989 94.409987
160.970039 97.683594
291.179918 101.191617
419.491681 104.618573
545.983437 107.998651
670.603567 111.238231
793.392814 114.467457
44.427217 222.482522
173.862875 225.205447
301.491175 227.656385
427.307505 230.199979
551.242411 232.587165
673.549803 234.894837
793.923209 237.322442
59.533055 346.377819
186.349896 347.958838
311.374993 349.455400
434.865995 351.010422
556.457432 352.542922
676.314433 353.907638
794.547722 355.412261
73.854424 465.393725
198.305341 465.958649
320.969117 466.668960
441.984414 467.382884
561.378169 468.059059
679.027115 468.635337
795.133698 469.326280
87.864637 579.850600
209.820326 579.709564
330.217368 579.624898
448.954806 579.548778
566.148476 579.373994
681.609807 579.324754
795.606638 579.201682
101.311723 690.296722
220.963201 689.458654
339.166617 688.590691
455.719670 687.757656
570.699799 686.874202
684.310510 686.034125
796.150612 685.234608
114.167481 796.667753
231.756168 795.098180
347.797991 793.504536
462.241050 792.095339
575.208503 790.541130
686.618412 789.029305
796.675372 787.644361
139.429895 138.589292
285.950116 149.413138
424.699245 159.650003
556.328280 169.381286
681.506588 178.666758
800.477181 187.420623
913.772051 195.669194
150.892009 271.788141
292.961443 278.733315
427.733652 285.455427
555.820192 291.791586
677.625452 297.801295
793.818364 303.497708
904.347320 308.942294
161.585120 397.460616
299.586731 401.117745
430.536572 404.537209
555.328567 407.747229
674.112432 410.901650
787.393701 413.748928
895.486448 416.574652
171.753254 516.420586
305.816154 516.929441
433.207463 517.453153
554.741586 517.967628
670.655560 518.434702
781.265062 518.783439
886.989135 519.230265
181.418305 628.973440
311.729259 626.817497
435.895613 624.707626
554.218070 622.714959
667.388792 620.712151
775.408561 618.960691
878.844891 617.156086
190.585684 735.902552
317.436852 731.230649
438.345221 726.759574
553.825584 722.478846
664.281923 718.361286
770.024196 714.505608
871.149687 710.740883
199.268269 837.292490
322.750390 830.376621
440.738078 823.720903
553.483485 817.535309
661.382259 811.462919
764.653230 805.656166
863.777228 800.206713
117.186393 278.396154
241.580988 280.661541
364.066885 282.849159
484.883021 285.054474
604.128709 287.207877
721.766860 289.316212
837.726683 291.424819
110.752776 394.978997
236.208728 396.359216
359.760771 397.816670
481.612409 399.308798
601.863801 400.658176
720.434479 402.027567
837.254269 403.373484
104.293510 513.565730
230.768724 514.173835
355.330966 514.783890
478.368420 515.408081
599.528651 516.003487
718.965357 516.450061
836.867335 517.109651
97.638552 634.188587
225.339378 633.883354
351.075360 633.590329
474.967181 633.398845
597.155199 633.096145
717.598280 632.810217
836.419035 632.629913
90.938248 756.776904
219.681070 755.496239
346.431570 754.495653
471.522513 753.317566
594.735591 752.184044
716.202480 751.108093
835.879055 750.091637
84.069559 881.590120
214.017184 879.284035
341.924841 877.424445
468.001641 875.377203
592.277246 873.330092
714.811383 871.314596
835.522279 869.400685
76.892364 1008.426177
208.122737 1005.394703
337.439470 1002.211003
464.503977 999.482306
589.843102 996.474828
713.271591 993.525284
835.027451 990.682591
230.445598 193.339020
356.495515 201.726480
476.703417 209.625191
591.483346 217.314445
701.226413 224.623998
806.311175 231.607687
906.906511 238.245764
222.562518 297.529896
351.845908 303.506428
475.005719 309.272286
592.464001 314.842390
704.699996 320.060047
812.050266 325.083349
914.621756 329.911120
214.199521 406.915547
346.937330 410.417982
473.108951 413.725519
593.559686 416.963570
708.324179 420.024713
817.882203 422.817614
922.740590 425.625382
205.391998 522.198656
341.781699 522.822836
471.299563 523.390863
594.588669 524.001070
712.075921 524.591585
824.062958 525.143907
931.194887 525.693622
196.270328 643.588778
336.364377 641.003172
469.200738 638.718118
595.714519 636.493442
716.006930 634.348601
830.558836 632.307530
939.922804 630.370237
186.478609 771.756334
330.547324 765.644084
467.225663 760.061760
596.895856 754.678083
720.218409 749.495625
837.456325 744.685606
949.251891 740.095237
176.158311 907.076346
324.482275 897.189448
465.163177 887.769362
598.188734 878.998292
724.614313 870.531879
844.590802 862.564474
958.975739 854.990174
1036.078184 464.851796
1137.663981 463.243611
1244.390740 461.638539
1356.854850 459.934014
1475.405361 458.190937
1600.578576 456.286324
1733.048760 454.202068
1047.012794 556.485267
1145.903464 557.263264
1249.656679 558.068360
1358.839850 558.842954
1473.650992 559.718907
1594.793749 560.661049
1722.504252 561.652552
1057.354300 643.208952
1153.629772 646.007574
1254.639469 648.851784
1360.631396 651.859930
1472.039598 655.120419
1589.318205 658.434812
1712.852827 662.074557
1067.092112 725.216234
1160.983944 729.743858
1259.221119 734.562587
1362.337704 739.651255
1470.465837 744.898274
1584.086254 750.441128
1703.651405 756.253841
1076.339024 802.860596
1167.967841 809.071019
1263.744961 815.580013
1363.953262 822.311827
1469.085476 829.523711
1579.294008 837.008457
1695.045854 844.897100
1085.160065 876.586978
1174.535909 884.279284
1267.872167 892.331277
1365.435113 900.619837
1467.584432 909.458923
1574.665206 918.653488
1686.921733 928.305604
1093.514513 946.645705
1180.772127 955.529493
1271.796872 964.891266
1366.941060 974.692661
1466.170303 984.985577
1570.277284 995.681428
1679.302746 1006.924443
1058.542671 264.449939
1155.083810 258.344996
1256.283003 252.055713
1362.606882 245.445830
1474.379821 238.472710
1592.050655 231.181066
1716.144008 223.459154
1058.284259 360.579948
1154.707357 356.852468
1255.845562 352.945687
1362.092738 348.835856
1473.737678 344.515888
1591.315015 340.070134
1715.118220 335.366716
1058.054962 456.718440
1154.379848 455.252103
1255.400409 453.730063
1361.559545 452.154081
1473.123991 450.526518
1590.573772 448.747487
1714.328417 447.000128
1057.750993 552.609772
1154.053259 553.412334
1254.987019 554.331392
1361.022218 555.304524
1472.491319 556.289841
1589.709591 557.388308
1713.375014 558.436954
1057.567255 648.353714
1153.795926 651.428140
1254.592535 654.787774
1360.498305 658.172263
1471.866020 661.865189
1589.028635 665.660669
1712.405471 669.807807
1057.363488 743.990563
1153.357965 749.411250
1254.130053 755.177630
1359.923347 761.043171
1471.112652 767.363660
1588.181315 773.904250
1711.461400 780.897350
1057.107017 839.446285
1153.045874 847.072866
1253.711403 855.120052
1359.457716 863.639066
1470.468115 872.566267
1587.420875 881.948391
1710.661344 891.856171
1102.606000 153.767180
1190.559241 146.040845
1282.344303 138.036132
1378.344829 129.699399
1478.584625 121.027855
1583.600218 111.914161
1693.757388 102.382909
1094.009261 225.984502
1183.906100 219.724572
1277.927867 213.155170
1376.248182 206.311764
1479.169670 199.164697
1586.976438 191.792695
1700.120915 183.956718
1084.962570 301.958467
1176.895396 297.220027
1273.271641 292.255637
1374.097532 287.139621
1479.658934 281.800446
1590.627025 276.056565
1707.176018 270.233202
1075.420137 381.661162
1169.668814 378.639676
1268.319071 375.533655
1371.778255 372.326487
1480.316603 368.872545
1594.300072 365.325002
1714.507445 361.572812
1065.491071 465.626086
1162.026859 464.501729
1263.024979 463.489382
1369.310389 462.282504
1480.979731 461.148635
1598.452932 459.805669
1722.194842 458.567087
1055.036341 554.092095
1153.730724 555.123669
1257.564412 556.408171
1366.628760 557.560651
1481.554250 558.847029
1602.572009 560.148216
1730.491952 561.693431
1043.809185 647.476201
1145.118630 650.857372
1251.729897 654.532759
1363.978825 658.424540
1482.266179 662.443297
1607.233964 666.800267
1739.380213 671.338798
1137.890957 276.346184
1231.204920 271.051797
1328.795196 265.538657
1431.071527 259.817629
1538.199078 253.835050
1650.755003 247.466606
1769.109810 240.824667
1131.581196 359.993744
1226.559786 356.567432
1326.073260 352.979035
1430.315313 349.209004
1539.717907 345.291083
1654.627113 341.144952
1775.560580 336.843643
1125.075455 447.066624
1221.746463 445.564858
1323.146168 443.997238
1429.519767 442.375098
1541.161855 440.855098
1658.670419 438.963588
1782.533467 437.158806
1118.241529 537.459309
1216.730384 538.082581
1320.132271 538.774880
1428.680822 539.531185
1542.756596 540.348559
1662.885286 541.236466
1789.794575 542.098556
1111.214045 631.531984
1211.613065 634.418686
1316.910755 637.603411
1427.793794 640.872673
1544.423082 644.472060
1667.499830 648.087852
1797.216968 652.073442
1103.891897 729.485389
1205.994833 734.950523
1313.579187 740.843131
1426.753548 746.834350
1546.022880 753.334289
1671.959583 760.125474
1805.159870 767.377459
1096.177760 831.538158
1200.396033 839.700251
1310.164504 848.376385
1425.831804 857.567167
1547.814335 867.273050
1676.887902 877.509636
1813.601352 888.315772
1151.582080 377.925530
1256.973889 375.586912
1365.948863 373.313620
1478.937224 370.873752
1596.006380 368.463150
1717.568340 365.860604
1843.827906 363.164610
1151.192102 479.494120
1256.343397 479.076285
1365.332519 478.537557
1478.200888 477.998718
1595.102110 477.516536
1716.544277 476.995702
1842.531107 476.446006
1150.726067 581.048051
1255.733494 582.352323
1364.648904 583.631129
1477.372714 584.959703
1594.162709 586.470339
1715.438343 587.833958
1841.306281 589.414214
1150.252804 682.322109
1255.299716 685.331974
1363.900621 688.465090
1476.573116 691.754781
1593.302908 695.115206
1714.282704 698.617953
1840.153778 702.184474
1149.814363 783.395239
1254.741626 788.134073
1363.318638 793.142059
1475.754181 798.223322
1592.357305 803.660098
1713.283493 809.107666
1838.823227 814.910919
1149.422159 884.279680
1254.109151 890.835086
1362.591212 897.679938
1474.866812 904.687937
1591.309623 911.999805
1712.180578 919.515424
1837.477003 927.263637
1148.964539 984.924128
1253.554055 993.181712
1361.868364 1001.709572
1474.120025 1010.770505
1590.298777 1019.937988
1711.168907 1029.684307
1836.376649 1039.534931
1082.838848 200.794761
1188.530443 192.309816
1299.708818 183.553154
1417.075212 174.234551
1540.934592 164.479069
1671.969097 154.058065
1810.834046 143.042072
1090.338807 304.926635
1193.718398 299.457461
1302.453218 293.603173
1417.022034 287.388463
1537.696447 280.936133
1665.349568 274.131249
1800.207442 266.860379
1097.511168 404.670753
1198.678263 401.748681
1305.055211 398.546175
1416.947597 395.230021
1534.708773 391.819196
1659.004101 388.084511
1790.283002 384.282241
1104.306707 500.008955
1203.503155 499.368684
1307.488967 498.757441
1416.871202 498.166014
1531.870959 497.414813
1652.900216 496.700122
1780.811874 495.809915
1110.921493 591.316436
1208.131500 592.891755
1310.018657 594.548819
1416.840841 596.191246
1529.192670 598.037408
1647.317552 599.985228
1771.750089 602.018156
1117.256336 678.901785
1212.459844 682.493227
1312.195562 686.274510
1416.720677 690.108447
1526.498886 694.243519
1641.867898 698.534535
1763.153563 703.068093
1123.249853 762.946686
1216.629069 768.268482
1314.311074 773.861051
1416.730497 779.819016
1523.973363 786.064275
1636.599602 792.552306
1755.055499 799.439182
1191.829160 73.737662
1304.150595 69.266907
1418.723092 64.903513
1535.696906 60.422969
1655.043689 55.770062
1777.177843 51.037539
800.000000 200.000000
1190.914969 184.575909
1302.141635 181.361675
1415.622506 178.079861
1531.509344 174.730217
1649.691010 171.331664
1770.510511 167.889128
1892.694522 164.291310
1189.980923 293.519048
1300.186192 291.419752
1412.654322 289.223890
1527.403373 287.052276
1644.432004 284.902691
1764.045254 282.474680
1886.084366 280.414419
1189.044717 400.490435
1298.322616 399.415625
1409.629504 398.363410
1523.344847 397.356529
1639.284308 396.266123
1757.588920 395.158199
1878.383356 393.880528
1188.149312 505.511894
1296.452032 505.513970
1406.787497 505.561018
1519.340861 505.581944
1634.276163 505.681204
1751.472529 505.672710
1871.177313 505.717814
1187.246617 608.807743
1294.494218 609.865567
1403.863721 610.999508
1515.379980 612.014564
1629.176735 613.178732
1745.363907 614.270678
1863.750249 615.499134
1186.340980 710.268742
1292.616003 712.262478
1401.035595 714.281039
1511.610141 716.481700
1624.283537 718.673899
1739.287132 720.788737
1856.847199 723.109573
