-1.90417174397221 -1.77753596383462 0.11067285741782 
-1.99974321947105 -2.15753206975169 0.78092437323630 
2.03711380130309 2.12926153570485 0.64902854658222 
1.93020125504768 1.81778127800881 0.08848901216592 
2.08437332816025 2.07551824166832 -0.12257029411902 
-2.05835538707369 -2.03609796657375 -0.09643823151762 
2.04582522760802 2.18304521172794 0.77162146353112 
1.98280733437516 1.94911838275466 0.30103633515349 
1.92971849448903 1.81778477033333 0.08873123767254 
2.16055944242999 2.18738218289563 0.32775771716503 
-2.01810923441940 -2.14992628973777 -0.76079812179718 
2.13284447141963 2.13214955252721 -0.01369379198166 
1.92833929809586 1.81874048996560 -0.11375615868338 
-1.90705725693208 -1.77683879100037 -0.08981943319645 
-2.03127767308730 -2.03889429137278 0.33478195582804 
2.02998212778283 2.19307740070814 -0.79221678737403 
2.02997150533222 2.19387021121633 -0.79236626521360 
-2.09010710594076 -2.09839050132820 0.22962316593338 
-1.90783249509002 -1.77673022389340 -0.09005956577589 
-2.05631949468806 -2.03713961274234 0.11813384483799
