-32.80196203448388 -13.95147251717241 83.09723805997828
-25.87447382665866 -31.31255856200544 96.19975884037450
-6.69317145874028 -17.31105128934389 64.02249831683956
-11.39481672242322 -31.19965440519386 76.25700132756610
-20.76459037984576 -32.34997086677735 77.47597101326807
-25.22263604628311 -14.41980251557443 72.19388278958263
-36.62950010840710 -13.68763385103035 62.93261857792151
-39.78260844550530 -26.45154313083493 71.00098708552142
-41.94107541858286 -30.88266240726909 76.51484353878440
-46.39017657218704 -30.53368103726923 63.43806244701326
-41.21604016251297 -20.28755655570095 57.11700223396483
-47.78463918534744 -19.16542311855595 69.16395277374731
-44.21969565911429 -25.44695284961551 74.14578566684972
-1.46791611329318 -9.82105783846726 80.19826680737233
1.02626972295538 -23.13192674356068 87.05465346215514
5.57127891526294 -32.12753424106886 98.47759381670404
8.42823702337874 -24.55786240924378 96.57431166470539
5.90927396947563 -15.50190807927571 81.77580459439109
0.79264233726159 -21.48906709793130 77.36822488176216
4.77216016758057 -31.70169006888140 78.60580157822561
