504.912648 401.791048
584.523542 397.722653
669.364316 393.578523
760.176340 389.088347
857.293914 384.324215
961.723278 379.123172
1074.148249 373.523147
527.062076 496.839119
605.717948 495.977858
689.354437 495.088476
778.719140 494.134893
874.212580 492.950665
976.738638 491.807750
1086.885153 490.632743
548.417197 588.171914
626.010487 590.052687
708.542460 592.130902
796.465928 594.293099
890.445415 596.691786
991.037739 599.105152
1098.966829 601.850122
568.856344 675.710248
645.497666 680.230954
726.854443 685.094505
813.483743 690.325710
905.919086 695.733340
1004.711273 701.551355
1110.438318 707.808677
588.558814 759.898584
664.257387 766.853234
744.558774 774.227102
829.865197 782.023209
920.751368 790.376224
1017.761283 799.244766
1121.401134 808.777970
607.468273 840.951143
682.212452 850.110637
761.417977 859.808886
845.430620 870.029297
934.883090 880.976024
1030.169923 892.647134
1131.828259 905.155633
625.691340 918.905200
699.501449 930.036797
777.557642 941.852399
860.447929 954.406093
948.418805 967.742448
1042.026191 981.931963
1141.840309 997.156705
631.866158 159.878156
706.358553 149.606623
785.204612 138.842229
868.913090 127.468480
957.822923 115.234643
1052.723023 102.249088
1153.786107 88.468464
613.986044 239.400571
689.296331 231.371323
769.081476 222.836144
853.867587 213.794825
944.230341 204.080568
1040.579140 193.861939
1143.398505 182.947950
595.453256 321.947172
671.663471 316.139692
752.441781 310.072880
838.398588 303.583320
930.012972 296.699200
1027.858857 289.266131
1132.553879 281.525902
576.297569 407.411493
653.327764 404.081993
735.135160 400.702344
822.223129 397.040780
915.195138 393.087760
1014.657383 388.944596
1121.167762 384.430403
556.467050 496.197147
634.332013 495.554998
717.059280 495.045671
805.488120 494.303076
899.744128 493.625605
1000.867105 492.806098
1109.189404 492.132705
535.789595 588.338224
614.405753 590.590288
698.391280 593.140062
787.855126 595.705262
883.637585 598.622147
986.359809 601.572651
1096.679514 604.819414
514.314933 684.020536
593.945592 689.401450
678.926591 695.190702
769.686960 701.476067
866.785657 708.118619
971.301939 715.225435
1083.575775 722.914570
916.455847 307.099903
1026.906642 314.633903
1130.169918 321.704752
1227.034770 328.451583
1318.035746 334.800299
1403.801790 340.615691
1484.614232 346.273267
906.910047 427.161979
1015.829636 430.637061
1117.774030 434.040379
1213.479300 437.174051
1303.451849 440.161556
1388.314685 442.944321
1468.320989 445.581043
897.813648 543.092016
1005.069993 542.873448
1105.729013 542.644396
1200.257592 542.532533
1289.279228 542.416172
1373.284528 542.131538
1452.576320 542.081956
888.877127 655.134617
994.745462 651.341256
1093.995356 647.831117
1187.457107 644.590500
1275.495878 641.527133
1358.610094 638.542804
1437.236212 635.852009
880.332015 763.331577
984.688308 756.307901
1082.691877 749.719490
1174.938347 743.610414
1262.164499 737.714016
1344.391430 732.247745
1422.301480 726.956964
872.094730 868.100641
974.983663 858.025939
1071.667667 848.554883
1162.949260 839.669869
1249.151453 831.164296
1330.654807 823.204784
1407.862889 815.688714
864.050977 969.436205
965.386284 956.486703
1061.027860 944.235744
1151.223734 932.849119
1236.540044 921.929628
1317.210035 911.600388
1393.746469 901.945707
857.586564 86.854894
956.706355 100.068588
1050.158297 112.420769
1138.574519 124.294996
1222.162812 135.519440
1301.501804 146.115297
1376.785800 156.201443
868.062024 180.570276
969.009189 191.243362
1064.203379 201.346022
1153.969428 210.907913
1238.807262 220.017435
1319.077717 228.604676
1395.206854 236.653755
879.021246 278.573396
981.836611 286.513873
1078.672662 294.022220
1169.912619 301.209435
1255.959311 307.982372
1337.315202 314.223494
1414.480242 320.305393
890.530153 381.171837
995.354079 386.064297
1093.825294 390.744720
1186.442498 395.152249
1273.770165 399.392670
1356.294360 403.336333
1434.400497 407.110106
902.568180 488.563652
1009.341258 490.121148
1109.468998 491.767503
1203.616595 493.345728
1292.388061 494.670576
1376.037041 496.065211
1455.070327 497.312658
915.288164 601.172249
1024.024922 599.191913
1126.028038 597.462777
1221.688214 595.792600
1311.737510 594.168912
1396.642124 592.641475
1476.713823 591.267744
928.486939 719.352240
1039.313268 713.481718
1143.273987 707.875943
1240.578964 702.836683
1331.985922 697.919029
1417.990670 693.326525
1499.087147 689.081611
686.152816 68.662828
794.559566 71.993424
901.554547 75.200999
1007.299041 78.459408
1111.771022 81.627132
1215.000276 84.819645
1316.934090 88.039425
683.362161 167.315111
793.456958 170.084230
902.129407 172.741262
1009.587576 175.439060
1115.653666 178.090827
1220.365809 180.780648
1323.708977 183.423790
680.501868 269.254805
792.318415 271.356310
902.710644 273.439688
1011.880545 275.512131
1119.584770 277.612753
1225.814679 279.647079
1330.731776 281.766510
677.558658 374.420865
791.234967 375.826911
903.387928 377.297938
1014.183145 378.718804
1123.549321 380.183037
1231.419626 381.662869
1337.931142 383.091310
674.555180 483.106468
790.073316 483.781842
903.957973 484.597981
1016.567202 485.306079
1127.685676 486.052311
1237.226463 486.856908
1345.281623 487.629102
671.466181 595.373600
788.759703 595.376935
904.710666 595.430099
1019.054737 595.422783
1131.902557 595.473135
1243.255843 595.509461
1353.026243 595.587712
668.216131 711.493575
787.499847 710.643733
905.394974 709.853695
1021.679358 709.150220
1136.306406 708.417700
1249.336318 707.701351
1360.876979 707.031766
587.999926 378.148298
698.148839 376.748190
810.561939 375.401353
925.654415 373.951273
1043.292809 372.506803
1163.532550 371.049527
1286.327668 369.504631
597.021118 488.726403
705.356758 488.551292
815.913165 488.441943
928.918044 488.248736
1044.383482 487.932518
1162.418772 487.768769
1282.880833 487.594330
605.857433 595.583398
712.372983 596.464817
821.035961 597.369330
932.060523 598.317501
1045.532808 599.227932
1161.381397 600.188334
1279.631450 601.251514
614.341162 698.671130
719.174402 700.561380
825.955312 702.555776
935.109255 704.601731
1046.574811 706.571429
1160.311958 708.641799
1276.426545 710.788874
622.615754 798.331359
725.732427 801.180974
830.823104 804.133925
938.068364 807.102311
1047.577107 810.152189
1159.303066 813.321233
1273.281918 816.511802
630.577884 894.819766
732.040271 898.559286
835.423837 902.369898
940.883126 906.260651
1048.490820 910.254869
1158.345121 914.395054
1270.340888 918.608175
638.306603 988.114374
738.132975 992.654662
839.889689 997.251320
943.671421 1002.098649
1049.407540 1006.987348
1157.350647 1011.961205
1267.453700 1017.116714
295.633174 375.551885
427.558089 380.864710
550.865309 385.726078
666.466370 390.458428
775.072296 394.914113
877.304109 398.941342
973.757948 402.811975
297.605085 492.334122
426.265929 493.689655
546.663304 495.028523
659.702757 496.233944
766.042425 497.406048
866.332902 498.406840
960.978656 499.432984
299.703644 603.281303
425.019075 601.133113
542.641374 599.030968
653.272693 597.152478
757.466644 595.373076
855.827458 593.577242
948.785608 591.974095
301.520515 708.881073
423.959498 703.457759
538.789248 698.339353
647.067780 693.617479
749.215517 689.139170
845.695378 684.802408
937.052362 680.832750
303.384253 809.324506
422.803023 801.099204
535.213553 793.220343
641.111105 785.890933
741.375795 778.888669
835.999578 772.379743
925.746833 766.087699
305.119103 905.368193
421.856037 894.450606
531.706753 884.087257
635.579640 874.325968
733.773244 865.020042
826.793165 856.286636
915.019050 848.035962
306.782781 996.952175
420.722316 983.618151
528.416737 970.904077
630.129748 958.987291
726.516951 947.665379
817.804837 936.923462
904.599487 926.815109
305.762046 154.982441
427.269833 166.975330
541.389790 178.107771
648.962881 188.782885
750.474749 198.836499
846.462636 208.259782
937.338619 217.207159
305.003587 264.785016
427.432917 273.426832
542.379007 281.547313
650.623697 289.205328
752.748573 296.468998
849.245919 303.283181
940.572680 309.737722
304.298758 376.193142
427.518537 381.442701
543.290781 386.334257
652.291540 391.069752
755.013921 395.448533
852.050997 399.512122
943.892738 403.432170
303.469729 489.420770
427.711961 491.075711
544.243730 492.652596
653.917941 494.210107
757.281829 495.710304
854.863624 497.005618
947.212505 498.330629
302.729716 604.206450
427.824316 602.271749
545.136417 600.500064
655.511980 598.881993
759.574199 597.262113
857.704254 595.841052
950.511676 594.389734
302.019710 720.848745
427.975212 715.231358
546.137307 709.940080
657.301090 705.007051
761.918951 700.277593
860.661692 695.888979
953.979003 691.720518
301.296084 839.230748
428.113520 829.829834
547.221500 820.800353
659.012733 812.531657
764.371958 804.622776
863.550539 797.216638
957.378784 790.268568
312.258932 94.014103
426.896848 107.091097
534.922996 119.268166
637.122481 131.002981
733.822725 142.047805
825.568435 152.462994
912.626611 162.368581
310.779423 187.602968
427.840338 198.102786
538.145927 208.024774
642.250201 217.402396
740.715221 226.303045
833.956831 234.713522
922.372251 242.661717
309.173715 285.329604
428.779286 293.149850
541.366842 300.473979
647.653507 307.444586
747.879675 314.025061
842.715750 320.138700
932.621428 326.058263
307.406962 387.671933
429.872749 392.435487
544.853596 396.906059
653.148672 401.171647
755.285331 405.280001
851.808764 409.076536
943.241816 412.698223
305.640906 494.823120
430.871061 496.305481
548.305112 497.750157
658.843912 499.138449
763.002855 500.385820
861.252585 501.632817
954.139484 502.737913
303.890691 607.155141
431.944372 605.055443
552.137428 603.158847
664.926026 601.366831
771.062575 599.589172
871.199858 597.996755
965.671185 596.459515
301.941570 725.029105
433.074691 719.024687
556.072216 713.255794
671.259958 708.078700
779.495935 703.093496
881.353455 698.421511
977.515102 694.031011
91.105543 24.209612
229.290103 33.981416
360.709062 41.816531
489.297173 50.475650
613.272308 58.364514
733.503417 66.042305
849.752880 73.319228
97.658558 153.283096
233.079236 159.885136
364.001921 166.259206
490.775282 172.350813
613.613831 178.247081
732.665504 183.965166
848.010032 189.576263
103.657069 279.289907
237.416836 283.730712
366.988134 287.997606
492.578620 292.135661
614.224788 296.144387
732.118942 299.940299
846.407988 303.721191
109.190142 402.756768
241.784044 405.100546
369.962015 407.379840
494.265191 409.575190
614.749316 411.749981
731.498454 413.781523
844.810539 415.852649
114.826246 523.668443
245.932067 524.118661
372.911170 524.527072
495.898436 524.903352
615.281275 525.210068
730.920226 525.632903
843.153325 525.939498
120.391974 642.347386
250.078123 640.873492
375.781038 639.474265
497.602929 638.090083
615.795468 636.648328
730.435964 635.338282
841.640699 634.088586
125.873015 758.629234
254.157938 755.304419
378.645157 752.058029
499.255444 749.065173
616.321973 745.971777
729.872228 743.045501
840.077175 740.322317
135.976943 207.996526
284.014963 216.977505
424.093611 225.389946
557.108056 233.429917
683.329617 241.120420
803.286408 248.261265
917.526983 255.102157
150.875090 337.179561
293.273919 342.426723
428.247641 347.477494
556.442401 352.095089
678.383475 356.563738
794.551646 360.753386
905.251958 364.796319
165.017910 457.156733
301.858055 459.176800
431.992326 461.019053
555.823436 462.790871
673.813245 464.516941
786.378916 466.058633
893.776830 467.553133
177.987123 568.770817
309.970432 567.918423
435.419054 567.091699
555.237337 566.342971
669.517162 565.623306
778.626932 564.803016
883.002205 564.199524
190.152089 672.678859
317.461019 669.497557
438.844758 666.280526
554.588524 663.323520
665.502603 660.429466
771.323661 657.744722
872.791681 655.100132
201.607856 770.027234
324.565948 764.638229
441.862652 759.450096
554.163559 754.505802
661.627538 749.676664
764.609411 745.187030
863.280546 740.891525
212.397909 861.158130
331.103708 853.866415
444.833292 846.861638
553.679224 840.264185
658.075690 833.808600
758.108989 827.646574
854.219041 821.844556
116.694624 278.357260
241.141216 280.625146
363.638418 282.768913
484.590229 285.037960
603.881701 287.169636
721.611853 289.272570
837.644644 291.387844
110.220320 395.003304
235.765019 396.415450
359.365970 397.847640
481.322703 399.287435
601.669343 400.641130
720.292185 402.012933
837.195224 403.370127
103.755922 513.644233
230.255369 514.239848
354.967582 514.868649
478.065296 515.473540
599.335531 516.007968
718.869842 516.502745
836.754181 517.124675
97.068076 634.315056
224.890832 633.998959
350.650879 633.718669
474.665491 633.477677
596.922292 633.180231
717.446734 632.904521
836.316572 632.721904
90.348158 756.938404
219.233517 755.723095
346.086718 754.640375
471.180492 753.491778
594.472967 752.294775
716.019957 751.230969
835.746196 750.201346
83.698453 881.823182
213.578261 879.592542
341.550269 877.599566
467.677952 875.579296
592.049542 873.487044
714.621651 871.502126
835.364353 869.575628
76.635342 1008.670999
207.783389 1005.476789
336.975001 1002.463432
464.207543 999.678054
589.525817 996.662771
713.124323 993.752772
834.863875 990.942496
242.093597 169.037918
363.567766 177.681203
479.511313 185.771748
590.429885 193.733117
696.623539 201.249498
798.490154 208.452604
896.158151 215.336841
232.475814 262.530614
357.873334 269.160649
477.551983 275.518033
591.823650 281.605698
701.152052 287.473218
805.734135 293.012463
905.907600 298.299240
222.103127 362.120163
351.793518 366.615104
475.341000 370.855348
593.344456 374.953822
705.843700 378.866190
813.385856 382.514005
916.329741 386.134327
210.993411 468.697313
345.444676 470.604854
473.177421 472.446651
594.799905 474.161328
710.763756 475.954326
821.474837 477.543046
927.326896 479.139364
199.169933 582.792829
338.431597 581.740019
470.564197 580.922791
596.367290 580.071195
716.057857 579.226193
830.078490 578.517512
938.875936 577.820143
186.556732 705.208795
330.948418 700.872689
468.117852 696.932061
598.090548 693.094128
721.731148 689.426579
839.286012 686.039491
951.352002 682.764948
172.844726 836.959577
323.017691 828.897433
465.378625 821.181367
599.973808 813.976584
727.728183 807.074285
849.023543 800.622511
964.456723 794.493508
1036.205096 464.794981
1137.756349 463.124951
1244.498533 461.567397
1357.098712 459.817027
1475.597956 458.067197
1600.743084 456.161646
1733.184581 454.084422
1047.049898 556.441376
1146.006845 557.214587
1249.740946 558.008489
1358.965949 558.819472
1473.793373 559.584312
1594.887957 560.506156
1722.714365 561.552990
1057.413231 643.204169
1153.746508 645.928086
1254.745310 648.785791
1360.726265 651.780887
1472.182908 655.027703
1589.425015 658.353925
1713.015949 661.990277
1067.144221 725.195330
1161.070628 729.713473
1259.350934 734.528233
1362.449190 739.587066
1470.626264 744.791577
1584.245838 750.348720
1703.768957 756.169351
1076.453009 802.880517
1168.057111 809.078438
1263.817143 815.555020
1364.064080 822.285683
1469.176917 829.462123
1579.417216 836.933325
1695.185136 844.758294
1085.180135 876.649220
1174.608408 884.316961
1267.975990 892.284391
1365.566769 900.588748
1467.710207 909.389728
1574.781355 918.583227
1687.051381 928.219547
1093.524180 946.738150
1180.796369 955.610606
1271.846923 964.930759
1366.983824 974.753005
1466.334631 984.967663
1570.395025 995.596356
1679.466132 1006.870388
1058.596410 264.420946
1155.169973 258.307655
1256.368874 252.029300
1362.766470 245.429501
1474.512267 238.471955
1592.207128 231.191975
1716.263177 223.464771
1058.339345 360.567566
1154.817831 356.866799
1255.907340 352.942413
1362.204653 348.863861
1473.858835 344.508138
1591.416961 340.052862
1715.266745 335.382303
1058.100523 456.729495
1154.487196 455.230380
1255.520619 453.751323
1361.681475 452.118933
1473.290606 450.531835
1590.693187 448.756833
1714.523421 447.022420
1057.833976 552.627476
1154.155748 553.412208
1255.089050 554.359779
1361.134200 555.304583
1472.635279 556.262482
1589.890873 557.389575
1713.480906 558.444864
1057.675608 648.391368
1153.873049 651.461808
1254.667539 654.778146
1360.647349 658.177662
1471.961274 661.834268
1589.193086 665.663581
1712.557963 669.754757
1057.399409 744.070024
1153.465229 749.466723
1254.277049 755.135837
1360.041977 761.005396
1471.264853 767.329122
1588.368132 773.911348
1711.621294 780.886478
1057.179311 839.533408
1153.137785 847.136235
1253.815264 855.158695
1359.590112 863.665990
1470.611935 872.554306
1587.546536 881.884073
1710.759984 891.851422
1102.616759 153.802298
1190.603433 146.057186
1282.392297 138.081642
1378.393361 129.759047
1478.671529 121.102459
1583.796754 111.998005
1693.898027 102.451617
1094.078570 226.005428
1184.010657 219.778644
1277.972387 213.212746
1376.326996 206.397924
1479.270975 199.263345
1587.092620 191.869770
1700.273803 184.056525
1084.999075 301.972694
1177.031728 297.235112
1273.340831 292.356190
1374.169292 287.191803
1479.814038 281.859889
1590.720412 276.167572
1707.305323 270.358203
1075.495491 381.736589
1169.754781 378.670741
1268.437641 375.637750
1371.854005 372.348807
1480.427889 368.945447
1594.477261 365.458968
1714.603138 361.678922
1065.577599 465.711370
1162.082991 464.566964
1263.096641 463.562984
1369.458010 462.351115
1481.058980 461.157671
1598.600588 459.898012
1722.357819 458.644858
1055.073936 554.177791
1153.821908 555.233854
1257.717374 556.458805
1366.755295 557.597210
1481.706176 558.936162
1602.825351 560.276183
1730.607145 561.738820
1043.888800 647.547212
1145.229669 650.948837
1251.825302 654.594149
1364.167367 658.484831
1482.384492 662.550700
1607.372645 666.904300
1739.463348 671.482883
1148.435651 257.646149
1239.291520 252.100016
1334.101484 246.342788
1433.383111 240.404493
1537.146433 234.168256
1646.140199 227.605283
1760.426851 220.693971
1140.740084 334.030165
1233.678878 330.129052
1330.835463 325.991390
1432.677231 321.756414
1539.332464 317.256519
1651.257061 312.623949
1768.887681 307.699603
1132.594114 414.379212
1227.818427 412.149865
1327.459888 409.912122
1431.970105 407.538996
1541.560051 405.122286
1656.716233 402.445948
1778.021669 399.818538
1124.129132 498.871246
1221.656833 498.554091
1323.881828 498.390805
1431.166655 498.105602
1543.836904 497.905176
1662.494494 497.742389
1787.563444 497.414359
1115.185222 587.899271
1215.178872 589.711156
1319.950666 591.852538
1430.373838 593.918258
1546.296606 596.235174
1668.759607 598.614369
1797.736913 601.190179
1105.750438 681.786009
1208.147021 686.091536
1315.986040 690.710822
1429.349383 695.426883
1548.893553 700.623546
1675.239619 706.012426
1808.640617 711.642168
1095.705266 780.964224
1200.861311 787.932127
1311.621871 795.316447
1428.529967 803.171936
1551.630401 811.488617
1682.079166 820.242711
1820.211615 829.494769
1151.690030 377.939614
1257.057937 375.591562
1366.051656 373.283440
1479.080442 370.886460
1596.130951 368.458002
1717.650628 365.853099
1843.791258 363.207986
1151.255623 479.520027
1256.467336 479.055999
1365.450528 478.512133
1478.308540 478.032206
1595.177677 477.498261
1716.563879 476.967514
1842.644403 476.512055
1150.772727 581.085829
1255.852716 582.335171
1364.780634 583.633449
1477.463200 584.962089
1594.287159 586.474091
1715.501503 587.840558
1841.571903 589.468225
1150.333108 682.349891
1255.368403 685.314441
1364.067524 688.482057
1476.664542 691.719904
1593.384188 695.091338
1714.395209 698.593226
1840.058763 702.147900
1149.933620 783.458125
1254.809936 788.169762
1363.370680 793.117877
1475.854660 798.221313
1592.417572 803.608704
1713.384433 809.104710
1838.837232 814.831047
1149.449793 884.392237
1254.205317 890.906702
1362.719221 897.644763
1474.987291 904.657769
1591.394946 911.975920
1712.269460 919.481825
1837.594629 927.224504
1148.996872 985.065062
1253.580974 993.281813
1361.943602 1001.843689
1474.209956 1010.802484
1590.328636 1019.783688
1711.026769 1029.375538
1836.534434 1039.636995
1079.441188 257.439829
1185.908291 250.269018
1298.003784 242.896243
1416.528763 235.003438
1541.559269 226.774707
1673.819147 217.952166
1814.177852 208.584153
1089.416560 358.436211
1193.005166 354.216566
1301.816593 349.716917
1416.598082 344.942436
1537.489489 339.875135
1665.263914 334.602052
1800.458125 329.014657
1098.974082 453.889502
1199.717868 452.035924
1305.525695 450.076603
1416.703967 447.993246
1533.837210 445.952410
1657.327515 443.642386
1787.811520 441.283882
1107.903390 543.887441
1206.014354 544.223022
1308.834446 544.654320
1416.891580 545.108177
1530.447307 545.472317
1649.879874 545.936970
1775.887736 546.370108
1116.468036 629.028497
1212.031885 631.381776
1312.119851 633.818609
1417.024998 636.332609
1527.245491 639.063374
1642.975538 641.919737
1764.795073 644.870791
1124.462826 709.785033
1217.673648 713.923342
1315.088234 718.150762
1417.117812 722.583453
1524.068626 727.340478
1636.411249 732.272805
1754.323514 737.467073
1132.119155 786.392644
1222.958607 791.988269
1317.884367 797.865582
1417.242886 804.106615
1521.151648 810.623972
1630.164625 817.398187
1744.558189 824.583033
1140.837170 88.076110
1249.491430 80.355347
1362.100467 72.486900
1479.196268 64.344868
1600.176566 55.823397
1726.260179 47.013445
1857.354677 37.181344
1141.563403 195.274052
1249.276786 189.659998
1360.886348 183.738913
1476.729544 177.712067
1596.724344 171.396718
1721.416882 164.877620
1850.788402 158.101692
1142.215694 300.874423
1249.032618 297.058295
1359.746953 293.156193
1474.421894 289.074235
1593.261151 285.012311
1716.682585 280.572584
1845.077104 276.168422
1142.879779 404.513409
1248.798461 402.548418
1358.481768 400.603844
1472.121271 398.582166
1589.878179 396.438712
1712.101764 394.246537
1838.937407 391.932388
1143.638160 506.442079
1248.642948 506.299982
1357.343122 506.148979
1469.905866 505.989200
1586.587360 505.952599
1707.652406 505.775359
1833.249943 505.604155
1144.248696 606.760918
1248.333599 608.363176
1356.140126 609.941960
1467.650366 611.659496
1583.228826 613.536891
1703.175412 615.357601
1827.632750 617.274966
1144.898068 705.348827
1248.101543 708.528607
1354.925625 711.876282
1465.559299 715.438774
1580.044402 719.135609
1698.737425 722.840666
1822.026836 726.821645
