-1.90654247925070 -1.77617361608039 -0.08960970934684 
2.02973966994625 2.19207552432563 -0.79342946179053 
-2.01673950059885 -2.14918654735541 -0.76121565220544 
1.92906739648843 1.81905179874787 -0.11384895592083 
2.15277333679898 2.19097316527726 -0.35640549139737 
-2.12795883228161 -2.15222471824594 -0.32665601288819 
-2.01779386889129 -2.15018570665666 -0.76020917870045 
2.06646739861962 2.07290196202494 0.31294514325553 
1.96710329720507 1.88514851206631 -0.01292856092940 
-2.12844102907140 -2.15145556724359 -0.32502894093279 
-2.01799231276504 -2.14956161888931 -0.76048714185427 
2.13333966358575 2.13273432111053 -0.01400600346044 
1.92865153502111 1.81921151639303 -0.11375881643520 
-1.90412293804159 -1.77786831256437 0.11031418464671 
-1.98350211818610 -2.03967581582106 0.54497693989009 
-1.99901014811934 -2.15787162836352 0.77999046703996 
2.03011178441196 2.19405857213111 -0.79233930982623 
-2.08988115140922 -2.09806376356489 0.22920472730165 
-1.90762016881014 -1.77649673372445 -0.09044628929673 
-2.05613128816552 -2.03692235986109 0.11798811365862
