-30.99513245353977 -10.26993379640552 78.17194077685015
-23.83868081118838 -33.25975357269331 96.42237957324971
-9.83767575509179 -10.26966872606725 62.61624977902261
-15.02296993057119 -33.08537163063174 81.16386437721620
-25.31150027804351 -32.45259357009547 82.77018450956294
-18.55677537424229 -14.43392379846254 66.92100446956736
-40.55161407441491 -10.20048331463430 63.03262716948881
-42.51279613093448 -23.52086753444556 69.93869900918992
-44.78110855454868 -30.93158201683347 78.26593355557425
-49.50614815400045 -27.15526254405176 63.51036506867861
-41.20849978863065 -20.31106605637514 57.18185808278328
-47.76942745411188 -19.19021885643053 69.22713946118007
-44.20283719610241 -25.47441068402991 74.20253529379096
-3.35421205854614 -13.56203409408574 85.24454062320373
0.66431950477159 -25.96603889898065 92.92980839494497
3.51292181949757 -30.35136179552913 98.35788161912411
8.44440986350990 -24.58850344228238 96.61475044237658
5.92311101407408 -15.52965380651623 81.81397693869459
0.80621407711738 -21.51464742933898 77.40271128967449
4.78719880182478 -31.72897951546669 78.64580127560954
