519.491314 455.578522
610.397503 453.582497
706.123741 451.687597
807.227003 449.593993
913.889890 447.521365
1026.854708 445.209202
1146.478458 442.807610
545.748260 549.798077
634.693780 550.368195
728.037700 550.954924
826.470375 551.565359
930.236389 552.178453
1039.885826 552.923496
1155.746485 553.764657
570.641304 638.835475
657.546726 641.454840
748.698133 644.255991
844.575923 647.194148
945.622343 650.421235
1052.112860 653.776042
1164.501828 657.313254
594.088218 722.882094
679.093901 727.453421
768.092287 732.276306
861.710812 737.402809
960.091099 742.724614
1063.566399 748.397512
1172.594117 754.416451
616.326424 802.408868
699.516981 808.762438
786.578413 815.280580
877.901963 822.223762
973.729820 829.556755
1074.341991 837.261842
1180.307177 845.474436
637.322153 877.800114
718.764223 885.728357
803.876956 893.845091
893.060074 902.463052
986.479847 911.472702
1084.515879 921.025724
1187.505068 931.055283
657.360070 949.443855
737.061769 958.642193
820.305572 968.144148
907.456376 978.277011
998.546710 988.845072
1094.062260 999.879976
1194.317982 1011.642716
665.744636 128.611394
746.089201 120.133688
830.042152 111.272037
917.909354 102.103100
1009.848117 92.410893
1106.397941 82.218456
1207.608521 71.635830
646.144944 201.860158
728.021122 194.867591
813.702851 187.470496
903.512313 179.831634
997.762216 171.762358
1096.658467 163.340596
1200.482085 154.547917
625.467488 278.928735
709.043588 273.469416
796.567026 267.820844
888.449755 261.857514
984.941886 255.659603
1086.314976 249.088828
1192.964889 242.330732
603.772809 359.949641
689.082338 356.263416
778.549623 352.528010
872.475110 348.513881
971.334610 344.330773
1075.376979 340.031883
1184.916013 335.398960
580.951395 445.427947
668.038279 443.731581
759.372767 442.086039
855.673397 440.212666
956.882117 438.358018
1063.753271 436.343173
1176.344137 434.358640
556.832330 535.602995
645.635545 536.149616
739.266429 536.867226
837.671716 537.460177
941.572240 538.234924
1051.296795 538.955804
1167.194030 539.759220
531.310768 630.852710
622.166754 633.921705
717.896450 637.173256
818.822481 640.626351
925.320691 644.263799
1038.136321 648.115422
1157.440128 652.180518
850.857503 440.271672
969.174196 442.584520
1081.613743 444.871174
1188.732277 447.054228
1290.807735 449.215528
1388.211523 451.118743
1481.266324 453.030598
839.931753 551.140386
954.599775 550.739207
1063.683660 550.461815
1167.761980 550.090329
1267.060818 549.777388
1362.004471 549.467161
1452.753455 549.206690
829.878680 654.687481
940.928630 651.876534
1046.860351 649.182501
1148.031836 646.640719
1244.793916 644.259026
1337.360150 641.856570
1426.010813 639.700187
820.398858 751.536656
928.223048 746.541321
1031.049287 741.853761
1129.506532 737.444856
1223.809741 733.157756
1314.103081 728.985289
1400.728717 725.086297
811.620604 842.152113
916.239871 835.419657
1016.276684 828.942642
1112.003385 822.831544
1204.036822 816.886491
1292.180346 811.253617
1376.852712 805.749895
803.261763 927.423710
904.982538 919.061555
1002.232722 911.067776
1095.628096 903.415089
1185.327021 895.985021
1271.525682 888.926129
1354.304053 882.143697
795.490522 1007.633449
894.263764 997.793826
989.075722 988.356319
1080.129706 979.436011
1167.697030 970.765571
1251.846172 962.404470
1332.896140 954.458356
802.794526 72.014614
902.300072 81.860488
997.664252 91.213849
1089.246390 100.347283
1177.242192 109.103795
1261.988659 117.465466
1343.477005 125.580435
810.360269 154.386282
912.511732 162.707694
1010.423480 170.685871
1104.256972 178.366413
1194.324032 185.757813
1280.869724 192.904247
1364.031900 199.711734
818.293866 241.696396
923.264052 248.349750
1023.807453 254.731398
1120.063066 260.900655
1212.222570 266.785634
1300.713949 272.378811
1385.702511 277.889796
826.786639 334.454757
934.794118 339.165873
1038.030424 343.721761
1136.674369 348.055847
1231.112042 352.325830
1321.624248 356.355631
1408.510960 360.280618
835.857226 433.148637
946.981566 435.631399
1052.943521 438.201999
1154.255642 440.614837
1251.107067 442.875783
1343.760659 445.127742
1432.473750 447.235718
845.632443 538.323126
959.926404 538.437312
1069.042418 538.706033
1172.991378 538.861038
1272.317950 538.995673
1367.287384 539.135171
1458.088557 539.298848
855.870030 650.687668
973.740888 648.084590
1086.064813 645.552275
1192.938987 643.270728
1294.836505 640.975896
1392.050175 638.839780
1485.015338 636.803535
616.443233 90.584463
715.792258 86.714427
817.048887 82.726495
920.363558 78.742931
1025.701538 74.679936
1133.260562 70.470352
1242.908670 66.262819
608.439184 184.665427
709.161432 181.699611
811.891085 178.595974
916.698478 175.506091
1023.713835 172.344143
1132.868359 169.119015
1244.165380 165.884424
600.191439 281.706285
702.344572 279.600607
806.545614 277.485176
912.942295 275.313683
1021.615133 273.133855
1132.418976 270.837578
1245.531436 268.644935
591.733944 381.596880
695.384768 380.421680
801.090676 379.338779
909.053402 378.185641
1019.347162 377.024878
1131.909419 375.900396
1246.815352 374.717382
583.044352 484.597279
688.202672 484.458250
795.418337 484.461112
905.076929 484.345980
1017.037546 484.289870
1131.414159 484.253901
1248.107145 484.276902
574.043936 590.814859
680.654295 591.843362
789.650211 592.960188
900.882885 594.000896
1014.645166 595.131628
1130.860468 596.282770
1249.507000 597.523172
564.753906 700.394637
673.043391 702.580846
783.607531 704.861221
896.675400 707.240768
1012.160633 709.605330
1130.317425 712.056086
1250.990174 714.613260
695.373170 368.777949
816.306354 370.176019
935.502551 371.581718
1053.196914 372.959320
1169.125344 374.420455
1283.479650 375.737206
1396.187942 377.092981
697.676183 485.827215
816.423003 486.415467
933.437414 487.036859
1048.957071 487.598724
1162.762973 488.187299
1275.130949 488.713694
1385.814900 489.361671
700.050082 598.705360
816.480717 598.474007
931.437257 598.236588
1044.850207 598.035448
1156.705139 597.932708
1267.088943 597.695335
1375.905608 597.600653
702.217743 707.450121
816.616365 706.453815
929.454517 705.535793
1040.880963 704.664357
1150.797249 703.819436
1259.240443 702.920902
1366.273459 702.082562
704.403629 812.294565
816.771944 810.668737
927.643812 809.058147
1037.015715 807.545864
1145.111042 806.033015
1251.719585 804.562170
1356.929431 803.059898
706.444181 913.589533
816.863137 911.368225
925.772778 909.120762
1033.320355 906.994531
1139.551621 904.848269
1244.462299 902.742064
1348.002170 900.674813
708.470716 1011.380613
816.932272 1008.497712
924.074211 1005.665121
1029.772223 1002.993023
1134.254258 1000.297174
1237.402208 997.605727
1339.319925 995.132110
220.633428 442.302219
353.956052 444.643229
480.648776 446.831501
601.469487 449.014231
716.642269 451.081130
826.598847 452.938526
931.717240 454.757370
231.377663 552.496065
360.105651 552.138991
482.530558 551.852546
599.397488 551.470076
710.991022 551.116144
817.742423 550.740869
919.876097 550.435366
241.686519 655.466017
365.821570 652.717642
484.256163 650.040322
597.451883 647.502783
705.779456 645.116154
809.416819 642.701900
908.785940 640.490027
251.142305 751.830774
371.269852 746.948047
485.849465 742.246379
595.634778 737.815984
700.827463 733.568789
801.545093 729.449137
898.280864 725.539873
260.130308 842.051304
376.281165 835.435835
487.486440 828.991552
593.890568 822.875213
696.172523 816.949443
794.141063 811.335048
888.335436 805.869102
268.586876 927.054155
381.108981 918.784155
488.870820 910.789427
592.387332 903.162780
691.701932 895.740852
787.208345 888.701084
879.011928 881.957862
276.508165 1007.008929
385.511417 997.293612
490.264442 987.872507
590.855618 978.953276
687.544937 970.259745
780.515117 961.946804
870.108543 954.045734
242.516853 205.646735
367.029875 213.594456
485.803035 221.101716
599.351184 228.434512
707.938746 235.376929
811.934942 241.963202
911.575622 248.357261
242.460140 319.831812
366.939039 325.108141
485.654744 330.171535
599.120250 334.944250
707.669256 339.578070
811.580000 343.937653
911.103258 348.233858
242.580188 433.895563
366.853214 436.520989
485.474115 438.945777
598.937513 441.379675
707.352500 443.679385
811.189181 445.788404
910.703136 447.941140
242.529893 547.867533
366.895550 547.795591
485.366779 547.681283
598.710360 547.643198
707.038532 547.686396
810.773424 547.565330
910.252297 547.593652
242.645445 661.535595
366.798941 658.827299
485.175596 656.224563
598.356031 653.825443
706.733376 651.472508
810.350278 649.255590
909.719945 647.085014
242.796099 775.157388
366.708943 769.823601
485.038098 764.731646
598.182774 759.871679
706.436950 755.158615
810.056609 750.748705
909.358146 746.485301
242.948599 888.533117
366.638397 880.597586
485.006054 872.911011
597.995559 865.710019
706.140282 858.694646
809.613162 852.047060
908.866852 845.712083
271.019313 99.588336
384.740167 109.242073
493.641578 118.343888
598.093824 127.272733
698.377478 135.775332
794.692561 143.954704
887.261417 151.790968
264.832871 191.716077
381.209915 199.510435
492.554586 206.977835
599.193722 214.161275
701.510167 221.042290
799.630497 227.659874
893.880832 234.009124
258.307728 288.092807
377.435466 293.924870
491.280303 299.501484
600.342915 304.872633
704.765839 309.978569
804.878700 314.813107
900.925351 319.609387
251.451424 389.031754
373.599327 392.661446
490.054877 396.106092
601.458854 399.420620
708.093615 402.686703
810.268364 405.739318
908.264134 408.725990
244.362019 494.836349
369.441056 496.054916
488.622904 497.284545
602.606404 498.429127
711.588411 499.525992
815.865843 500.619314
915.787453 501.632808
236.942035 605.896938
365.035059 604.520616
487.296137 603.242495
603.870459 601.990794
715.271518 600.793706
821.828618 599.659579
923.783957 598.606192
228.987288 722.564386
360.486515 718.354110
485.848645 714.173877
605.211507 710.362906
719.162642 706.660392
827.861940 703.178931
931.940199 699.820348
28.706879 93.789468
160.686449 97.491920
290.839228 100.920356
419.278639 104.373425
545.739569 107.752216
670.439804 110.951790
793.325291 114.214318
43.369847 222.166508
173.626780 225.025640
301.254677 227.511149
427.079968 229.976773
551.088478 232.337306
673.383179 234.675116
793.876609 237.096190
59.536927 346.207809
186.082012 347.788249
311.197776 349.307659
434.648614 350.849510
556.290209 352.351900
676.228704 353.772207
794.439937 355.233989
73.588592 465.349518
198.121533 465.860921
320.750946 466.536815
441.834265 467.263158
561.226374 467.905369
678.924190 468.505908
795.055813 469.179807
87.616344 579.698560
209.677332 579.665879
330.097640 579.533163
448.803569 579.436884
566.011721 579.278008
681.527570 579.206323
795.516551 579.103033
101.135108 690.164510
220.854276 689.331776
339.031205 688.471660
455.593655 687.667298
570.610538 686.739249
684.177349 685.917727
796.087452 685.169821
114.147097 796.577761
231.663741 795.034835
347.666120 793.447904
462.125148 792.005343
575.100752 790.433698
686.553714 788.906833
796.623596 787.565390
136.265484 207.996434
284.239167 216.934775
424.251744 225.334096
557.201918 233.368819
683.386935 241.058903
803.325208 248.200323
917.565987 255.064437
151.175355 337.142061
293.514969 342.391247
428.408750 347.440183
556.526512 352.072116
678.428167 356.525626
794.580872 360.701400
905.282370 364.746034
165.343269 457.067294
302.116488 459.097044
432.165740 460.929075
555.911518 462.713071
673.868722 464.448370
786.417165 465.984048
893.811645 467.487238
178.336377 568.645200
310.248207 567.815402
435.616963 566.990126
555.340718 566.246911
669.587343 565.544045
778.671214 564.722082
883.040776 564.126712
190.497148 672.520833
317.749265 669.354815
439.060905 666.154794
554.715437 663.206892
665.596102 660.333623
771.377264 657.662638
872.843380 655.014555
201.981839 769.816432
324.874407 764.464587
442.099406 759.278248
554.320594 754.349679
661.737907 749.546548
764.681561 745.075504
863.347395 740.784792
212.759440 860.882264
331.415152 853.645249
445.073930 846.657730
553.851302 840.080619
658.184839 833.647515
758.186547 827.502169
854.293409 821.717310
116.999176 278.348557
241.394708 280.591182
363.834559 282.735619
484.717271 284.993458
603.956054 287.126768
721.655266 289.220838
837.677804 291.336389
110.540220 394.953585
236.048014 396.351697
359.583274 397.794581
481.443445 399.226475
601.738883 400.595102
720.326979 401.957635
837.226659 403.301145
104.141155 513.550360
230.577396 514.140535
355.207687 514.782729
478.212694 515.376021
599.413737 515.930644
718.920216 516.429007
836.790777 517.048913
97.467494 634.173961
225.227835 633.855209
350.917790 633.598616
474.841647 633.364983
597.025356 633.078479
717.512935 632.819842
836.364588 632.634762
90.780436 756.736422
219.594513 755.524361
346.379020 754.471072
471.394156 753.328115
594.608467 752.150357
716.108022 751.110009
835.815835 750.088758
84.123824 881.466027
213.935717 879.288112
341.857954 877.357407
467.907146 875.352572
592.205090 873.297417
714.704321 871.322799
835.438917 869.422333
77.111868 1008.269550
208.175606 1005.093393
337.329127 1002.135766
464.461444 999.371893
589.716416 996.409616
713.215673 993.448579
834.953519 990.711300
242.321888 168.992710
363.752203 177.631719
479.638677 185.706963
590.514626 193.668693
696.674578 201.194540
798.525927 208.389780
896.198775 215.290426
232.728528 262.499773
358.068217 269.123256
477.685624 275.466723
591.899288 281.557615
701.201424 287.415043
805.768695 292.959622
905.936782 298.264046
222.382321 362.068476
352.007079 366.574963
475.467172 370.809677
593.416454 374.925796
705.879657 378.821294
813.416048 382.450133
916.362694 386.079231
211.303469 468.604327
345.682633 470.526583
473.323398 472.351277
594.876012 474.090218
710.812116 475.882819
821.513147 477.468905
927.358326 479.082829
199.507987 582.667200
338.696358 581.637444
470.732182 580.818180
596.459147 579.980319
716.116825 579.147664
830.120542 578.436437
938.910651 577.755359
186.913838 705.033418
331.236004 700.720358
468.318000 696.791222
598.208978 692.971346
721.804047 689.331336
839.341179 685.946700
951.390734 682.687853
173.220787 836.688995
323.327877 828.684896
465.603709 820.988463
600.116752 813.810967
727.815873 806.929106
849.095909 800.496158
964.483516 794.386009
996.989644 411.975504
1089.972641 408.340860
1188.857750 404.705027
1294.570247 400.672752
1407.382170 396.494447
1528.344008 391.866408
1658.252757 386.889345
1008.666689 504.453763
1100.106187 503.879814
1197.187263 503.282272
1300.775181 502.602783
1411.176346 501.833839
1529.440321 501.057920
1656.207383 500.270369
1019.920309 593.512441
1109.796416 595.511824
1205.225477 597.676971
1306.688380 599.999557
1414.932400 602.554282
1530.520014 605.125857
1654.358195 608.046162
1030.731763 678.899091
1119.111391 683.383840
1212.845585 688.241104
1312.474225 693.385370
1418.496616 698.761790
1531.558738 704.623095
1652.456173 710.809768
1041.200528 761.080670
1128.140111 767.915946
1220.243719 775.158448
1317.994425 782.759336
1421.887528 790.957353
1532.587907 799.650383
1650.701504 808.964124
1051.174648 840.258213
1136.696718 849.222854
1227.239225 858.654320
1323.184876 868.637252
1425.088270 879.304119
1533.481454 890.634167
1648.956860 902.725830
1060.845283 916.491661
1144.990883 927.295727
1233.979513 938.777410
1328.293868 951.009362
1428.148553 963.942272
1534.298253 977.639222
1647.325360 992.318450
1039.346979 235.740498
1127.768858 227.372035
1221.471881 218.607579
1321.173432 209.316344
1427.144015 199.403748
1540.288630 188.853497
1661.171639 177.543729
1035.574441 325.163532
1124.380522 319.501285
1218.526375 313.428472
1318.699791 307.076593
1425.272811 300.206667
1539.063467 292.976124
1660.679523 285.274636
1031.719477 415.775605
1120.928521 412.662942
1215.574941 409.451056
1316.213945 406.025016
1423.427097 402.450240
1537.815599 398.481112
1660.285953 394.454887
1027.837047 507.254928
1117.452742 506.869654
1212.561975 506.595467
1313.701825 506.299324
1421.482264 505.883238
1536.594595 505.535011
1659.833425 505.080395
1023.996251 599.830704
1113.998629 602.242266
1209.500158 604.919665
1311.217641 607.657957
1419.529017 610.675094
1535.374856 613.811440
1659.380965 617.295833
1020.040886 693.476391
1110.345119 698.797145
1206.420448 704.462024
1308.534432 710.382718
1417.542606 716.872372
1534.103286 723.734315
1658.906846 731.130325
1016.061414 788.134923
1106.778185 796.281253
1203.269165 805.042055
1306.028272 814.412407
1415.572261 824.355274
1532.865627 835.021142
1658.460042 846.519302
1069.188277 182.718833
1154.250512 173.384954
1244.155027 163.604457
1339.521672 153.307302
1440.574550 142.329071
1548.128758 130.664602
1662.589218 118.249950
1059.309752 260.873849
1145.551690 253.729477
1236.857792 246.064491
1333.737516 238.065273
1436.649957 229.434174
1546.153665 220.369728
1662.852750 210.745586
1048.996344 341.923366
1136.526720 336.906832
1229.293329 331.674148
1327.789011 326.081522
1432.516638 320.191686
1544.064958 313.776514
1663.279312 307.155653
1038.327555 425.782641
1127.186941 423.108184
1221.445088 420.447873
1321.564880 417.551671
1428.178678 414.441594
1541.962306 411.242131
1663.623292 407.669457
1027.337627 512.782507
1117.525974 512.699858
1213.177457 512.750238
1315.166650 512.667974
1423.698377 512.703508
1539.837677 512.665564
1664.044844 512.763128
1015.894433 602.956525
1107.304783 605.693928
1204.734876 608.681000
1308.322251 611.729959
1419.006748 615.168993
1537.473089 618.696607
1664.399342 622.565345
1004.033728 696.531698
1096.936665 702.238268
1195.846387 708.351616
1301.416126 714.906693
1414.099130 721.882699
1535.079808 729.365003
1664.856313 737.426733
1148.427742 257.610919
1239.280006 252.051327
1334.095422 246.308350
1433.375463 240.359132
1537.159444 234.093143
1646.188748 227.522695
1760.485507 220.622996
1140.735756 333.994899
1233.672986 330.081194
1330.839363 325.959460
1432.647866 321.729792
1539.323665 317.212640
1651.299241 312.557459
1768.934445 307.645784
1132.574354 414.344944
1227.794251 412.108196
1327.428793 409.892390
1431.926696 407.525254
1541.548228 405.090792
1656.734126 402.406784
1778.051591 399.786573
1124.092747 498.852158
1221.625142 498.521780
1323.842060 498.378049
1431.112562 498.105736
1543.822285 497.881747
1662.516388 497.712116
1787.568929 497.398613
1115.144247 587.875678
1215.143437 589.678361
1319.911327 591.839643
1430.314417 593.923706
1546.269983 596.230537
1668.780669 598.592360
1797.740664 601.184072
1105.711860 681.761004
1208.105400 686.060838
1315.943414 690.692854
1429.279266 695.435998
1548.846604 700.613618
1675.246102 705.975926
1808.640664 711.626987
1095.669971 780.912706
1200.802188 787.896278
1311.567646 795.294945
1428.466665 803.163134
1551.597258 811.466197
1682.091581 820.198402
1820.200015 829.492277
1151.674914 377.902324
1257.048463 375.550630
1366.021598 373.259975
1479.050601 370.862986
1596.135127 368.413485
1717.696151 365.801060
1843.835119 363.151891
1151.221153 479.496654
1256.438001 479.028343
1365.397911 478.505024
1478.277213 478.022925
1595.174577 477.467904
1716.599529 476.936632
1842.670828 476.493701
1150.728576 581.059154
1255.823326 582.309073
1364.724369 583.628724
1477.418447 584.966277
1594.273394 586.459785
1715.533280 587.818514
1841.580812 589.463471
1150.286408 682.322191
1255.332232 685.286342
1364.007074 688.476872
1476.606123 691.730726
1593.350691 695.069946
1714.417471 698.556447
1840.055456 702.139153
1149.877979 783.418065
1254.753530 788.139189
1363.307600 793.104460
1475.799881 798.214639
1592.390944 803.576615
1713.400430 809.060953
1838.830354 814.831619
1149.413157 884.327536
1254.153705 890.838760
1362.651760 897.583750
1474.933976 904.602521
1591.357324 911.900043
1712.247636 919.404015
1837.557911 927.209943
1148.981088 984.909929
1253.562640 993.133320
1361.932576 1001.689725
1474.210157 1010.697956
1590.339495 1019.667893
1711.051308 1029.260454
1836.579245 1039.592671
1079.456365 257.418928
1185.892322 250.229687
1297.998083 242.853057
1416.517634 234.965953
1541.570690 226.700074
1673.872902 217.865326
1814.195126 208.517986
1089.424552 358.403600
1192.992123 354.171775
1301.812181 349.681787
1416.564764 344.915592
1537.481601 339.833580
1665.306105 334.540924
1800.495892 328.962237
1098.949065 453.866630
1199.690102 452.002561
1305.490629 450.056909
1416.654880 447.985735
1533.824951 445.925671
1657.346145 443.608150
1787.836631 441.262414
1107.864313 543.867310
1205.979641 544.192728
1308.800005 544.641130
1416.829666 545.108949
1530.423508 545.463347
1649.895372 545.911920
1775.891253 546.359366
1116.425256 629.005833
1211.994519 631.347810
1312.082447 633.800297
1416.966579 636.338034
1527.208733 639.064190
1642.974683 641.897011
1764.798265 644.855846
1124.416655 709.757288
1217.630064 713.895209
1315.040977 718.133592
1417.038222 722.592854
1524.017595 727.339827
1636.395860 732.235898
1754.329164 737.426969
1132.066810 786.348090
1222.898886 791.954760
1317.832438 797.844566
1417.174650 804.095042
1521.119450 810.608486
1630.154934 817.358149
1744.564730 824.550306
1140.809870 88.039971
1249.465484 80.291429
1362.106828 72.447023
1479.189333 64.267627
1600.177877 55.744592
1726.279681 46.947334
1857.360706 37.100851
1141.550266 195.245080
1249.258982 189.619915
1360.874679 183.711812
1476.725602 177.649505
1596.733157 171.319571
1721.460358 164.799587
1850.784643 158.025195
1142.210916 300.841595
1249.029854 297.013881
1359.737142 293.127094
1474.403146 289.034854
1593.281991 284.950875
1716.740204 280.502387
1845.109194 276.099476
1142.861593 404.479317
1248.778840 402.509258
1358.445418 400.584780
1472.089368 398.562071
1589.874703 396.398812
1712.144452 394.199445
1838.977025 391.887144
1143.600772 506.420100
1248.613116 506.271870
1357.292248 506.142859
1469.865017 505.987099
1586.582028 505.924880
1707.686476 505.745547
1833.275158 505.591000
1144.204651 606.734152
1248.302482 608.334720
1356.089026 609.936363
1467.601800 611.668045
1583.208107 613.525234
1703.209985 615.332995
1827.640097 617.274310
1144.849610 705.321048
1248.061547 708.502164
1354.866600 711.871094
1465.493878 715.451779
1580.004143 719.115759
1698.761882 722.801078
1822.027447 726.808098
