499.937956 458.204700
578.593512 455.295692
663.060945 452.497550
753.675569 449.532863
851.292046 446.504789
956.227914 443.402441
1069.177421 440.280443
528.340166 548.147462
606.003418 548.387676
689.099684 548.884839
778.126840 549.418896
873.745012 550.091927
976.292599 550.835532
1086.344491 551.776869
555.655275 633.722824
632.242988 636.848380
713.912344 640.219256
801.327724 643.796855
894.943559 647.770764
995.075652 651.805746
1102.214491 656.345785
581.736772 715.087299
657.189897 720.657263
737.585477 726.714790
823.294245 733.182420
914.901093 739.813497
1012.681735 746.822735
1116.941517 754.297235
606.745689 792.488738
681.094649 800.292655
760.127342 808.524857
844.195926 817.237754
933.808028 826.452959
1029.162904 836.090212
1130.594560 846.213300
630.698705 866.046485
703.805914 875.800006
781.416426 886.050632
863.882066 896.778475
951.507489 908.103196
1044.578230 919.935117
1143.356796 932.382505
653.545947 935.932486
725.458866 947.319103
801.718694 959.288504
882.570464 971.914478
968.193041 985.056281
1059.031728 998.826168
1155.192134 1013.202963
663.663771 146.399773
735.705434 135.571955
812.060289 124.472661
892.929218 112.976066
978.611450 101.041302
1069.521502 88.760104
1165.742829 76.205870
640.913568 216.382116
714.264444 207.189296
791.950328 197.813425
874.489730 188.108345
962.249122 177.995305
1055.376361 167.700681
1154.259897 157.140378
617.236591 290.287800
691.705203 283.084478
770.783719 275.595530
855.077048 267.847380
944.754660 260.044895
1040.234152 251.791845
1141.761949 243.588809
592.491808 368.089407
668.096144 363.057468
748.552433 357.921788
834.410554 352.647835
926.213290 347.213970
1024.022094 341.687216
1128.413008 336.087500
566.655956 450.253005
643.277537 447.780655
725.125413 445.306060
812.760160 442.638303
906.486302 440.217310
1006.741568 437.498802
1113.818192 435.037973
539.612912 536.865755
617.314065 537.225271
700.509758 537.873940
789.760860 538.256640
885.477659 538.989333
988.042252 539.735248
1098.119916 540.767572
511.401358 628.111775
590.200825 631.578103
674.922731 635.323492
765.639007 639.567931
863.208282 643.940979
968.270433 648.745016
1081.103610 653.777099
923.960528 371.865967
1035.132829 377.328798
1138.730552 382.843307
1235.189104 388.224171
1325.262286 393.398543
1409.197981 398.362801
1487.589050 403.124857
909.820718 488.887633
1018.906942 490.312436
1120.837976 491.884589
1215.855073 493.538789
1304.707786 495.200505
1387.776143 496.759572
1465.300702 498.366638
896.365952 600.463493
1003.299524 598.308775
1103.328077 596.355845
1197.088542 594.522597
1284.694155 592.994272
1366.689694 591.412123
1443.475617 590.108772
883.449538 706.755563
988.346026 701.327888
1086.552140 696.230829
1178.736660 691.390520
1265.192647 686.732261
1346.097821 682.464073
1422.169394 678.409829
871.392417 807.719419
974.053410 799.432205
1070.408847 791.465350
1161.007925 783.940097
1246.174217 776.677257
1326.109938 769.897504
1401.319986 763.297765
859.869590 903.777979
960.295325 892.869312
1054.902863 882.382568
1143.932258 872.401658
1227.729154 862.784948
1306.711329 853.594174
1381.018854 844.908101
848.923843 994.959390
947.225401 981.640650
1040.016979 968.860529
1127.528150 956.787147
1209.980959 945.093957
1287.803836 933.852772
1361.272893 923.157079
843.670311 72.864435
938.846626 85.644607
1028.932421 98.213244
1113.963915 110.366998
1194.404404 122.220859
1270.395698 133.661475
1342.201427 144.663774
856.444816 153.669004
954.231140 164.600732
1046.501843 175.286645
1133.615113 185.820556
1215.641045 195.913556
1293.083577 205.780133
1366.095602 215.285189
870.098174 240.116357
970.554158 248.872795
1065.179624 257.552618
1154.308575 266.021982
1237.967476 274.339085
1316.827456 282.196794
1391.065436 289.876840
884.630756 332.630043
987.996781 338.937435
1084.925281 345.212862
1176.005357 351.390187
1261.435241 357.314622
1341.530903 363.100964
1417.019713 368.703741
900.242596 431.729205
1006.360527 435.182391
1105.761102 438.663641
1198.797462 442.107916
1285.908835 445.475817
1367.571743 448.742427
1443.871637 451.914420
916.875494 537.955611
1025.953725 538.058360
1127.764609 538.376317
1222.741411 538.672667
1311.551156 539.005822
1394.568972 539.361688
1472.096689 539.860234
934.736519 651.594655
1046.505956 647.754960
1150.829002 644.170626
1247.958880 641.032393
1338.410606 637.988058
1422.600375 635.225853
1501.288864 632.584303
696.135102 51.606713
799.015217 54.083818
901.010523 57.097108
1001.753689 60.455692
1101.159316 64.260868
1198.915720 68.434172
1294.945971 73.051272
691.550010 137.365104
797.303351 139.419791
901.932580 141.884779
1005.402701 144.878170
1107.376562 148.154061
1207.651895 151.925064
1305.942666 156.023974
686.911819 228.208022
795.478315 229.777292
902.935730 231.776581
1009.221626 234.201291
1113.828623 237.121832
1216.611313 240.087257
1317.380594 243.561849
682.155605 324.218815
793.664671 325.311549
904.020985 326.824024
1013.107966 328.718854
1120.475370 330.883613
1225.798633 333.346128
1329.097614 336.041118
677.336143 425.832827
791.783995 426.481593
905.157445 427.465939
1017.130689 428.639147
1127.268752 430.135696
1235.325752 431.739522
1340.927406 433.586452
672.433907 533.283384
789.953589 533.470341
906.363283 533.891763
1021.194209 534.310822
1134.164068 534.933963
1244.873459 535.572104
1353.170358 536.422099
667.667539 646.693235
788.096674 646.219436
907.614068 645.877032
1025.484333 645.661101
1141.335231 645.236643
1254.625072 644.893909
1365.501761 644.622255
581.845589 441.470722
692.434229 439.993475
806.054267 438.836990
922.597971 437.926494
1041.812840 437.240289
1163.021692 436.770397
1286.036043 436.541665
595.008200 548.582607
703.113344 548.575058
814.029996 548.770745
927.674418 549.093532
1043.825139 549.595607
1162.007014 550.070554
1281.755096 550.792538
607.879707 650.610271
713.469122 651.980423
821.579660 653.373193
932.524655 654.810307
1045.650613 656.295417
1160.724213 657.642793
1277.358485 659.204762
620.289288 747.778066
723.449410 750.194835
828.974722 752.741662
937.023206 755.203250
1047.233102 757.500827
1159.256705 759.772564
1272.794597 761.973969
632.333083 840.175310
733.063397 843.601170
836.091088 846.941206
941.357089 850.248432
1048.685154 853.422627
1157.731441 856.501106
1268.163341 859.382854
643.944803 928.017712
742.186766 932.275876
842.700520 936.444339
945.391984 940.452416
1049.942489 944.339371
1156.145287 948.064029
1263.643839 951.601481
655.066211 1011.424732
751.003547 1016.345951
849.098257 1021.148920
949.212596 1025.908821
1051.033072 1030.429508
1154.398729 1034.711412
1259.109067 1038.785626
306.715630 444.668837
434.931413 446.396796
556.470193 448.370885
671.394232 450.488773
779.999659 452.595724
882.490998 454.777184
979.301414 456.891307
308.489720 554.207603
432.641974 552.842132
550.610063 551.800165
662.193354 550.881234
767.947295 550.207443
867.999279 549.491765
962.531832 548.975334
310.604904 656.858746
430.799261 652.861071
545.153660 649.128215
653.816056 645.580429
756.689567 642.296133
854.263869 639.123159
946.663050 636.265606
312.937558 753.219125
429.461999 746.867830
540.332881 740.754669
646.004979 734.942769
746.264478 729.383962
841.330004 724.139352
931.591096 718.968716
315.552223 843.604764
428.505576 835.164518
536.121070 826.991145
638.739989 819.179586
736.410069 811.547500
829.130858 804.392656
917.306392 797.343997
318.329161 928.463849
427.741471 918.257756
532.254252 908.315972
632.007677 898.695836
727.125729 889.310641
817.679839 880.267790
903.762312 871.636763
321.267861 1008.026738
427.303382 996.278314
528.741894 984.736405
625.810222 973.608032
718.439032 962.761698
806.653585 952.193937
890.872968 942.031032
314.584134 210.090266
434.126081 218.225174
547.961433 226.467578
656.069651 234.637576
758.647502 242.656761
855.790531 250.595784
947.934083 258.298821
312.375516 322.086158
432.387278 327.209205
546.502157 332.513755
654.884956 337.905445
757.692323 343.146972
855.154482 348.350597
947.450857 353.531479
310.784829 434.860241
430.995172 437.028394
545.335131 439.431654
654.003023 441.891799
756.868099 444.414772
854.521024 446.805008
946.979084 449.389744
309.717644 548.230888
430.184199 547.434139
544.560215 546.789123
653.239074 546.364410
756.253866 545.998864
853.883184 545.775312
946.458113 545.620446
309.321144 661.748306
429.641605 657.929552
544.083033 654.313329
652.785422 650.958259
755.720240 647.794769
853.414484 644.836309
945.866371 642.050325
309.426436 775.187964
429.628047 768.372884
543.915166 761.845285
652.474108 755.580196
755.451006 749.583947
852.939431 743.851379
945.348867 738.355019
310.218971 888.143217
429.924782 878.337510
544.079428 868.740558
652.497646 859.705056
755.286268 850.853689
852.472300 842.381574
944.752226 834.213638
330.738420 86.829996
436.355279 96.960074
537.629545 107.119568
634.305690 117.184704
726.714821 127.185568
814.805602 136.999079
898.817642 146.548963
326.966494 166.655245
436.074081 175.158847
540.296367 183.665601
639.880582 192.294438
734.739522 200.637588
825.112981 208.992864
911.096426 217.138584
323.387889 251.950014
435.950644 258.624393
543.378754 265.364951
645.887267 272.083872
743.259014 278.815767
835.936027 285.248847
924.054918 291.769309
319.814388 343.098104
436.174800 347.651127
546.894081 352.285247
652.322444 356.978881
752.438884 361.583267
847.428162 366.214617
937.734949 370.797082
316.521814 440.591394
436.602315 442.713510
550.855790 444.980741
659.367728 447.325533
762.163433 449.713089
859.739500 452.065315
952.017374 454.496144
313.392357 544.905184
437.540716 544.262593
555.379228 543.872328
666.985350 543.523829
772.672776 543.279825
872.719719 543.075393
967.269247 543.087923
310.766079 656.429432
438.756755 652.540652
560.426503 648.826077
675.452129 645.629507
783.996865 642.401338
886.419000 639.528194
983.254584 636.721179
108.373885 104.497295
238.241790 107.827936
366.286232 111.890792
492.105514 116.319279
615.558163 121.200000
735.997130 126.699301
853.314784 132.568936
115.577843 229.075951
243.617735 231.130617
369.775418 233.799777
493.739569 236.820598
615.480962 240.309356
734.323920 244.004866
849.942893 248.159768
123.583316 350.339582
249.576932 351.408550
373.735829 352.800591
495.984434 354.394707
615.721440 356.401811
732.717883 358.473809
846.718442 360.877237
131.989350 468.313712
255.972681 468.189635
378.118308 468.354006
498.429701 468.690114
616.320102 469.178037
731.389324 469.839169
843.678632 470.618117
140.969035 582.571981
262.854881 581.427589
383.032048 580.335152
501.261733 579.437005
617.124445 578.619805
730.349613 577.910105
840.773941 577.337075
150.450918 693.008552
270.124420 690.897203
388.130709 688.768830
504.241342 686.675661
618.211162 684.548370
729.624758 682.511605
838.105833 680.575184
160.201611 799.565839
277.565682 796.490250
393.553513 793.198721
507.627794 790.078028
619.543525 786.824386
728.876283 783.538520
835.568431 780.318220
236.409656 215.796283
377.112329 224.439922
509.973675 233.161086
635.467118 241.938333
753.632145 250.549999
864.612555 259.033415
968.991995 267.240137
239.464227 341.682788
375.525794 346.323558
504.455376 351.195927
626.224347 356.163504
741.161553 361.120509
849.458212 365.900527
951.427844 370.780510
243.003642 459.751674
374.644282 461.005890
499.498413 462.416543
617.864862 463.959068
729.591923 465.607315
835.181622 467.244160
934.821583 469.043452
246.838293 570.530646
374.302524 568.683586
495.258738 567.038570
610.202741 565.617311
718.896966 564.316462
821.744167 563.196519
919.087603 562.185188
251.090199 674.278977
374.394590 669.750684
491.728084 665.391332
603.219517 661.382973
708.982805 657.479799
809.157562 653.914183
904.117239 650.521007
255.524314 771.562075
374.817150 764.670131
488.530236 758.035433
596.837676 751.634381
699.822793 745.480951
797.464886 739.719337
890.025673 734.124373
260.100672 862.681780
375.542201 853.657254
485.787885 844.869855
591.075934 836.537544
691.229001 828.428533
786.263660 820.609686
876.683616 813.106903
138.612831 288.808709
255.362881 288.553681
372.385088 288.712637
489.483406 289.216929
606.414619 290.059002
722.644909 291.256172
837.858362 292.758854
130.449545 401.648455
248.512258 401.302051
366.696456 401.189563
485.109743 401.490603
603.315115 401.932681
720.669180 402.622489
837.063523 403.559943
123.060643 517.160807
242.157729 516.701871
361.437407 516.507876
481.141703 516.392675
600.361316 516.476642
718.883780 516.550572
836.418544 516.953120
116.142312 635.011366
236.397585 634.469730
356.798849 633.970221
477.394839 633.571437
597.805757 633.144036
717.331430 632.760231
835.886288 632.520350
110.030797 754.859486
231.033253 754.194462
352.561108 753.583685
474.167870 752.785533
595.411469 751.952509
716.071342 751.031613
835.312167 750.161499
104.403506 876.442662
226.537009 875.640056
348.709860 874.949812
471.174216 873.800321
593.397573 872.462250
714.822303 870.891349
835.025961 869.194321
100.255610 999.175545
222.187112 998.722082
345.759154 997.259759
468.840807 996.022602
591.682213 994.225137
713.650488 992.036676
834.634815 989.538046
293.761950 174.485859
411.027080 183.301900
522.870589 192.162637
629.296631 200.951980
730.487400 209.602473
826.532052 218.161092
917.716048 226.460471
288.767635 266.201976
410.163041 272.921321
525.614787 279.607692
635.360573 286.425759
739.510941 293.004227
838.162565 299.611280
931.652104 306.148530
283.960369 364.783489
409.524901 368.956682
528.814750 373.265152
642.098692 377.663739
749.119325 382.082462
850.494792 386.276607
946.423213 390.597404
279.249333 470.592333
409.377288 471.925237
532.567958 473.444184
649.337025 475.132303
759.541454 476.813110
863.606098 478.584765
961.981947 480.425041
274.861325 584.189526
409.426065 582.269782
536.877581 580.580391
657.332954 579.127187
770.692596 577.848003
877.709908 576.720579
978.369782 575.676981
270.690256 706.238503
410.179151 700.537364
541.897907 695.272173
666.050645 690.194299
782.775281 685.468763
892.622182 680.921911
995.829726 676.650609
267.141775 837.208743
411.313897 827.122224
547.613816 817.426852
675.704169 808.486595
795.926389 799.659548
908.421773 791.423008
1014.181065 783.497459
993.099493 464.982083
1086.434690 463.043830
1185.318190 461.379691
1290.145235 459.755878
1401.190619 458.205467
1518.416717 456.693507
1642.318023 455.354849
1008.660227 553.279495
1100.032323 554.073633
1196.603637 555.107922
1298.769437 556.283675
1406.786694 557.649860
1520.760273 559.145901
1640.872468 560.907463
1023.410729 637.217966
1112.731394 640.507039
1207.004422 643.889194
1306.640279 647.515765
1411.728882 651.526489
1522.435222 655.572386
1638.977462 660.154722
1037.320547 716.994140
1124.631404 722.352381
1216.711195 728.016397
1313.772768 733.939221
1416.047839 740.112886
1523.667296 746.609545
1636.678256 753.398658
1050.499022 792.732586
1135.841174 799.996645
1225.758564 807.587564
1320.368160 815.468985
1419.955883 823.741244
1524.474249 832.319473
1633.995316 841.228126
1062.944715 864.686977
1146.356045 873.640448
1234.099332 882.996552
1326.366073 892.556420
1423.253056 902.650883
1524.889490 913.031257
1631.222737 923.845364
1074.703336 933.055432
1156.296888 943.470820
1241.952693 954.233543
1331.939059 965.528027
1426.193474 977.154360
1524.934475 989.131488
1628.274921 1001.552328
1023.893304 272.480739
1112.784789 265.410211
1206.647575 258.360184
1305.729228 251.248289
1410.299825 244.004964
1520.345660 236.721517
1636.235677 229.431499
1023.993235 364.089490
1113.099077 359.666653
1207.114174 355.286737
1306.485541 350.913813
1411.324318 346.468093
1521.680114 342.125148
1637.832198 337.833609
1024.014027 456.350316
1113.248428 454.590894
1207.366314 452.874324
1306.912516 451.193965
1411.835603 449.753308
1522.386611 448.175846
1638.779924 446.988676
1023.958558 548.878595
1113.176971 549.713229
1207.421241 550.763652
1306.919662 551.983123
1411.910289 553.306025
1522.479604 554.811857
1639.057727 556.556014
1023.877320 641.512247
1112.969767 645.031982
1207.200346 648.747865
1306.635981 652.717481
1411.609267 657.054253
1522.215590 661.542051
1638.439556 666.391330
1023.643894 734.016123
1112.535512 740.186355
1206.663014 746.798393
1305.938788 753.413665
1410.756682 760.612587
1521.200169 768.032479
1637.432873 775.963892
1023.329141 826.225598
1112.077997 834.934670
1205.971856 844.063663
1305.065247 853.772519
1409.552600 863.731776
1519.700405 874.211032
1635.684628 885.052624
1083.268178 170.421758
1165.080618 161.826288
1251.025366 153.172131
1341.089943 144.391939
1435.527910 135.496204
1534.399592 126.497498
1637.872881 117.506023
1071.498845 239.468003
1155.275387 232.458790
1243.182234 225.345347
1335.618554 218.194278
1432.672600 210.846446
1534.412850 203.698307
1640.906730 196.430887
1059.137367 312.482717
1144.731875 307.191410
1234.812512 301.833155
1329.700137 296.430356
1429.325763 291.176561
1534.001304 285.635548
1643.829879 280.416524
1045.975309 389.378742
1133.567315 386.006899
1225.832310 382.722848
1323.067928 379.407600
1425.519233 376.168857
1533.231508 372.935850
1646.422056 369.878623
1032.115176 470.531594
1121.600070 469.397124
1216.076927 468.354120
1315.925289 467.324535
1421.181332 466.597357
1532.032155 465.780483
1648.563287 465.285196
1017.412715 556.130786
1108.798065 557.435565
1205.556087 559.048462
1307.911521 560.577441
1416.036959 562.488113
1530.070985 564.484682
1650.418972 566.858356
1001.812351 646.307733
1095.142351 650.312180
1194.290078 654.538070
1299.239928 659.289773
1410.217525 664.146528
1527.659065 669.442333
1651.666381 675.031286
1127.455982 267.199180
1212.256677 261.057530
1301.289790 254.940392
1394.642985 248.763288
1492.519148 242.584144
1594.968712 236.275053
1702.182992 230.136733
1116.411397 340.639338
1203.176874 336.244474
1294.336729 331.857675
1390.143194 327.564269
1490.758246 323.145885
1596.207325 318.928489
1706.586089 314.728266
1104.695372 418.144898
1193.414353 415.677509
1286.852918 413.269929
1385.243185 410.948460
1488.476808 408.881122
1597.002662 406.583407
1710.822306 404.672032
1092.287713 499.720928
1183.041288 499.416797
1278.757440 499.352463
1379.570585 499.396819
1485.746114 499.578491
1597.386892 499.874357
1714.808310 500.395280
1079.117618 585.711748
1171.899666 587.869446
1269.892223 590.334164
1373.437311 592.903863
1482.491247 595.886758
1597.497353 598.878095
1718.188389 602.316595
1065.092143 676.236669
1159.903815 681.221205
1260.246785 686.541729
1366.343740 691.953021
1478.437805 697.875434
1596.721650 704.031873
1721.361379 710.660286
1050.255204 771.477729
1147.035932 779.412919
1249.802291 787.781336
1358.653116 796.689400
1473.761639 805.876053
1595.491462 815.718668
1724.004642 825.802737
1149.912812 378.934802
1253.760238 377.208530
1360.310996 375.958357
1469.337590 374.795951
1580.747514 373.899760
1694.224896 373.130939
1809.568016 372.744788
1149.896043 479.777514
1253.791619 479.586371
1360.516806 479.653065
1469.646127 479.928537
1581.102393 480.325072
1694.829661 480.901378
1810.139960 481.645327
1149.632121 580.966162
1253.526787 582.309005
1360.207164 583.807941
1469.424626 585.350055
1580.909874 587.174612
1694.520570 588.831555
1810.062582 590.913449
1149.108733 682.142110
1252.999250 684.895838
1359.558566 687.820776
1468.680715 690.875517
1580.106228 693.921222
1693.591179 696.970892
1809.036628 700.162689
1148.454600 782.997878
1252.087478 787.287464
1358.474023 791.667473
1467.452885 796.035878
1578.717529 800.484676
1692.084475 804.843131
1807.215449 809.195895
1147.618178 883.394037
1250.941296 889.183563
1357.028651 895.055183
1465.704431 900.779847
1576.681943 906.515146
1689.721241 912.140987
1804.748519 917.764475
1146.612026 983.094159
1249.502028 990.337348
1355.254599 997.459297
1463.633198 1004.753830
1574.146939 1011.761255
1686.908499 1018.721487
1801.581330 1025.476732
1032.712213 268.452836
1130.019507 260.430914
1233.185851 252.462404
1342.570643 244.377992
1458.530980 236.162512
1580.947060 227.861520
1710.265498 219.539184
1047.952785 363.917090
1143.242222 359.086480
1244.057986 354.275824
1350.800774 349.442009
1463.648834 344.673366
1582.782807 339.853451
1708.226099 335.122485
1062.354050 455.037396
1155.604357 453.078877
1254.043903 451.077639
1358.224333 449.178307
1468.045387 447.497905
1583.800479 445.690350
1705.696651 444.238378
1075.880020 541.826172
1167.098001 542.337653
1263.316979 543.008212
1364.816409 543.864683
1471.724776 544.787167
1584.249814 545.857834
1702.578705 547.143768
1088.707952 624.439537
1177.906593 627.228723
1271.870699 630.179948
1370.786976 633.382125
1474.939012 636.797953
1584.313561 640.417063
1698.948735 644.282557
1100.764229 703.062974
1187.878042 707.887724
1279.648330 713.007561
1376.110807 718.199097
1477.444357 723.818786
1583.824927 729.634988
1695.165410 735.800406
1112.110202 777.822563
1197.324119 784.391711
1286.906133 791.233261
1381.033528 798.563561
1479.556364 806.044395
1582.918080 813.854734
1691.074707 821.969307
1137.014440 96.047722
1243.050579 89.920857
1351.961817 84.337810
1463.538606 79.027518
1577.579386 74.213650
1693.847997 69.639354
1811.996988 65.700106
1138.687376 199.694784
1244.308838 195.140974
1352.807708 191.034606
1463.953096 187.253754
1577.443230 183.802496
1693.193101 180.729597
1810.718767 177.990529
1140.118270 302.900642
1245.225021 299.954044
1353.184626 297.365618
1463.799819 294.918198
1576.637312 292.977948
1691.672559 291.038008
1808.752169 289.631630
1141.346277 405.214657
1245.795613 403.832770
1353.171183 402.719721
1463.030041 401.835544
1575.164084 401.097726
1689.533999 400.568752
1805.760859 400.312388
1142.373153 506.549299
1246.165412 506.730461
1352.736703 507.003335
1461.774207 507.437943
1573.210683 508.137359
1686.744275 508.893169
1802.004613 509.752231
1143.158892 606.622388
1246.084717 608.221126
1351.864963 609.944433
1460.002887 611.754527
1570.545487 613.779653
1683.121193 615.727592
1797.648897 617.860011
1143.709659 705.178102
1245.764863 708.104424
1350.547732 711.105591
1457.888991 714.397546
1567.396791 717.587130
1678.930204 720.838485
1792.397228 724.097381
