504.907544 401.803887
584.520925 397.735521
669.364678 393.591883
760.177253 389.105453
857.297459 384.349182
961.728961 379.159710
1074.116981 373.575574
527.062054 496.851386
605.719869 495.987922
689.357502 495.098642
778.723013 494.148556
874.217841 492.969610
976.732675 491.842666
1086.842054 490.682363
548.420708 588.179035
626.015274 590.057086
708.547001 592.136165
796.471940 594.301356
890.451203 596.702534
991.025958 599.122625
1098.926953 601.878667
568.863868 675.711122
645.505242 680.229574
726.861303 685.093747
813.492282 690.327797
905.923740 695.732093
1004.693201 701.552131
1110.402175 707.820126
588.568667 759.894455
664.267293 766.848487
744.567495 774.223183
829.876877 782.020031
920.753575 790.367921
1017.741341 799.239521
1121.371753 808.784345
607.482375 840.947540
682.224907 850.106852
761.427406 859.804108
845.443468 870.024205
934.895398 880.973266
1030.175699 892.654490
1131.819507 905.154511
625.708294 918.904069
699.515842 930.034077
777.574531 941.845763
860.467711 954.392270
948.448269 967.731749
1042.050576 981.920422
1141.851870 997.141060
631.876700 159.867811
706.372930 149.599648
785.222416 138.838631
868.930903 127.467280
957.836050 115.282555
1052.704458 102.336337
1153.722944 88.575415
613.993079 239.394386
689.305711 231.370497
769.093908 222.843716
853.881417 213.815027
944.246512 204.123714
1040.572114 193.945533
1143.340243 183.037357
595.452168 321.954350
671.665061 316.148970
752.443863 310.085868
838.403466 303.606197
930.019331 296.737859
1027.842948 289.341318
1132.494161 281.592045
576.295836 407.424530
653.328379 404.094140
735.136428 400.717991
822.225989 397.061113
915.203538 393.114393
1014.649882 388.991215
1121.123044 384.479673
556.467949 496.209421
634.333834 495.564047
717.062067 495.057455
805.492045 494.318804
899.749516 493.644394
1000.851911 492.847618
1109.142802 492.181328
535.794383 588.344616
614.410188 590.595509
698.396451 593.145446
787.860206 595.713947
883.643611 598.634006
986.348570 601.589552
1096.641022 604.845946
514.324356 684.013915
593.953278 689.401750
678.933952 695.189475
769.693473 701.476253
866.794574 708.119641
971.291062 715.221481
1083.543082 722.922096
916.463586 307.135472
1026.895201 314.696426
1130.117450 321.761189
1226.960842 328.501488
1317.941830 334.850793
1403.682578 340.663368
1484.478859 346.319147
906.916672 427.188180
1015.815335 430.685460
1117.727414 434.091749
1213.404851 437.220853
1303.348708 440.210258
1388.193375 442.989548
1468.197030 445.629273
897.819170 543.107832
1005.052939 542.905879
1105.684350 542.684163
1200.190476 542.565071
1289.190739 542.453845
1373.172619 542.172359
1452.454349 542.123856
888.883649 655.139509
994.731864 651.350561
1093.958359 647.852795
1187.399767 644.604357
1275.416189 641.543720
1358.514008 638.564173
1437.127388 635.876506
880.341037 763.327000
984.672567 756.296031
1082.661432 749.723984
1174.889977 743.617163
1262.091820 737.720204
1344.302491 732.255767
1422.190185 726.965714
872.105477 868.094743
974.984174 858.024921
1071.654702 848.568017
1162.916155 839.675113
1249.093081 831.165889
1330.581975 823.209174
1407.765449 815.693214
864.069588 969.420254
965.412967 956.477429
1061.044005 944.232365
1151.220094 932.837709
1236.506456 921.911400
1317.156390 911.578842
1393.663081 901.916064
857.599162 86.834053
956.718766 100.110577
1050.140834 112.500870
1138.516931 124.389269
1222.082752 135.627544
1301.390659 146.224641
1376.648027 156.306974
868.077825 180.584418
969.026745 191.299766
1064.179578 201.431274
1153.902471 210.992951
1238.712425 220.099390
1318.962219 228.678146
1395.073967 236.723128
879.028265 278.601945
981.839520 286.573300
1078.630188 294.092407
1169.848525 301.268419
1255.877701 308.036694
1337.216740 314.274757
1414.357736 320.356081
890.536768 381.197014
995.355149 386.106617
1093.787495 390.795424
1186.380448 395.197487
1273.680069 399.440302
1356.183101 403.381457
1434.276690 407.155292
902.575598 488.583624
1009.324973 490.167022
1109.421462 491.817079
1203.544867 493.387855
1292.291721 494.716210
1375.921305 496.110509
1454.947755 497.358878
915.293364 601.181594
1024.001953 599.214354
1125.982878 597.488387
1221.618932 595.814747
1311.648648 594.198826
1396.531684 592.671931
1476.597016 591.305975
928.487490 719.346467
1039.287396 713.485556
1143.229878 707.886428
1240.507436 702.844813
1331.898954 697.929067
1417.883615 693.340816
1498.972752 689.099778
686.149382 68.602399
794.568239 71.954420
901.566589 75.196860
1007.299309 78.536203
1111.719718 81.730884
1214.917399 84.934422
1316.812716 88.157143
683.374595 167.310030
793.473084 170.088254
902.145323 172.762593
1009.595477 175.509784
1115.602627 178.176630
1220.284867 180.876354
1323.591118 183.517518
680.507590 269.257355
792.325764 271.370562
902.717040 273.473381
1011.870745 275.584117
1119.527154 277.682637
1225.732200 279.710630
1330.626421 281.824442
677.558776 374.433577
791.236428 375.846251
903.395008 377.324621
1014.175791 378.764834
1123.503297 380.232606
1231.346589 381.708642
1337.828428 383.137639
674.557101 483.116187
790.077018 483.796249
903.964728 484.619636
1016.547817 485.353685
1127.634693 486.100623
1237.144521 486.901193
1345.172872 487.674049
671.470892 595.377370
788.765408 595.384969
904.717110 595.439850
1019.035001 595.445269
1131.856374 595.499537
1243.181932 595.533519
1352.928058 595.618143
668.224007 711.490121
787.509038 710.643310
905.399799 709.851606
1021.656772 709.151677
1136.264229 708.428416
1249.264808 707.709646
1360.782875 707.042414
587.997058 378.162256
698.149077 376.763384
810.564630 375.421949
925.663173 373.982082
1043.272863 372.557872
1163.476722 371.097227
1286.239473 369.552649
597.022441 488.736408
705.359284 488.562376
815.917829 488.457406
928.921237 488.274267
1044.351335 487.982914
1162.358637 487.813936
1282.786820 487.639512
605.862208 595.588690
712.378478 596.470272
821.042894 597.378433
932.062548 598.329245
1045.503756 599.254314
1161.328513 600.211611
1279.549626 601.276741
614.349437 698.668903
719.181579 700.559542
825.964041 702.557335
935.108589 704.597628
1046.547351 706.578585
1160.263412 708.651660
1276.349170 710.797754
622.628333 798.327937
725.741818 801.177215
830.834204 804.130070
938.067046 807.092024
1047.557716 810.154233
1159.267028 813.327264
1273.219649 816.516420
630.592398 894.814596
732.051298 898.554784
835.439175 902.362735
940.899910 906.256610
1048.499858 910.259816
1158.331748 914.386765
1270.299112 918.589064
638.316645 988.099462
738.136022 992.639060
839.906924 997.232237
943.691562 1002.094272
1049.433139 1006.983982
1157.362815 1011.944209
1267.443839 1017.115232
295.628973 375.540374
427.554817 380.863745
550.860436 385.740204
666.465999 390.471220
775.074620 394.930740
877.309261 398.966013
973.765382 402.847244
297.607235 492.321317
426.269530 493.685860
546.664108 495.038631
659.705222 496.243284
766.045939 497.418702
866.338252 498.425106
960.979179 499.462820
299.713496 603.265867
425.028026 601.124414
542.646629 599.034856
653.278088 597.156465
757.471975 595.380297
855.834879 593.587428
948.786941 591.985983
301.536767 708.860126
423.973779 703.442672
538.797979 698.332897
647.076245 693.615037
749.222018 689.139282
845.704617 684.805054
937.053643 680.832613
303.407312 809.293959
422.822841 801.075298
535.228370 793.206578
641.122037 785.887382
741.384470 778.884683
836.010966 772.376388
925.748601 766.076239
305.150917 905.316125
421.880510 894.402736
531.725608 884.053578
635.593621 874.320228
733.783055 865.014887
826.805422 856.282937
915.024465 848.030245
306.837473 996.890405
420.759819 983.558999
528.439148 970.854803
630.144727 958.977357
726.529525 947.660016
817.826714 936.915271
904.616246 926.804898
305.744899 154.943353
427.258726 166.946020
541.386702 178.088314
648.973587 188.777455
750.488348 198.841399
846.477293 208.277481
937.356424 217.248235
304.991762 264.758622
427.425485 273.410017
542.374413 281.542820
650.627170 289.208284
752.752812 296.480641
849.251835 303.307660
940.580036 309.777013
304.295568 376.181293
427.515209 381.441681
543.285867 386.348315
652.291108 391.082495
755.014755 395.464094
852.054761 399.534730
943.903523 403.463709
303.472272 489.408360
427.714944 491.072679
544.244243 492.663233
653.920752 494.219585
757.285000 495.722607
854.869205 497.023129
947.217535 498.357684
302.739790 604.191011
427.833828 602.262664
545.141477 600.503020
655.517049 598.886099
759.578646 597.269195
857.711297 595.852084
950.513259 594.401832
302.035050 720.828177
427.989617 715.215312
546.146096 709.933508
657.309062 705.004290
761.926114 700.277514
860.671146 695.891137
953.976001 691.717765
301.321407 839.193604
428.135894 829.799268
547.236788 820.785314
659.024973 812.528092
764.381971 804.618966
863.560639 797.212348
957.370682 790.255277
312.236153 93.971861
426.878103 107.049875
534.911408 119.230757
637.129371 130.978464
733.838226 142.040671
825.587323 152.464997
912.643829 162.388127
310.762276 187.565082
427.830949 198.075403
538.142786 208.007673
642.259523 217.397121
740.726621 226.307624
833.969548 234.731198
922.382607 242.699968
309.163071 285.307726
428.773323 293.139549
541.361395 300.474410
647.654548 307.450230
747.881564 314.037478
842.719855 320.162267
932.628776 326.092753
307.403054 387.659964
429.870215 392.434757
544.849797 396.920139
653.148420 401.183789
755.286645 405.295881
851.811822 409.098784
943.250731 412.728433
305.643614 494.810945
430.875248 496.301578
548.305917 497.760270
658.846704 499.147122
763.005739 500.397742
861.256809 501.650357
954.141935 502.765669
303.900427 607.139075
431.953333 605.046095
552.142464 603.162013
664.931479 601.371319
771.067517 599.596289
871.206249 598.008234
965.668585 596.473273
301.959207 725.007239
433.088663 719.007811
556.082381 713.250412
671.267991 708.075729
779.503489 703.093153
881.360479 698.422161
977.504240 694.030469
91.043934 24.174578
229.239003 33.937767
360.668116 41.755432
489.246720 50.392668
613.249634 58.289445
733.503971 65.989275
849.763731 73.291592
97.581283 153.258903
233.048556 159.837499
363.988329 166.225762
490.768457 172.325723
613.619370 178.233549
732.679187 183.965483
848.024590 189.588022
103.610437 279.261609
237.399484 283.701377
366.979819 287.979685
492.572764 292.129168
614.225469 296.147054
732.122048 299.950792
846.413082 303.743709
109.156810 402.726825
241.776889 405.081889
369.960541 407.371593
494.260959 409.584532
614.749117 411.762668
731.499573 413.795328
844.814185 415.874444
114.808096 523.627348
245.932884 524.098876
372.916312 524.517579
495.901322 524.907035
615.284436 525.219445
730.923160 525.642162
843.158631 525.954732
120.380510 642.295197
250.087765 640.849679
375.792738 639.461082
497.611489 638.086754
615.801337 636.650969
730.441224 635.341352
841.648683 634.095100
125.864872 758.565576
254.175818 755.275326
378.663046 752.037885
499.269191 749.052446
616.331120 745.969047
729.880202 743.042043
840.087041 740.320306
135.921312 207.961959
283.998026 216.941602
424.084574 225.364838
557.108232 233.418174
683.338247 241.120625
803.296269 248.275557
917.537853 255.138542
150.843437 337.149496
293.267378 342.412342
428.242816 347.474530
556.438389 352.106178
678.383672 356.576145
794.554067 360.772275
905.258499 364.825337
164.998001 457.122996
301.859490 459.164482
431.993871 461.016864
555.823289 462.803019
673.815259 464.527654
786.382313 466.074359
893.783214 467.573867
177.977914 568.732773
309.978289 567.904685
435.426494 567.084631
555.241065 566.349946
669.521897 565.629079
778.631672 564.813128
883.007957 564.213276
190.151808 672.639978
317.474154 669.479710
438.857041 666.267786
554.595863 663.322017
665.509109 660.429849
771.330455 657.748178
872.799047 655.106138
201.617981 769.986522
324.585321 764.614977
441.878148 759.431550
554.175594 754.496941
661.636473 749.672187
764.617693 745.183876
863.290700 740.888698
212.411972 861.101832
331.130056 853.828133
444.855301 846.828720
553.696532 840.246066
658.088918 833.804581
758.119180 827.642862
854.230372 821.840874
116.646321 278.324725
241.123348 280.594024
363.631081 282.750740
484.583927 285.028936
603.883492 287.170287
721.615920 289.280918
837.649940 291.409264
110.182864 394.974187
235.757025 396.395132
359.364455 397.838824
481.318167 399.294449
601.667577 400.654516
720.292957 402.028274
837.197694 403.391813
103.734289 513.607393
230.253178 514.216973
354.972579 514.858540
478.068514 515.475469
599.337120 516.018047
718.872061 516.513143
836.759315 517.139119
97.060208 634.264504
224.896252 633.970443
350.662042 633.704085
474.674904 633.471199
596.927667 633.184793
717.451620 632.908055
836.324290 632.727683
90.345785 756.870901
219.244416 755.687581
346.105794 754.618968
471.195647 753.474150
594.483138 752.290198
716.028006 751.227445
835.756883 750.199391
83.674849 881.710324
213.592846 879.529600
341.578444 877.555334
467.700520 875.537608
592.064125 873.473792
714.632360 871.498755
835.377703 869.569718
76.641816 1008.562419
207.817266 1005.397411
337.022976 1002.399468
464.233465 999.608171
589.536559 996.629179
713.125869 993.738410
834.878399 990.924045
242.066283 168.990481
363.554146 177.646695
479.504179 185.748323
590.433545 193.721805
696.634887 201.249656
798.504019 208.463969
896.171310 215.367152
232.455466 262.496021
357.864387 269.138411
477.546101 275.506395
591.824362 281.603967
701.156842 287.478730
805.740405 293.029229
905.911379 298.331637
222.087566 362.096462
351.789971 366.605709
475.336081 370.862266
593.341813 374.967734
705.843407 378.880900
813.387802 382.534161
916.337322 386.161122
210.982510 468.669881
345.447034 470.594451
473.178153 472.449991
594.800972 474.172752
710.766389 475.965818
821.478873 477.559665
927.332542 479.165562
199.165942 582.760123
338.440582 581.727460
470.570427 580.920003
596.371835 580.077104
716.062195 579.232472
830.084991 578.528770
938.877242 577.834892
186.557976 705.167803
330.963908 700.853888
468.129677 696.919634
598.098050 693.092807
721.737990 689.426023
839.294513 686.042063
951.348787 682.765873
172.844537 836.893242
323.040854 828.861771
465.397744 821.153087
599.987875 813.968459
727.738964 807.070267
849.033833 800.618099
964.448691 794.484064
996.955290 412.053286
1089.943398 408.426166
1188.815187 404.792328
1294.498002 400.750327
1407.304964 396.557779
1528.224380 391.936811
1658.086678 386.967101
1008.640403 504.523387
1100.095776 503.945229
1197.149794 503.354940
1300.712595 502.662441
1411.114773 501.879072
1529.330352 501.110073
1656.057809 500.323344
1019.901174 593.571131
1109.796050 595.564206
1205.197403 597.730255
1306.635134 600.042095
1414.883867 602.581066
1530.425015 605.157576
1654.225087 608.081100
1030.714090 678.944803
1119.116687 683.423102
1212.823833 688.281069
1312.432659 693.413816
1418.462944 698.765771
1531.480758 704.632271
1652.337659 710.829692
1041.185630 761.149328
1128.157115 767.962108
1220.245878 775.197618
1317.971048 782.785542
1421.861831 790.971583
1532.522079 799.670452
1650.605441 808.983543
1051.168766 840.333121
1136.712882 849.280538
1227.250410 858.709703
1323.180011 868.669883
1425.064240 879.339640
1533.418078 890.671786
1648.871023 902.757390
1060.834537 916.590560
1145.008609 927.375751
1233.987771 938.859279
1328.272725 951.071722
1428.109655 964.011711
1534.231562 977.686949
1647.238955 992.364487
1039.286557 235.846191
1127.713040 227.482619
1221.404132 218.732662
1321.068539 209.434319
1427.005676 199.524710
1540.102362 188.994674
1660.935475 177.685780
1035.507361 325.243596
1124.330851 319.589431
1218.462460 313.528612
1318.596499 307.164822
1425.165677 300.292181
1538.914920 293.070040
1660.479438 285.377277
1031.685187 415.858777
1120.899616 412.746748
1215.525387 409.540840
1316.138419 406.094686
1423.347689 402.512003
1537.690173 398.552854
1660.118166 394.529218
1027.812103 507.322313
1117.441218 506.932712
1212.518944 506.668133
1313.639339 506.355517
1421.418625 505.926866
1536.484273 505.586832
1659.683365 505.132389
1023.978189 599.885583
1113.998486 602.293183
1209.470835 604.972688
1311.165919 607.699823
1419.478870 610.699914
1535.281267 613.840689
1659.248115 617.329025
1020.017266 693.527109
1110.351016 698.837730
1206.404377 704.501291
1308.495502 710.410291
1417.514064 716.876430
1534.028995 723.743502
1658.789976 731.147723
1016.043248 788.218128
1106.791286 796.337822
1203.282219 805.086768
1306.013508 814.445358
1415.545883 824.379123
1532.799345 835.048743
1658.367759 846.543629
1069.148567 182.831308
1154.208325 173.502768
1244.083552 163.746139
1339.406700 153.433759
1440.421999 142.481599
1547.929149 130.839857
1662.339873 118.431473
1059.240785 260.973671
1145.493497 253.835758
1236.779601 246.182772
1333.629925 238.169588
1436.514585 229.547816
1545.969823 220.496669
1662.622859 210.871261
1048.937156 342.001651
1136.483531 336.991075
1229.227428 331.769074
1327.694227 326.163306
1432.417597 320.267895
1543.921895 313.864946
1663.088881 307.252419
1038.296094 425.866753
1127.159803 423.188882
1221.394048 420.537610
1321.493070 417.618883
1428.099345 414.500149
1541.839655 411.310912
1663.457831 407.740016
1027.313084 512.848613
1117.515171 512.761986
1213.135954 512.820459
1315.104890 512.722470
1423.635130 512.746637
1539.728267 512.714973
1663.894319 512.813235
1015.872576 603.012607
1107.304229 605.744104
1204.709163 608.732924
1308.271476 611.771321
1418.958043 615.192006
1537.378414 618.725221
1664.265385 622.597021
1004.003762 696.589637
1096.938076 702.280279
1195.834754 708.388989
1301.379507 714.933673
1414.070159 721.886461
1535.003236 729.374526
1664.740502 737.443323
1148.369685 257.717522
1239.201416 252.168369
1333.987988 246.409449
1433.243448 240.467603
1536.985623 234.213206
1645.969482 227.641734
1760.227017 220.723146
1140.690385 334.080188
1233.605472 330.176210
1330.741650 326.040636
1432.547911 321.805958
1539.188497 317.298159
1651.115051 312.653479
1768.712896 307.727345
1132.545439 414.428889
1227.742459 412.196236
1327.354644 409.959204
1431.846409 407.584724
1541.422532 405.160421
1656.569828 402.479927
1777.846808 399.847336
1124.079238 498.917229
1221.578694 498.595612
1323.778663 498.434417
1431.045706 498.151231
1543.706762 497.935729
1662.365275 497.764517
1787.376032 497.438849
1115.142028 587.928931
1215.111506 589.734532
1319.859110 591.882909
1430.261611 593.950739
1546.168884 596.266615
1668.642410 598.627388
1797.562965 601.205150
1105.713941 681.801521
1208.083558 686.100400
1315.901404 690.721054
1429.243763 695.441488
1548.762877 700.628010
1675.121313 705.995085
1808.477182 711.631108
1095.678184 780.969130
1200.811613 787.938503
1311.548163 795.323864
1428.435173 803.181117
1551.526942 811.489232
1681.988927 820.216262
1820.063410 829.502340
1151.638130 377.986886
1256.980856 375.638829
1365.942932 373.328321
1478.949064 370.931383
1595.984361 368.495163
1717.503811 365.880525
1843.601754 363.211513
1151.197656 479.567350
1256.378307 479.101903
1365.335412 478.557547
1478.184290 478.075436
1595.038749 477.528491
1716.426371 476.990640
1842.453885 476.525395
1150.719864 581.112588
1255.774261 582.362764
1364.676604 583.665866
1477.343859 584.998516
1594.154319 586.498999
1715.377746 587.851938
1841.386539 589.480431
1150.285819 682.362030
1255.294483 685.325138
1363.971015 688.493308
1476.550935 691.735770
1593.248974 695.089093
1714.279705 698.573971
1839.883224 702.140222
1149.896712 783.464330
1254.746798 788.176911
1363.283013 793.124412
1475.758163 798.232109
1592.308431 803.597716
1713.288731 809.076163
1838.681020 814.835091
1149.430468 884.391451
1254.160663 890.894340
1362.648092 897.619724
1474.897247 904.638137
1591.281887 911.936470
1712.151056 919.438488
1837.445951 927.246858
1149.005010 985.048694
1253.569378 993.272224
1361.907865 1001.826177
1474.160994 1010.772537
1590.266565 1019.719891
1710.962392 1029.312949
1836.487417 1039.658833
1079.395183 257.519475
1185.831321 250.341451
1297.897747 242.967411
1416.390395 235.069933
1541.394812 226.822378
1673.643224 217.989698
1813.924178 208.605201
1089.379155 358.487421
1192.943936 354.262166
1301.725656 349.763910
1416.475364 344.989052
1537.348249 339.915216
1665.122208 334.630766
1800.268398 329.034580
1098.929075 453.945440
1199.646785 452.083964
1305.421811 450.124867
1416.581352 448.039963
1533.705706 445.989137
1657.186456 443.672076
1787.634463 441.311883
1107.857633 543.926600
1205.945101 544.256487
1308.739672 544.694879
1416.772832 545.148328
1530.319627 545.507130
1649.753374 545.955855
1775.710854 546.392672
1116.426893 629.051268
1211.966541 631.395386
1312.033174 633.837666
1416.919323 636.355801
1527.120466 639.088624
1642.850477 641.925614
1764.636116 644.873792
1124.424916 709.796549
1217.609228 713.932687
1315.003850 718.158261
1417.010953 722.594775
1523.946727 727.345647
1636.284801 732.253279
1754.185241 737.434105
1132.088028 786.397913
1222.903659 791.994939
1317.810741 797.873010
1417.147841 804.115544
1521.056742 810.633201
1630.066967 817.380757
1744.450273 824.565563
1140.777709 88.180656
1249.393893 80.472547
1361.959836 72.604896
1479.014297 64.442673
1599.968362 55.919735
1726.006402 47.131000
1857.084871 37.211509
1141.503783 195.361569
1249.183720 189.751829
1360.757343 183.830281
1476.560832 177.795266
1596.520932 171.468347
1721.199687 164.937364
1850.494563 158.113718
1142.158037 300.934413
1248.950034 297.114562
1359.636814 293.213307
1474.278793 289.125961
1593.110438 285.050411
1716.521535 280.598446
1844.853350 276.170898
1142.828328 404.562753
1248.718334 402.596316
1358.370290 400.648416
1471.991789 398.626430
1589.730543 396.474596
1711.959460 394.272279
1838.755591 391.942471
1143.583561 506.485485
1248.558614 506.343486
1357.232863 506.192038
1469.781332 506.032848
1586.452891 505.978452
1707.520302 505.794598
1833.072128 505.624957
1144.200971 606.784084
1248.259051 608.383453
1356.042791 609.969172
1467.534414 611.692619
1583.095735 613.559902
1703.062337 615.362429
1827.455082 617.288349
1144.853147 705.360138
1248.029836 708.537113
1354.833551 711.886258
1465.448882 715.453350
1579.910690 719.130433
1698.631658 722.815813
1821.860511 726.806674
