504.904181 401.762193
584.515357 397.696720
669.363354 393.555683
760.180624 389.072943
857.306851 384.316353
961.733811 379.135328
1074.108056 373.555177
527.058428 496.809753
605.719265 495.951283
689.359939 495.066132
778.728968 494.118338
874.228084 492.939108
976.736642 491.823495
1086.833916 490.667531
548.419740 588.137963
626.018839 590.022173
708.552934 592.104438
796.480297 594.270987
890.460157 596.672223
991.029230 599.104859
1098.921557 601.865780
568.868069 675.672073
645.512579 680.192999
726.868665 685.058480
813.501836 690.294120
905.932129 695.701998
1004.696016 701.534287
1110.399675 707.808038
588.577856 759.850532
664.277640 766.806636
744.578252 774.182526
829.888314 781.981500
920.763026 790.331810
1017.747395 799.210886
1121.380527 808.750967
607.493640 840.900372
682.237357 850.056693
761.441738 859.755317
845.462317 869.975865
934.918183 880.919045
1030.207135 892.604834
1131.854474 905.094255
625.733763 918.845401
699.546548 929.969667
777.606620 941.780023
860.503424 954.327514
948.489514 967.658695
1042.099153 981.836187
1141.900230 997.037689
631.881384 159.789656
706.378377 149.523699
785.232092 138.761839
868.946140 127.392692
957.856051 115.206891
1052.723586 102.266520
1153.745223 88.514179
614.001732 239.325915
689.318156 231.308725
769.109666 222.786116
853.903175 213.761177
944.265593 204.075031
1040.577038 193.895233
1143.343831 182.991652
595.448159 321.907217
671.665726 316.104430
752.449310 310.046209
838.415861 303.566215
930.031863 296.704206
1027.842844 289.309217
1132.488709 281.558221
576.289873 407.385083
653.326751 404.057893
735.139007 400.685262
822.234099 397.028296
915.212386 393.086737
1014.647550 388.970885
1121.110716 384.460432
556.463824 496.168475
634.335102 495.528755
717.066027 495.025872
805.499833 494.287945
899.759320 493.615796
1000.853680 492.829377
1109.134302 492.166390
535.792684 588.300619
614.414546 590.559819
698.401691 593.112345
787.868482 595.683044
883.653271 598.602834
986.352483 601.571145
1096.635363 604.833703
514.323601 683.963444
593.959495 689.361396
678.941846 695.152495
769.702915 701.441267
866.804349 708.086183
971.296119 715.199295
1083.542246 722.907259
916.475694 307.101129
1026.893109 314.668603
1130.107578 321.733979
1226.957727 328.474095
1317.944915 334.823920
1403.688127 340.644857
1484.484440 346.297152
906.925379 427.160191
1015.813624 430.667692
1117.715833 434.075119
1213.399094 437.202858
1303.349673 440.190959
1388.198497 442.976250
1468.203150 445.616516
897.828246 543.079252
1005.054251 542.888984
1105.676004 542.670256
1200.186554 542.552561
1289.192976 542.440568
1373.179706 542.161866
1452.463204 542.116921
888.892480 655.109729
994.735138 651.332568
1093.954010 647.839446
1187.398540 644.593375
1275.419568 641.534326
1358.522175 638.556777
1437.137957 635.873699
880.350824 763.291189
984.677498 756.272580
1082.661376 749.705878
1174.891254 743.604231
1262.096973 737.712102
1344.311309 732.250590
1422.200162 726.966880
872.125355 868.046760
975.000254 857.982122
1071.673584 848.526801
1162.933515 839.630904
1249.107582 831.131753
1330.596384 823.178118
1407.774882 815.671106
864.107615 969.354309
965.454036 956.406590
1061.087854 944.164295
1151.260243 932.769982
1236.540515 921.852601
1317.186211 911.528372
1393.680140 901.874850
857.619541 86.745107
956.739952 100.029537
1050.157950 112.433319
1138.530275 124.337478
1222.099537 135.584367
1301.410661 146.182364
1376.667190 156.272757
868.096267 180.525587
969.041700 191.248044
1064.181753 201.382193
1153.904243 210.949552
1238.721872 220.060154
1318.976935 228.644675
1395.088841 236.698500
879.044572 278.561132
981.846547 286.540031
1078.624121 294.060717
1169.843766 301.238750
1255.878618 308.007809
1337.223135 314.247515
1414.363211 320.338300
890.546199 381.166715
995.356576 386.086237
1093.776379 390.776486
1186.372606 395.177763
1273.678443 399.418987
1356.186978 403.362290
1434.281327 407.143180
902.584214 488.555415
1009.324282 490.150029
1109.411993 491.802635
1203.540050 493.373187
1292.292931 494.700450
1375.927334 496.098505
1454.955032 497.350792
915.302005 601.154757
1024.002514 599.199132
1125.976397 597.476087
1221.617857 595.802920
1311.653347 594.188188
1396.539739 592.665523
1476.608731 591.301686
928.495180 719.318346
1039.287933 713.468747
1143.227840 707.875771
1240.510099 702.837030
1331.906910 697.922998
1417.893565 693.339558
1498.991888 689.101876
686.162594 68.512198
794.587936 71.859346
901.589932 75.106936
1007.328287 78.445757
1111.738606 81.662296
1214.945575 84.873713
1316.854156 88.088077
683.382706 167.235268
793.487600 170.020318
902.163842 172.705253
1009.606193 175.453990
1115.605304 178.128354
1220.294398 180.833919
1323.608291 183.478797
680.514803 269.202816
792.338662 271.322483
902.733884 273.435108
1011.873789 275.549929
1119.522091 277.647841
1225.734673 279.676914
1330.636640 281.795009
677.558423 374.398275
791.241694 375.813449
903.404382 377.295834
1014.173595 378.743825
1123.490976 380.212489
1231.341106 381.687273
1337.830905 383.117050
674.558604 483.083073
790.083549 483.765808
903.973760 484.591987
1016.546258 485.336811
1127.625309 486.085856
1237.142409 486.884567
1345.177040 487.659242
671.476322 595.344316
788.774159 595.353972
904.725890 595.412221
1019.035200 595.429114
1131.850518 595.487489
1243.182527 595.521752
1352.934939 595.609018
668.232689 711.451389
787.518014 710.608393
905.407353 709.821135
1021.658491 709.134552
1136.261884 708.417754
1249.268235 707.701839
1360.791829 707.037601
587.991997 378.122635
698.149379 376.728193
810.571186 375.389298
925.670559 373.954963
1043.266994 372.536982
1163.467050 371.076216
1286.238296 369.528443
597.020794 488.699308
705.362779 488.530701
815.925819 488.427226
928.929269 488.249207
1044.346794 487.967507
1162.351513 487.799122
1282.787333 487.623535
605.865911 595.551867
712.383815 596.438123
821.051506 597.347011
932.069804 598.304189
1045.501260 599.239965
1161.324216 600.200415
1279.552278 601.266217
614.356673 698.630189
719.189438 700.523512
825.973048 702.523440
935.115035 704.571199
1046.547486 706.562759
1160.262135 708.641408
1276.354030 710.790499
622.639041 798.282858
725.753094 801.133629
830.845913 804.089661
938.075903 807.056687
1047.564659 810.123750
1159.276326 813.293935
1273.231441 816.486850
630.613507 894.759320
732.073660 898.498104
835.463798 902.306787
940.928515 906.197405
1048.538480 910.203716
1158.367905 914.324818
1270.331634 918.533606
638.370239 988.022948
738.187688 992.564380
839.952653 997.167689
943.744003 1002.014466
1049.488541 1006.884752
1157.412128 1011.831946
1267.492443 1017.016249
295.621631 375.468966
427.555242 380.805758
550.855319 385.699646
666.464865 390.435612
775.078698 394.898964
877.319618 398.934748
973.768697 402.826326
297.598255 492.257066
426.269644 493.629269
546.661690 494.997946
659.707214 496.209435
766.051199 497.388910
866.348351 498.394075
960.985220 499.441959
299.701718 603.205626
425.026291 601.069500
542.646651 598.990749
653.282806 597.122518
757.479042 595.349356
855.844621 593.556334
948.793566 591.963084
301.522651 708.803170
423.968096 703.388696
538.799514 698.286128
647.084418 693.577506
749.231321 689.104885
845.713948 684.772893
937.061105 680.807244
303.390017 809.237139
422.814422 801.021873
535.231198 793.157949
641.133676 785.843580
741.394734 778.843613
836.021735 772.338910
925.756806 766.044315
305.132005 905.253349
421.867828 894.343677
531.725034 883.998962
635.608573 874.269544
733.797288 864.963715
826.820365 856.237056
915.038217 847.986497
306.829507 996.820875
420.758943 983.489744
528.450826 970.784066
630.186888 958.905386
726.565743 947.589740
817.858442 936.852793
904.645985 926.740070
305.753877 154.847888
427.276483 166.862669
541.407196 178.015907
648.982202 188.705536
750.502013 198.779833
846.496510 208.221594
937.374878 217.202292
304.990381 264.675320
427.435011 273.337340
542.382884 281.483280
650.630723 289.155576
752.759080 296.435741
849.264006 303.266742
940.589362 309.745287
304.287482 376.111005
427.515866 381.382225
543.280208 386.307387
652.289242 391.045621
755.018524 395.431600
852.064629 399.501765
943.910075 403.438966
303.462745 489.344069
427.715267 491.016112
544.241370 492.622547
653.922040 494.185243
757.290254 495.692795
854.878643 496.992274
947.223795 498.334048
302.728203 604.130546
427.831602 602.207796
545.141524 600.459769
655.521705 598.851583
759.586047 597.237944
857.720944 595.821078
950.519698 594.379504
302.022394 720.769464
427.983757 715.160780
546.148382 709.886101
657.317035 704.965689
761.934647 700.242830
860.681158 695.858164
953.982512 691.694669
301.304568 839.136163
428.126132 829.745442
547.239696 820.737313
659.035643 812.482575
764.392982 804.575741
863.573283 797.172239
957.378581 790.224799
312.243938 93.865169
426.895664 106.958286
534.934850 119.152500
637.138803 130.897846
733.846904 141.965708
825.600348 152.392652
912.660510 162.329613
310.770496 187.473362
427.846495 197.995297
538.162834 207.936731
642.269346 217.328951
740.741774 226.249685
833.989409 234.678538
922.402853 242.658304
309.161286 285.227971
428.781197 293.071272
541.365770 300.420663
647.655535 307.401695
747.886520 313.997751
842.730437 320.124089
932.636271 326.063164
307.396127 387.590949
429.872148 392.377370
544.844634 396.880106
653.147134 401.147412
755.290513 405.263499
851.821188 409.066393
943.257622 412.705120
305.635909 494.746294
430.875538 496.245958
548.303207 497.719841
658.848908 499.112984
763.011349 500.368147
861.266572 501.619821
954.148130 502.744103
303.889811 607.078897
431.952195 604.991200
552.142943 603.119897
664.936924 601.337357
771.074876 599.565232
871.216198 597.976482
965.673968 596.453375
301.945736 724.948991
433.083465 718.953178
556.086161 713.204802
671.276618 708.037959
779.512872 703.059665
881.370236 698.390039
977.508816 694.010301
90.932510 24.053511
229.219986 33.836571
360.678361 41.646720
489.267222 50.319095
613.268856 58.208150
733.519056 65.897598
849.786668 73.198708
97.561343 153.193167
233.051384 159.744504
364.001237 166.136019
490.789274 172.249773
613.632078 178.160056
732.690738 183.899304
848.043688 189.528423
103.572522 279.187226
237.389182 283.620858
366.983505 287.904575
492.579851 292.068780
614.227225 296.093559
732.128503 299.906926
846.425201 303.703506
109.119931 402.661084
241.762600 405.012096
369.959989 407.307103
494.258602 409.537302
614.744837 411.724249
731.501890 413.763235
844.823090 415.842038
114.768682 523.567943
245.917198 524.034411
372.912801 524.458604
495.900257 524.860053
615.284574 525.182675
730.927848 525.610851
843.168339 525.923623
120.341378 642.241898
250.071676 640.789734
375.786538 639.404689
497.609851 638.037253
615.805851 636.614125
730.448294 635.308678
841.658909 634.062914
125.826997 758.513909
254.158615 755.217882
378.655026 751.983259
499.267374 749.000900
616.340162 745.926462
729.889762 743.003175
840.097680 740.284577
135.901665 207.887162
283.999617 216.851465
424.098381 225.286437
557.121568 233.351387
683.347338 241.061460
803.311800 248.224946
917.554457 255.098331
150.816417 337.076750
293.259419 342.339015
428.245188 347.414897
556.434723 352.062773
678.382202 356.538820
794.559399 360.738978
905.267040 364.795902
164.974001 457.057562
301.850366 459.098348
431.994205 460.961597
555.819605 462.763258
673.816027 464.493575
786.388295 466.043555
893.792558 467.545100
177.954497 568.671062
309.968495 567.843629
435.425430 567.030702
555.240547 566.308076
669.525620 565.595080
778.639015 564.782595
883.017221 564.183329
190.128969 672.582885
317.463649 669.421552
438.854108 666.213412
554.597310 663.279022
665.516535 660.394285
771.339229 657.716042
872.808701 655.075051
201.594671 769.931734
324.572853 764.559122
441.873695 759.377315
554.180380 754.450093
661.646623 749.631125
764.627644 745.146239
863.300825 740.854209
212.387759 861.045572
331.113848 853.770809
444.845543 846.775121
553.699496 840.197520
658.100652 833.758140
758.130790 827.597771
854.242930 821.800177
116.612834 278.249383
241.113616 280.510033
363.635506 282.673584
484.593781 284.966439
603.887239 287.114714
721.623107 289.233910
837.664188 291.367033
110.146959 394.908398
235.742076 396.324681
359.362581 397.773204
481.315841 399.245450
601.663002 400.615680
720.294253 401.994152
837.207152 403.359628
103.691822 513.547497
230.237707 514.152843
354.967672 514.797882
478.066995 515.425184
599.336842 515.980401
718.876421 516.481338
836.768656 517.108887
97.011037 634.211829
224.876702 633.910451
350.654717 633.646811
474.672888 633.419629
596.931614 633.145314
717.458636 632.874811
836.334194 632.696223
90.295874 756.821645
219.222453 755.631476
346.094277 754.562623
471.192485 753.422014
594.491380 752.245881
716.038390 751.187911
835.767249 750.162986
83.623247 881.646470
213.566371 879.471578
341.561159 877.495939
467.691754 875.481114
592.076341 873.420431
714.650850 871.446592
835.396948 869.519435
76.559699 1008.531893
207.781919 1005.347271
337.015794 1002.328042
464.235825 999.543158
589.578545 996.560283
713.179818 993.662914
834.921010 990.857986
242.069352 168.898284
363.567045 177.558916
479.524327 185.673590
590.448015 193.650833
696.646412 201.184891
798.520730 208.405622
896.192369 215.319227
232.446049 262.411173
357.867887 269.059031
477.558172 275.439872
591.829166 281.546199
701.161987 287.429513
805.749825 292.985423
905.924355 298.296455
222.072939 362.024403
351.787435 366.537725
475.335983 370.812217
593.336026 374.928658
705.843668 378.845615
813.395289 382.501071
916.346969 386.134192
210.965757 468.602982
345.442416 470.531112
473.178541 472.399329
594.798215 474.135581
710.769437 475.933156
821.486911 477.529072
927.340695 479.140284
199.146118 582.697896
338.432602 581.667874
470.570013 580.868218
596.373224 580.040548
716.067813 579.200828
830.093346 578.498358
938.884809 577.811136
186.535230 705.111235
330.953573 700.796562
468.126910 696.865661
598.104431 693.051080
721.746050 689.390512
839.303743 686.008326
951.355132 682.741063
172.815653 836.837145
323.024900 828.805855
465.390695 821.100412
599.997193 813.922545
727.750484 807.025638
849.046138 800.576682
964.455856 794.452157
996.956382 412.033903
1089.932237 408.406917
1188.807493 404.773463
1294.497325 400.729078
1407.308445 396.542349
1528.233368 391.916044
1658.103494 386.943218
1008.641126 504.507163
1100.085835 503.930408
1197.145122 503.340584
1300.714573 502.648207
1411.121467 501.869303
1529.344156 501.096045
1656.081516 500.305023
1019.902671 593.555390
1109.789254 595.551042
1205.195818 597.718887
1306.640401 600.031469
1414.893053 602.576143
1530.443741 605.150950
1654.253849 608.067345
1030.715214 678.928610
1119.112630 683.412146
1212.824332 688.271812
1312.439628 693.406402
1418.474355 698.764644
1531.505329 704.632645
1652.371993 710.820870
1041.187739 761.128754
1128.158604 767.943984
1220.250586 775.179546
1317.980008 782.767777
1421.872740 790.957543
1532.544241 799.657171
1650.634658 808.966823
1051.183274 840.296016
1136.732669 849.235014
1227.269938 858.665588
1323.200655 868.629738
1425.080034 879.304954
1533.444391 890.639774
1648.906437 902.727685
1060.876935 916.533992
1145.049134 927.307321
1234.025164 938.796776
1328.306664 951.013233
1428.134193 963.960283
1534.263153 977.638040
1647.278709 992.317957
1039.288008 235.803190
1127.712150 227.440177
1221.411347 218.693457
1321.083987 209.398631
1427.022556 199.491034
1540.121454 188.955532
1660.961116 177.650162
1035.503307 325.217653
1124.320326 319.562403
1218.460186 313.500321
1318.603934 307.136965
1425.174985 300.269780
1538.927882 293.043874
1660.498956 285.353362
1031.681078 415.840587
1120.887443 412.728486
1215.519662 409.521033
1316.139975 406.075054
1423.352244 402.497336
1537.700034 398.531072
1660.137184 394.505906
1027.810633 507.307188
1117.431918 506.918286
1212.515520 506.653508
1313.641895 506.340741
1421.424639 505.918370
1536.497133 505.572835
1659.707951 505.114270
1023.978315 599.870836
1113.991494 602.280837
1209.469396 604.961780
1311.171300 607.689593
1419.488164 610.694809
1535.299033 613.833591
1659.278470 617.315923
1020.019445 693.510770
1110.347728 698.825750
1206.406151 704.492374
1308.503295 710.403302
1417.525151 716.876015
1534.053252 723.744292
1658.826787 731.140396
1016.047919 788.191920
1106.797217 796.309212
1203.291314 805.059623
1306.026951 814.417777
1415.558469 824.355802
1532.824340 835.028084
1658.397486 846.521139
1069.149382 182.781032
1154.213887 173.457900
1244.097338 163.703022
1339.426396 153.393523
1440.430063 142.430393
1547.941282 130.780471
1662.355020 118.373032
1059.238386 260.936047
1145.491963 253.796646
1236.787587 246.145336
1333.645161 238.138102
1436.529264 229.519262
1545.990264 220.466002
1662.644622 210.848923
1048.929763 341.979644
1136.471912 336.968004
1229.223455 331.742891
1327.697621 326.137126
1432.423400 320.248327
1543.933735 313.839081
1663.107430 307.228356
1038.290812 425.849336
1127.148046 423.171986
1221.389379 420.517970
1321.495125 417.599320
1428.102816 414.486397
1541.849569 411.289991
1663.477037 407.718253
1027.310635 512.833029
1117.505466 512.747799
1213.132690 512.805782
1315.108278 512.707929
1423.641388 512.738218
1539.743537 512.702073
1663.919323 512.795296
1015.874229 602.997006
1107.297856 605.730844
1204.708214 608.722743
1308.276251 611.761295
1418.968161 615.187543
1537.398955 618.719054
1664.295781 622.584342
1004.006723 696.572342
1096.934863 702.267488
1195.836549 708.379621
1301.386508 714.927232
1414.081300 721.884807
1535.028836 729.373378
1664.776690 737.435157
1148.367052 257.678189
1239.207618 252.131544
1334.001791 246.379073
1433.258262 240.441679
1537.004416 234.184948
1645.990307 227.620610
1760.239690 220.730923
1140.679947 334.056055
1233.602413 330.150658
1330.745955 326.015260
1432.553972 321.786289
1539.198965 317.271630
1651.132741 312.627586
1768.734544 307.719157
1132.532931 414.411425
1227.737165 412.177207
1327.356545 409.938907
1431.851017 407.570724
1541.433062 405.139136
1656.589083 402.457347
1777.872901 399.838713
1124.069590 498.902928
1221.575398 498.580923
1323.782030 498.419208
1431.052380 498.141844
1543.721247 497.920625
1662.389086 497.746560
1787.408997 497.432675
1115.135071 587.916892
1215.110199 589.722817
1319.864362 591.872767
1430.271003 593.945809
1546.187651 596.257486
1668.672264 598.614000
1797.602205 601.203607
1105.710540 681.789011
1208.084213 686.091170
1315.908517 690.714414
1429.255280 695.441779
1548.787407 700.626695
1675.157150 705.986677
1808.525244 711.636171
1095.681534 780.944504
1200.818467 787.915378
1311.558745 795.302157
1428.447646 803.163345
1551.549761 811.472987
1682.018902 820.198965
1820.097002 829.498207
1151.626529 377.967199
1256.976800 375.614828
1365.947071 373.308245
1478.953351 370.912675
1595.997465 368.470992
1717.526567 365.858922
1843.639867 363.203637
1151.189220 479.552407
1256.377085 479.085811
1365.341434 478.543615
1478.193210 478.063237
1595.057253 477.509040
1716.453327 476.973891
1842.491601 476.528086
1150.715792 581.100814
1255.776282 582.351795
1364.683810 583.657892
1477.356301 584.992205
1594.178403 586.485921
1715.410457 587.838817
1841.429667 589.485617
1150.284452 682.352189
1255.297771 685.316942
1363.979602 688.488623
1476.567347 691.737964
1593.276877 695.083538
1714.316276 698.565702
1839.933808 702.149367
1149.900977 783.440026
1254.755212 788.155977
1363.293323 793.106369
1475.773505 798.218588
1592.334055 803.582755
1713.319393 809.061401
1838.722296 814.838746
1149.458915 884.335912
1254.187266 890.844802
1362.668209 897.575353
1474.918336 904.600722
1591.312931 911.902678
1712.188362 919.407555
1837.479431 927.230405
1149.051770 984.952165
1253.615028 993.182587
1361.937645 1001.747019
1474.177316 1010.703632
1590.299516 1019.666195
1711.001570 1029.267399
1836.521835 1039.621232
1079.391678 257.480252
1185.833378 250.304323
1297.909806 242.932370
1416.406038 235.042269
1541.414073 226.791669
1673.666792 217.966326
1813.937239 208.614612
1089.367987 358.465573
1192.936728 354.239825
1301.726991 349.739778
1416.479711 344.970239
1537.358029 339.890797
1665.140657 334.605434
1800.296910 329.027045
1098.918109 453.928832
1199.641257 452.066871
1305.423785 450.106910
1416.586807 448.027480
1533.717453 445.971500
1657.208272 443.651342
1787.665254 441.304604
1107.849369 543.912991
1205.941667 544.244237
1308.743843 544.680833
1416.781321 545.139917
1530.335318 545.495735
1649.779213 545.940108
1775.746332 546.386052
1116.421341 629.040082
1211.965942 631.385314
1312.039419 633.828088
1416.929250 636.352239
1527.141227 639.084753
1642.881122 641.914889
1764.676430 644.869722
1124.421860 709.786045
1217.611162 713.924322
1315.011777 718.151995
1417.021449 722.594334
1523.970659 727.347457
1636.320076 732.246559
1754.229172 737.432397
1132.091722 786.372722
1222.910454 791.972636
1317.820998 797.850729
1417.158620 804.096591
1521.077179 810.615244
1630.094003 817.361331
1744.479019 824.549304
1140.796543 88.117867
1249.428049 80.406054
1361.993699 72.538571
1479.007312 64.400347
1599.951760 55.883244
1725.971084 47.110148
1857.006531 37.208136
1141.505531 195.316629
1249.193568 189.712757
1360.774184 183.795841
1476.575615 177.751745
1596.542568 171.425436
1721.220273 164.909574
1850.500384 158.120139
1142.151294 300.904331
1248.951610 297.084420
1359.645881 293.188021
1474.288203 289.102019
1593.126741 285.024856
1716.541691 280.581162
1844.876805 276.172753
1142.816693 404.545418
1248.714514 402.575471
1358.374006 400.629710
1471.997564 398.609499
1589.745298 396.451682
1711.982579 394.251670
1838.791345 391.937111
1143.575752 506.471996
1248.557626 506.328007
1357.238030 506.179577
1469.790196 506.023176
1586.472008 505.961880
1707.548109 505.778477
1833.107104 505.625079
1144.196362 606.773073
1248.261104 608.373503
1356.049022 609.960878
1467.547378 611.689593
1583.120655 613.549592
1703.096587 615.350955
1827.497400 617.291871
1144.851365 705.349758
1248.033365 708.529467
1354.841296 711.881667
1465.465051 715.455004
1579.940240 719.126886
1698.670129 722.808377
1821.910102 726.814699
